Gesture,Participant,Row,index,FrameCount,Head.pos.x,Head.pos.y,Head.pos.z,Head.rot.w,Head.rot.x,Head.rot.y,Head.rot.z,IndexDistalJoint.pos.x,IndexDistalJoint.pos.y,IndexDistalJoint.pos.z,IndexDistalJoint.rot.w,IndexDistalJoint.rot.x,IndexDistalJoint.rot.y,IndexDistalJoint.rot.z,IndexKnuckle.pos.x,IndexKnuckle.pos.y,IndexKnuckle.pos.z,IndexKnuckle.rot.w,IndexKnuckle.rot.x,IndexKnuckle.rot.y,IndexKnuckle.rot.z,IndexMetacarpal.pos.x,IndexMetacarpal.pos.y,IndexMetacarpal.pos.z,IndexMetacarpal.rot.w,IndexMetacarpal.rot.x,IndexMetacarpal.rot.y,IndexMetacarpal.rot.z,IndexMiddleJoint.pos.x,IndexMiddleJoint.pos.y,IndexMiddleJoint.pos.z,IndexMiddleJoint.rot.w,IndexMiddleJoint.rot.x,IndexMiddleJoint.rot.y,IndexMiddleJoint.rot.z,IndexTip.pos.x,IndexTip.pos.y,IndexTip.pos.z,IndexTip.rot.w,IndexTip.rot.x,IndexTip.rot.y,IndexTip.rot.z,MiddleDistalJoint.pos.x,MiddleDistalJoint.pos.y,MiddleDistalJoint.pos.z,MiddleDistalJoint.rot.w,MiddleDistalJoint.rot.x,MiddleDistalJoint.rot.y,MiddleDistalJoint.rot.z,MiddleKnuckle.pos.x,MiddleKnuckle.pos.y,MiddleKnuckle.pos.z,MiddleKnuckle.rot.w,MiddleKnuckle.rot.x,MiddleKnuckle.rot.y,MiddleKnuckle.rot.z,MiddleMetacarpal.pos.x,MiddleMetacarpal.pos.y,MiddleMetacarpal.pos.z,MiddleMetacarpal.rot.w,MiddleMetacarpal.rot.x,MiddleMetacarpal.rot.y,MiddleMetacarpal.rot.z,MiddleMiddleJoint.pos.x,MiddleMiddleJoint.pos.y,MiddleMiddleJoint.pos.z,MiddleMiddleJoint.rot.w,MiddleMiddleJoint.rot.x,MiddleMiddleJoint.rot.y,MiddleMiddleJoint.rot.z,MiddleTip.pos.x,MiddleTip.pos.y,MiddleTip.pos.z,MiddleTip.rot.w,MiddleTip.rot.x,MiddleTip.rot.y,MiddleTip.rot.z,Palm.pos.x,Palm.pos.y,Palm.pos.z,Palm.rot.w,Palm.rot.x,Palm.rot.y,Palm.rot.z,PinkyDistalJoint.pos.x,PinkyDistalJoint.pos.y,PinkyDistalJoint.pos.z,PinkyDistalJoint.rot.w,PinkyDistalJoint.rot.x,PinkyDistalJoint.rot.y,PinkyDistalJoint.rot.z,PinkyKnuckle.pos.x,PinkyKnuckle.pos.y,PinkyKnuckle.pos.z,PinkyKnuckle.rot.w,PinkyKnuckle.rot.x,PinkyKnuckle.rot.y,PinkyKnuckle.rot.z,PinkyMetacarpal.pos.x,PinkyMetacarpal.pos.y,PinkyMetacarpal.pos.z,PinkyMetacarpal.rot.w,PinkyMetacarpal.rot.x,PinkyMetacarpal.rot.y,PinkyMetacarpal.rot.z,PinkyMiddleJoint.pos.x,PinkyMiddleJoint.pos.y,PinkyMiddleJoint.pos.z,PinkyMiddleJoint.rot.w,PinkyMiddleJoint.rot.x,PinkyMiddleJoint.rot.y,PinkyMiddleJoint.rot.z,PinkyTip.pos.x,PinkyTip.pos.y,PinkyTip.pos.z,PinkyTip.rot.w,PinkyTip.rot.x,PinkyTip.rot.y,PinkyTip.rot.z,RingDistalJoint.pos.x,RingDistalJoint.pos.y,RingDistalJoint.pos.z,RingDistalJoint.rot.w,RingDistalJoint.rot.x,RingDistalJoint.rot.y,RingDistalJoint.rot.z,RingKnuckle.pos.x,RingKnuckle.pos.y,RingKnuckle.pos.z,RingKnuckle.rot.w,RingKnuckle.rot.x,RingKnuckle.rot.y,RingKnuckle.rot.z,RingMetacarpal.pos.x,RingMetacarpal.pos.y,RingMetacarpal.pos.z,RingMetacarpal.rot.w,RingMetacarpal.rot.x,RingMetacarpal.rot.y,RingMetacarpal.rot.z,RingMiddleJoint.pos.x,RingMiddleJoint.pos.y,RingMiddleJoint.pos.z,RingMiddleJoint.rot.w,RingMiddleJoint.rot.x,RingMiddleJoint.rot.y,RingMiddleJoint.rot.z,RingTip.pos.x,RingTip.pos.y,RingTip.pos.z,RingTip.rot.w,RingTip.rot.x,RingTip.rot.y,RingTip.rot.z,ThumbDistalJoint.pos.x,ThumbDistalJoint.pos.y,ThumbDistalJoint.pos.z,ThumbDistalJoint.rot.w,ThumbDistalJoint.rot.x,ThumbDistalJoint.rot.y,ThumbDistalJoint.rot.z,ThumbMetacarpalJoint.pos.x,ThumbMetacarpalJoint.pos.y,ThumbMetacarpalJoint.pos.z,ThumbMetacarpalJoint.rot.w,ThumbMetacarpalJoint.rot.x,ThumbMetacarpalJoint.rot.y,ThumbMetacarpalJoint.rot.z,ThumbProximalJoint.pos.x,ThumbProximalJoint.pos.y,ThumbProximalJoint.pos.z,ThumbProximalJoint.rot.w,ThumbProximalJoint.rot.x,ThumbProximalJoint.rot.y,ThumbProximalJoint.rot.z,ThumbTip.pos.x,ThumbTip.pos.y,ThumbTip.pos.z,ThumbTip.rot.w,ThumbTip.rot.x,ThumbTip.rot.y,ThumbTip.rot.z,Timestamp,Wrist.pos.x,Wrist.pos.y,Wrist.pos.z,Wrist.rot.w,Wrist.rot.x,Wrist.rot.y,Wrist.rot.z,Temporality,Handedness
Nummer3,21,0,0,1,0.0,0.0,0.0,-1.0,0.0,0.0,0.0,-0.007765104319736826,0.04434187285608311,0.41009521700517126,-0.28254981852794575,-0.012573535661467393,0.5890259774193828,0.7570045602081508,0.014672543187919522,-0.016459050834281824,0.3972096609550593,-0.291852758518198,0.025261758098479928,0.6338575322319938,0.715827101859003,0.04271571426620563,-0.07097979524748857,0.37722801423854047,-0.33462759694681193,-0.055963738303036664,0.5784183412660435,0.7418386979955887,0.0012291457544280175,0.02068133100337777,0.4050699896630743,-0.27783401539039576,0.002822839793104926,0.63452817576936,0.7212310903048758,-0.015935047431562703,0.06505180573315687,0.41843337985898005,-0.28254981852794575,-0.012573535661467393,0.5890259774193828,0.7570045602081508,-0.04943912120529874,0.025666135552694938,0.3986146935503488,-0.30774671687106264,-0.16998961451138764,0.6688336403697824,0.6550244657438807,-0.0008039821081108778,-0.030311280769509202,0.4086754306450069,-0.3135173345202664,-0.1607958479245291,0.7365949490055542,0.5773036093296525,0.030887179582636506,-0.08260785628645781,0.38242485074872673,-0.33462759694681193,-0.055963738303036664,0.5784183412660435,0.7418386979955887,-0.030319184277044477,0.003859030615589419,0.40243731347935735,-0.3105628870560759,-0.1709484902210454,0.7321936365501215,0.5815666646826044,-0.06628984825637288,0.0460144176432121,0.40112170926927293,-0.30774671687106264,-0.16998961451138764,0.6688336403697824,0.6550244657438807,0.02294806244464479,-0.07264656158521154,0.39368029533986426,-0.33462759694681193,-0.055963738303036664,0.5784183412660435,0.7418386979955887,-0.025598090973858054,-0.06230449927395365,0.36395341912628876,0.3904247938771668,-0.2970030812448051,0.5478426698031184,-0.6776622013953966,-0.02711591640062478,-0.0664335549055364,0.4038312667307565,-0.09627260110008752,-0.3614954862527021,0.8822939114863427,0.28567473365783586,0.006572531798985521,-0.09792441462155763,0.38889577687444304,-0.25049872558412,-0.2841678210074831,0.5149683371731084,0.7689646608874523,-0.03939545553362696,-0.05225983654610573,0.37713982511460165,0.2004465002065602,-0.4060475637395747,0.8005196039408977,-0.39257475752066084,-0.005871406967500487,-0.07408860461175074,0.3678999342347123,0.3904247938771668,-0.2970030812448051,0.5478426698031184,-0.6776622013953966,-0.0226930603579542,-0.04658549963297748,0.3621675631949059,0.304412062898758,-0.31654257786811485,0.4989146780982633,-0.7471400379690796,-0.01484681101276639,-0.04735458187476073,0.408684692950712,-0.20699958759923248,-0.3085928017373232,0.8732097585789971,0.31531947445736097,0.014326249808729949,-0.09292747411813099,0.3897900456430898,-0.33462759694681193,-0.055963738303036664,0.5784183412660435,0.7418386979955887,-0.03787435497970153,-0.029842526188933828,0.37905999631922965,0.12724945156478656,-0.38764593089332783,0.8056481578069309,-0.42949884186177384,-0.002559970531761647,-0.061616554977694554,0.36840613741298783,0.304412062898758,-0.31654257786811485,0.4989146780982633,-0.7471400379690796,0.0642884813098506,0.0025168532514895925,0.37280667332222406,-0.351282232089788,0.608834712413537,0.34934981362607104,0.6195771090814859,0.0515427666023045,-0.06638565689724948,0.3683614218336402,-0.43153422558046367,0.5448958910680026,0.45149115030201215,0.5594840670196451,0.05913962818546463,-0.03270859859465912,0.36830953570612107,-0.42935972405125844,0.45298278573511214,0.4818074992212749,0.6150758952230416,0.07850920118768717,0.024426524339492856,0.37390452257035267,-0.351282232089788,0.608834712413537,0.34934981362607104,0.6195771090814859,13,0.046699109742430314,-0.1149828649020137,0.37868418025207984,-0.33462759694681193,-0.055963738303036664,0.5784183412660435,0.7418386979955887,Static,Right
Nummer3,21,1,1,2,0.0,0.0,0.0,-1.0,3.469446951953615e-18,0.0,1.7347234759768075e-18,-0.007819113628002375,0.04596261494782612,0.4092925279640837,-0.28352751059972253,-0.012068177321765164,0.5922017853576358,0.754164143438604,0.01476340419071442,-0.014890716123690837,0.39691604593292173,-0.2926234763695247,0.025762323638524206,0.6368735463775994,0.7128112581059435,0.04292491248315505,-0.06949345901379371,0.37733260735405794,-0.3358145019193749,-0.055240556400926996,0.5810722866850517,0.7392780930581964,0.001231237248457159,0.02228221175575145,0.4044654903970298,-0.27870500582149826,0.003260408010227904,0.637548954270154,0.7182229600748493,-0.016038519136309277,0.06672193586864314,0.41745576518938493,-0.28352751059972253,-0.012068177321765164,0.5922017853576358,0.754164143438604,-0.04946408567996906,0.027069572572459243,0.3979813822399096,-0.3092922908325241,-0.1696976154837828,0.671229092302494,0.6519144911546741,-0.0006764022738305932,-0.028692370306272804,0.40849170574831956,-0.31491985925656446,-0.1605657902131553,0.7386832773539481,0.5739260623256979,0.03112617852593136,-0.08111049576202911,0.38262172402858896,-0.3358145019193749,-0.055240556400926996,0.5810722866850517,0.7392780930581964,-0.03028467518324069,0.005346080666215947,0.4019795406156337,-0.3120101610638668,-0.17072845386000865,0.7342920511056236,0.5782012090255151,-0.06637007162140807,0.04739108082861542,0.400324005885064,-0.3092922908325241,-0.1696976154837828,0.671229092302494,0.6519144911546741,0.02316880425948465,-0.07108385863610829,0.39380580024116896,-0.3358145019193749,-0.055240556400926996,0.5810722866850517,0.7392780930581964,-0.025387259345280383,-0.06110754750642875,0.3640150381587072,0.39001111454707804,-0.29907232590323835,0.5446309276358446,-0.6795765056791565,-0.026906087177194823,-0.06491115064671298,0.4039293960787366,-0.09794527837542935,-0.3620757930808185,0.8830939430986126,0.2818739614994629,0.006850358091622525,-0.09643514322423782,0.3892182556475702,-0.25256384724987174,-0.28367999509700287,0.5174733906043969,0.7667844895800235,-0.03920802504472507,-0.05098482689361502,0.3771181846844837,0.1992583664260169,-0.40768747125558963,0.7984727160224716,-0.3956366400602396,-0.005636659541967915,-0.07281726852538073,0.36806753246070284,0.39001111454707804,-0.29907232590323835,0.5446309276358446,-0.6795765056791565,-0.022509683175567924,-0.045402053802613654,0.3621130118952371,0.3043017422643395,-0.31829425973659864,0.49519734519147524,-0.7489117459280052,-0.014679571045075106,-0.04576821550753403,0.40863492246036504,-0.2085505573593688,-0.3090173794666961,0.8740921944275682,0.3114125235976076,0.014593363051591571,-0.09141391116260092,0.39007218291208684,-0.3358145019193749,-0.055240556400926996,0.5810722866850517,0.7392780930581964,-0.03774583267132135,-0.02856205898713874,0.37886039990524717,0.1264274616254641,-0.38920608916987326,0.803295332589706,-0.43272546231950365,-0.0023382907451132253,-0.06032173984041697,0.36849113152017154,0.3043017422643395,-0.31829425973659864,0.49519734519147524,-0.7489117459280052,0.06434676856398085,0.004013726823912654,0.372368163248896,-0.3496393465697212,0.6099686427825788,0.3519248793208063,0.6179315993435787,0.051735231378579875,-0.06494556323328732,0.368427646324914,-0.4303184367656122,0.5460365078222154,0.4541283455312231,0.5571692928455352,0.05924913929851349,-0.0312507139011577,0.3681248604998762,-0.4283103919609627,0.4542872009902574,0.48424595981781055,0.6129267472992279,0.07853619226857586,0.025951710278955514,0.37330273580239187,-0.3496393465697212,0.6099686427825788,0.3519248793208063,0.6179315993435787,30,0.04701401079279992,-0.1134753469659438,0.3791198947340184,-0.3358145019193749,-0.055240556400926996,0.5810722866850517,0.7392780930581964,Static,Right
Nummer3,21,2,2,3,0.0,0.0,0.0,-1.0,0.0,1.734723475976807e-18,0.0,-0.0077244610667836534,0.04733447858207114,0.40761009526579595,-0.2842607992416282,-0.010237871791442414,0.596426524543831,0.7505773676419104,0.014894923751552068,-0.013638793212763185,0.3959153363083261,-0.29314469027762063,0.027610930861553452,0.6408423315384721,0.7089604595231892,0.043106981137760195,-0.06838390480336318,0.37682188557332147,-0.3371540509686429,-0.05346316626792564,0.5844072287060755,0.7361637228253827,0.0013407261440133052,0.02360723999149735,0.4030482452354689,-0.2793610102354534,0.005028770148398253,0.6415565807224107,0.7143789548711457,-0.015953285399239365,0.06818158922205447,0.4155396623453957,-0.2842607992416282,-0.010237871791442414,0.596426524543831,0.7505773676419104,-0.04937404809636796,0.02821365746761955,0.39650266216114793,-0.31092625334958524,-0.16814811471114507,0.6747970565550507,0.6478425803864061,-0.0005031328768319993,-0.02735096763765666,0.40765138852405763,-0.3164240649828401,-0.15910143329162246,0.7418852527889697,0.569358249890641,0.031338066775854656,-0.07996774764165966,0.3822490845598874,-0.3371540509686429,-0.05346316626792564,0.5844072287060755,0.7361637228253827,-0.030161900553378387,0.006566781351585199,0.40074978085544677,-0.3135738270648937,-0.1692812748030509,0.7375206670472151,0.5736537027328953,-0.06630693698765919,0.04853896674341024,0.39861948965498006,-0.31092625334958524,-0.16814811471114507,0.6747970565550507,0.6478425803864061,0.02338843416481322,-0.06984689944646738,0.3933471105627106,-0.3371540509686429,-0.05346316626792564,0.5844072287060755,0.7361637228253827,-0.02521245814293236,-0.060269408311286285,0.36348695235069767,0.38811016866120945,-0.30274215062102056,0.5426940698677363,-0.68058859360815,-0.026681079315022185,-0.06365555499976296,0.4034898764495309,-0.10035278369280531,-0.36228323305698446,0.8842924565264705,0.27696033864303404,0.007104497560142638,-0.0952683362025626,0.38903703099141274,-0.2550061242843139,-0.28223703953167295,0.5208250106653645,0.7642351983253016,-0.03901669328518595,-0.050048822941902084,0.37653095360968647,0.19666479984980909,-0.40980578772089776,0.7965332353151597,-0.39864392368234236,-0.005421513704877522,-0.07191232223422855,0.3675312297438523,0.38811016866120945,-0.30274215062102056,0.5426940698677363,-0.68058859360815,-0.022366575642128038,-0.04457947329668277,0.3614230366476871,0.30281720642209886,-0.32129244948185676,0.4924969858320536,-0.750013080117278,-0.014478311067478591,-0.044446375327807354,0.40798569444265204,-0.21084890607754558,-0.3088629535472568,0.8753017878823603,0.3065830961777101,0.01484018256338444,-0.09022606187228464,0.38982888268765326,-0.3371540509686429,-0.05346316626792564,0.5844072287060755,0.7361637228253827,-0.03760393620191066,-0.02761618342417749,0.3780444867911776,0.12424153050653161,-0.3910919736119492,0.8009826799994929,-0.435933316706277,-0.0021447787060022705,-0.05941237760064806,0.3678461930822995,0.30281720642209886,-0.32129244948185676,0.4924969858320536,-0.750013080117278,0.06443569529252305,0.005098894999027364,0.37117527218951163,-0.3473234704875554,0.6120198851950363,0.3541183798239102,0.6159531151355792,0.05188878695814676,-0.06390639148123327,0.36785234606545525,-0.42892205541938744,0.5479098297525151,0.4568548551465809,0.554169947005767,0.05932285063203865,-0.030198762714363128,0.367236528554024,-0.4267783689066468,0.4566678956454268,0.4863788556872178,0.6105327719791561,0.07863152240018167,0.027040422510393285,0.3719007769775282,-0.3473234704875554,0.6120198851950363,0.3541183798239102,0.6159531151355792,47,0.04727900181291596,-0.1123428074353442,0.3790428072014024,-0.3371540509686429,-0.05346316626792564,0.5844072287060755,0.7361637228253827,Static,Right
Nummer3,21,3,3,4,0.0,0.0,0.0,-1.0,0.0,0.0,0.0,-0.007746524879528024,0.04742471805116749,0.40683544121801646,-0.2846741406779478,-0.009569024128033133,0.5979738122542787,0.74919716181029,0.0149000930140809,-0.013585203927179077,0.39539194524095794,-0.2934783759350033,0.028277945203254835,0.6422957267138018,0.7074793284038934,0.04314735033648502,-0.0683662524035762,0.3764600089800126,-0.33785145447008813,-0.05287185523716529,0.5855070133511617,0.7350119039531462,0.0013288906035871968,0.023683037216452832,0.40237127623995206,-0.27974427183529055,0.005665906863299919,0.6430233628840418,0.71290391684999,-0.01598227291121959,0.06830161220117072,0.41467847373153116,-0.2846741406779478,-0.009569024128033133,0.5979738122542787,0.74919716181029,-0.04939566424374146,0.02819875717055375,0.395797376648653,-0.311659815947747,-0.16766052442886445,0.676111864533461,0.6462436493372617,-0.0004749481237035155,-0.027272453478028834,0.40718822163413393,-0.3170926058248475,-0.158662715809826,0.7430675638835069,0.5675641086672842,0.031394450605659,-0.07994285909453419,0.3819391588629795,-0.33785145447008813,-0.05287185523716529,0.5855070133511617,0.7350119039531462,-0.03016388112970666,0.0065878131546735705,0.40013860366382054,-0.31426707520747516,-0.16884740189203887,0.7387109770674661,0.5718678629498926,-0.06634482977500686,0.0485181852661246,0.39782925230003807,-0.311659815947747,-0.16766052442886445,0.676111864533461,0.6462436493372617,0.02344787652350754,-0.06979330053207672,0.3930097458096651,-0.33785145447008813,-0.05287185523716529,0.5855070133511617,0.7350119039531462,-0.025179064827451587,-0.06037837281234003,0.3631292046351396,0.3874106070702654,-0.3043885291540656,0.5423192772495982,-0.6805515751009223,-0.026619658144118714,-0.0636169380296325,0.4031725820055528,-0.10131979163726973,-0.3625541132290211,0.8846294822452603,0.27517175353909606,0.007185230030120967,-0.09524608932515213,0.38880047263175926,-0.2560838168707365,-0.2817428579005552,0.5218929730474793,0.7633280850608116,-0.03897537590463254,-0.0501332571307055,0.3761616750967051,0.19568855914823177,-0.41081084760657227,0.7958461391615401,-0.39946133491106384,-0.005363895646664311,-0.07199111722306709,0.3671447257206159,0.3874106070702654,-0.3043885291540656,0.5423192772495982,-0.6805515751009223,-0.02235317713457801,-0.04469290002264331,0.36100746051509264,0.3023283081440562,-0.32265095082376455,0.49180850280676713,-0.7500788989128007,-0.014431809559846675,-0.04438070835868717,0.40759238470855835,-0.21180110443699757,-0.3090113939290562,0.875636557837453,0.30481612352345594,0.014917452203487419,-0.09019329876262189,0.3895686879615366,-0.33785145447008813,-0.05287185523716529,0.5855070133511617,0.7350119039531462,-0.037591471695265125,-0.027697149786525564,0.3775945750861456,0.12343729669477906,-0.3920190161266599,0.8001549528143752,-0.436848230242948,-0.0021035041098443966,-0.05949145899189972,0.367422021827047,0.3023283081440562,-0.32265095082376455,0.49180850280676713,-0.7500788989128007,0.06441415861047609,0.0051142735320349655,0.3705881755301212,-0.34670394256399995,0.6127407439966707,0.3547783169200931,0.6152052524973526,0.051911824627349015,-0.06390988238539529,0.36746526681217684,-0.4287121140322872,0.5484649058241842,0.4578290450617139,0.552978060920246,0.05930140793314458,-0.03019384828608049,0.3667454910272571,-0.42642571771284554,0.45748235829479733,0.48699643845675833,0.6096765273918194,0.07860960625552221,0.02705869305994383,0.37124319899526714,-0.34670394256399995,0.6127407439966707,0.3547783169200931,0.6152052524973526,63,0.04736965351729203,-0.11231506848913628,0.37883229680550246,-0.33785145447008813,-0.05287185523716529,0.5855070133511617,0.7350119039531462,Static,Right
Nummer3,21,4,4,5,0.0,0.0,0.0,-1.0,0.0,0.0,0.0,-0.00786189618020679,0.046944889422544184,0.40700056565016807,-0.287087875606469,-0.009913623437167868,0.597251423303476,0.748847787679234,0.015006100727766224,-0.013959833301303851,0.3954307656368532,-0.2958863908754447,0.027806188463128618,0.6415780715792218,0.7071461218493273,0.04344959052163931,-0.06861471372688437,0.37646884526967106,-0.3402397083550095,-0.05331906805023079,0.585317264854211,0.7340284172321521,0.0013002253354918586,0.023245431276626732,0.4024871976260121,-0.28215443519322214,0.005205551742263227,0.6422796333379264,0.7126279881755636,-0.016164419651527717,0.06777956812823815,0.4148839651223928,-0.287087875606469,-0.009913623437167868,0.597251423303476,0.748847787679234,-0.049514392703113655,0.027478463528077007,0.3958604158619272,-0.3140859873333641,-0.16866023138053074,0.6757640357843934,0.64517182738545,-0.00027804062045935947,-0.027709153632815422,0.4072716197728077,-0.3192743931700794,-0.16001188538727312,0.7428711315034948,0.5662177499685127,0.03176915775096296,-0.0802431299493019,0.38199168941448697,-0.3402397083550095,-0.05331906805023079,0.585317264854211,0.7340284172321521,-0.030159929492521942,0.005979208805473835,0.40021009644818634,-0.31646364814452854,-0.1701855036166965,0.738496074709669,0.5705358896688257,-0.06656605371760804,0.04771097467726759,0.39789890408721873,-0.3140859873333641,-0.16866023138053074,0.6757640357843934,0.64517182738545,0.023813015593145078,-0.07012918456981049,0.39307664443583273,-0.3402397083550095,-0.05331906805023079,0.585317264854211,0.7340284172321521,-0.024914436856796607,-0.060986920260375464,0.36329145848652056,0.38781348577752867,-0.3066215603790058,0.5421341480388951,-0.6794663232934857,-0.026260289197616533,-0.06418043534148048,0.4033419594309964,-0.10299304835606714,-0.3639357745226864,0.8839898494672482,0.27478196820710243,0.007662835598661662,-0.09566126975471079,0.3889231922263113,-0.25856484911991384,-0.2820430446746609,0.521263355043119,0.7628108903518844,-0.0387236627161311,-0.05077889025293071,0.37634016610578264,0.19538416995296665,-0.41290102042052734,0.7949971318190694,-0.3991457551658677,-0.005041811852025577,-0.07251869343093072,0.3672517140291104,0.38781348577752867,-0.3066215603790058,0.5421341480388951,-0.6794663232934857,-0.022139957163789744,-0.04532509496391171,0.36112722194304037,0.3030918580277012,-0.32471230902739756,0.49110043643846374,-0.7493447826557292,-0.014154131088616666,-0.0448837702350702,0.4077199677236959,-0.21331823191310326,-0.31049881741361757,0.8751754220207464,0.3035684387564375,0.015372134385856951,-0.09057147216768832,0.38966986131827136,-0.3402397083550095,-0.05331906805023079,0.585317264854211,0.7340284172321521,-0.03742066417546218,-0.02836637335204909,0.3777121908762271,0.12332701653857704,-0.39419137340571697,0.7990710177332019,-0.4369085908322623,-0.0018149221491532896,-0.060034107846543866,0.367509641599594,0.3030918580277012,-0.32471230902739756,0.49110043643846374,-0.7493447826557292,0.06423292636632152,0.004997136350558984,0.37021683916417497,-0.3481553169053488,0.6136708537808649,0.35727260475958056,0.6120067355991313,0.05215370158470914,-0.06411617132999319,0.3674359802809138,-0.4302732830340628,0.5491445683910604,0.4597287670928868,0.5495039632440695,0.05933107120364586,-0.030359027792723703,0.36654467698946136,-0.42847988426817923,0.45814036390501545,0.48881313026684253,0.6062789122320177,0.07829046199673076,0.02703428635797734,0.3707182656795498,-0.3481553169053488,0.6136708537808649,0.35727260475958056,0.6120067355991313,77,0.04790509580492601,-0.11254824052998787,0.3788816399794596,-0.3402397083550095,-0.05331906805023079,0.585317264854211,0.7340284172321521,Static,Right
Nummer3,21,5,5,6,0.0,0.0,0.0,-1.0,0.0,0.0,0.0,-0.007815883030134264,0.046242858268706506,0.40662513464442845,-0.2878178124590611,-0.010478675228879318,0.5977303843683732,0.748177446732769,0.015180253553561049,-0.014626180982736537,0.3951215367363691,-0.296549176142065,0.02723466770791896,0.6419921040950756,0.7065146829924198,0.043701319534893146,-0.06923006590625914,0.3761325825643455,-0.34091181439204604,-0.05369474629078942,0.5851108345410978,0.7338537458726438,0.0013958759505138148,0.022557962502790206,0.40213685378867414,-0.28283352754119345,0.004624650739628196,0.642673834880743,0.7120071279585766,-0.016164987939857708,0.06706872415391352,0.414480640187537,-0.2878178124590611,-0.010478675228879318,0.5977303843683732,0.748177446732769,-0.0494323288577011,0.026678509359034534,0.39554894277078284,-0.3147655179307798,-0.16939671712852658,0.6755933276934543,0.6448263925460332,-7.856929658940463e-05,-0.028402753801018876,0.40696392060154957,-0.3198662529615702,-0.1608198860179729,0.7427117837442716,0.5658637210184919,0.03204102818553001,-0.08087839306550888,0.38165757840498227,-0.34091181439204604,-0.05369474629078942,0.5851108345410978,0.7338537458726438,-0.03003227285192377,0.0052205995755065775,0.39989975978539904,-0.31706027073372384,-0.17098984978237258,0.7383265808632105,0.570183405567455,-0.0665272474112513,0.046874826872769754,0.3975871573158897,-0.3147655179307798,-0.16939671712852658,0.6755933276934543,0.6448263925460332,0.024074288614842662,-0.07078113574607736,0.39274746642236236,-0.34091181439204604,-0.05369474629078942,0.5851108345410978,0.7338537458726438,-0.02465258437830083,-0.061739212567247403,0.3629493262868069,0.38794997868810555,-0.3073903322944182,0.5425672160520572,-0.6786949342033917,-0.026003770187620526,-0.064914188893592,0.40303307842200303,-0.10300918771114739,-0.3646226412949648,0.8838910660715739,0.27418245753700193,0.00796322402157559,-0.0963371290586725,0.38859337296191104,-0.25921583923085395,-0.2823509587989753,0.5208881233929887,0.7627323565086732,-0.03846570423807683,-0.05155385117981892,0.3760098053801229,0.19542749113503632,-0.4135450313964475,0.7948377582350495,-0.39877505037283556,-0.004757588126316865,-0.07324803475743936,0.3668650189366564,0.38794997868810555,-0.3073903322944182,0.5425672160520572,-0.6786949342033917,-0.021867586718103425,-0.04610967325583412,0.36081138827421516,0.3038261850630676,-0.32499194005813126,0.49023864938062317,-0.7494904634621692,-0.013926603823070312,-0.045598964228461575,0.4074121891466267,-0.21336074094678406,-0.3113324727787971,0.8751651482615646,0.30271314620345274,0.015664525471154392,-0.09123587508812299,0.3893392140379235,-0.34091181439204604,-0.05369474629078942,0.5851108345410978,0.7338537458726438,-0.037195481738643545,-0.029160588195475606,0.37736327858487256,0.12387937867191964,-0.39479590610879023,0.7983990523032578,-0.43743461836125674,-0.001521767738851148,-0.06077377735856507,0.36722946477171536,0.3038261850630676,-0.32499194005813126,0.49023864938062317,-0.7494904634621692,0.06437185527473671,0.004413332865721388,0.36995405955808175,-0.3489339105674202,0.6133116670507719,0.3572416711461876,0.6119414298053449,0.05239283915601732,-0.0647155768078871,0.3670967942281629,-0.4310981488089333,0.5485702652682113,0.4598571862670267,0.5493236007997911,0.0595112953095672,-0.03094427614799039,0.36624054442299864,-0.4291776304721877,0.4576502443464665,0.4886836667088609,0.6062599188828838,0.07840161307618124,0.02646713614875149,0.37047900697088926,-0.3489339105674202,0.6133116670507719,0.3572416711461876,0.6119414298053449,103,0.04822814795250746,-0.11315849030192443,0.3785319826126457,-0.34091181439204604,-0.05369474629078942,0.5851108345410978,0.7338537458726438,Static,Right
Nummer3,21,6,6,7,0.0,0.0,0.0,-1.0,0.0,0.0,0.0,-0.008212054518201119,0.04665670501075539,0.4058114146486388,-0.28777070472219074,-0.010369168298199094,0.5987415459027711,0.747388160906003,0.014857691792031441,-0.01423788986973918,0.39459058987850965,-0.2964191456715057,0.026910311049600018,0.6441658783634527,0.7046004870781952,0.043468706478077615,-0.06887378613907036,0.37584787714844464,-0.3411374036849621,-0.05390868425545915,0.5867366202720264,0.7324337949608062,0.0010052468039780174,0.022962074375303645,0.40138258259202797,-0.2827567721348223,0.004762394588883698,0.6435601319865225,0.711235744269905,-0.01657024666082653,0.0675005879766192,0.4136111359265005,-0.28777070472219074,-0.010369168298199094,0.5987415459027711,0.747388160906003,-0.04981566257175919,0.026991521942831522,0.39484492219065737,-0.3153722968051163,-0.16911427922996183,0.6757740435402635,0.6444145537196055,-0.0003980966258799769,-0.027989545344627113,0.4064668953414011,-0.3200748061009052,-0.16126962435564748,0.7440680828125324,0.5638323464464758,0.0318197875220588,-0.08051649894908829,0.3814076640669829,-0.3411374036849621,-0.05390868425545915,0.5867366202720264,0.7324337949608062,-0.030399225281746954,0.005551107519300186,0.3992063776025864,-0.31765797805311663,-0.17078014017566037,0.7384950294646206,0.5696952204089804,-0.06692228855395663,0.0471786647257067,0.3968746161993739,-0.3153722968051163,-0.16911427922996183,0.6757740435402635,0.6444145537196055,0.023830942200111768,-0.07038897513241145,0.39244927114044137,-0.3411374036849621,-0.05390868425545915,0.5867366202720264,0.7324337949608062,-0.02483164810135374,-0.061580059803560336,0.3625188526355016,0.3877814600404084,-0.3082644268682816,0.5411156966544378,-0.6795530775522113,-0.026268950531877826,-0.06455073953957559,0.4026457193164329,-0.10294285587850975,-0.3651603629148101,0.8845856316539927,0.2712359453516572,0.0077602262879889975,-0.09598313533936688,0.388373666722377,-0.2599517290704773,-0.2827003491753686,0.5223601786824736,0.761344504712688,-0.03867102257898644,-0.051350298877851815,0.37551671459317343,0.19522777105126468,-0.41407985229300914,0.7936515536506733,-0.40067593479422664,-0.004926790526212385,-0.07305514419825597,0.366482201225766,0.3877814600404084,-0.3082644268682816,0.5411156966544378,-0.6795530775522113,-0.022032941595215683,-0.0459853713983583,0.3603483037562642,0.3042479257334613,-0.3252010907249686,0.4874508219455671,-0.7510453691107934,-0.014224141553392529,-0.04520237317691486,0.4069646539961966,-0.21326116606876078,-0.3119050272718889,0.876031001599492,0.2996741784774022,0.015453366969883546,-0.09086843055726229,0.3891099543295624,-0.3411374036849621,-0.05390868425545915,0.5867366202720264,0.7324337949608062,-0.037436367730015636,-0.02897018528416586,0.37676080660650485,0.12429104780924712,-0.3952008603047275,0.7966506850538009,-0.4401314592848284,-0.0016799579348642218,-0.060578728747133936,0.36690453120903027,0.3042479257334613,-0.3252010907249686,0.4874508219455671,-0.7510453691107934,0.06400964590425341,0.004780860308043821,0.3694331051150223,-0.3476529618388679,0.6136937894739825,0.35826578024840716,0.6116886312403773,0.05215778975267108,-0.06437862294191359,0.3667992789322507,-0.43048251087155853,0.548580619828348,0.46157188483418643,0.5483570976225991,0.059208789126108746,-0.030597518952459934,0.3658336966781134,-0.4286513879427132,0.4576882979890234,0.49027538090658124,0.6053176524566283,0.07804892827814575,0.02683056544268143,0.36989727200488903,-0.3476529618388679,0.6136937894739825,0.35826578024840716,0.6116886312403773,123,0.0480609805821477,-0.11278842555652135,0.3784316684303303,-0.3411374036849621,-0.05390868425545915,0.5867366202720264,0.7324337949608062,Static,Right
Nummer3,21,7,7,8,0.0,0.0,0.0,-1.0,0.0,0.0,0.0,-0.008181427081205565,0.047793625539228335,0.40474558975945735,-0.2870397323129999,-0.010952526563123037,0.6033807112189604,0.7439220063719496,0.014997532041097978,-0.01318237989452321,0.39421422245270743,-0.29536523676509946,0.026698231644337777,0.64791724839907,0.7016051742716412,0.04360580066998979,-0.06787142313528896,0.37563973251443955,-0.34069119759303096,-0.05386361149138423,0.5878906639342809,0.7317190625497206,0.0010924141463076603,0.024067170845681763,0.40061643808363345,-0.2818143713840589,0.004181974405430755,0.6480515011159643,0.70752556354723,-0.016604889809619973,0.06870728363194474,0.4122841565890325,-0.2870397323129999,-0.010952526563123037,0.6033807112189604,0.7439220063719496,-0.04969300580997006,0.027942268438539565,0.39382269592556357,-0.3146217507385142,-0.17003475708384358,0.6790867218272701,0.6410480165974797,-0.00027844251444189387,-0.026898598985378542,0.4061048283342491,-0.319158625837613,-0.16174685606087832,0.7466187074985277,0.560835298212493,0.031947319358969745,-0.07949639672598892,0.3812170678581433,-0.34069119759303096,-0.05386361149138423,0.5878906639342809,0.7317190625497206,-0.030271676510440167,0.006568328149650809,0.398482714677269,-0.3165773595181277,-0.17166686209379334,0.7417493117474638,0.5657890264237762,-0.06683422345260707,0.04812366036342533,0.3955980865028453,-0.3146217507385142,-0.17003475708384358,0.6790867218272701,0.6410480165974797,0.023955527362083652,-0.06934167369747175,0.3922251524732164,-0.34069119759303096,-0.05386361149138423,0.5878906639342809,0.7317190625497206,-0.024586371874891086,-0.06067341280747042,0.3621219449761694,0.3869474076215696,-0.3094415733463983,0.5418627969433978,-0.678897875757857,-0.026156367937377696,-0.0634604903793747,0.40234106831286043,-0.1019383732190074,-0.3656737445785952,0.8854893894514972,0.2679548875466644,0.007880279758904816,-0.0949407226893344,0.3881935510285408,-0.2598312077683658,-0.28278711914046534,0.5235366497161645,0.7605449132837868,-0.038438209171100766,-0.05041284468512694,0.3750832599683329,0.19505850193916677,-0.4142163165118384,0.7930389065923319,-0.40182871548391286,-0.004665158307727161,-0.07214673217352009,0.36601296498846353,0.3869474076215696,-0.3094415733463983,0.5418627969433978,-0.678897875757857,-0.0216864422948817,-0.04519158845640467,0.35996262188924244,0.304621047870763,-0.324791692366885,0.48487214326787503,-0.7527385857297277,-0.01411058545619776,-0.0441046664143697,0.40662683721141735,-0.2121676988187081,-0.31249957979106396,0.8773570552178825,0.2959281633568999,0.01557437113756821,-0.08982638783991115,0.38892615931729657,-0.34069119759303096,-0.05386361149138423,0.5878906639342809,0.7317190625497206,-0.03718507160296358,-0.028094417644690114,0.3762005485058312,0.1252148917974182,-0.3949524450721903,0.7948240478426747,-0.4433830510683118,-0.0013451949535895113,-0.059735333452560414,0.3666661511154913,0.304621047870763,-0.324791692366885,0.48487214326787503,-0.7527385857297277,0.06413573372482889,0.0057628835470613995,0.369240378627258,-0.3476973925174732,0.612999863446546,0.3588573694950593,0.6120123193287474,0.052299313607271754,-0.06339911679881302,0.3665853002935861,-0.4302374844731931,0.5480556494599765,0.4620296337787146,0.5486887364977427,0.05933781386866977,-0.029614397289652268,0.36563051510433014,-0.4282611628909426,0.45722117693241215,0.4905548059744393,0.6057203596208548,0.07815122479029706,0.02782708476318222,0.3697290747376505,-0.3476973925174732,0.612999863446546,0.3588573694950593,0.6120123193287474,145,0.04818847801759088,-0.11178467434690673,0.37834645421293983,-0.34069119759303096,-0.05386361149138423,0.5878906639342809,0.7317190625497206,Static,Right
Nummer3,21,8,8,9,0.0,0.0,0.0,-1.0,0.0,0.0,0.0,-0.00891063166550089,0.04976183064588512,0.40456678600954393,-0.286837151614676,-0.00988193552199785,0.6051785284169569,0.7425535297518994,0.014204329175584611,-0.011283651221674473,0.3943080314129796,-0.2951000772253099,0.027867706991487513,0.6494162247541656,0.7002841582919751,0.042750122971875575,-0.06607056065995981,0.3759538315192015,-0.34067867050902556,-0.05272552310420124,0.5894580671423807,0.7305458573931959,0.000340623434326677,0.026008710823456228,0.40054950449348686,-0.28159862365381294,0.005267741009772884,0.6497160952159815,0.7060761019027835,-0.017314842732213856,0.0707195977068955,0.41200305807036625,-0.286837151614676,-0.00988193552199785,0.6051785284169569,0.7425535297518994,-0.05045107651979405,0.02988853789002184,0.3937611501491617,-0.31490947513516077,-0.16891566774839964,0.6805355945476621,0.6396646185407399,-0.0010757417606767168,-0.024936279943305592,0.4062663252366032,-0.3194804514541743,-0.16057688550109694,0.7478174679594668,0.5593892558818918,0.03108883015989953,-0.07766364656652222,0.3815957990941191,-0.34067867050902556,-0.05272552310420124,0.5894580671423807,0.7305458573931959,-0.03104445173243635,0.008522450755040286,0.39851616054905525,-0.3168786802069358,-0.1705749026210103,0.7430917948118334,0.5641867502072976,-0.06757730109825776,0.05009038154287724,0.39545258939241307,-0.31490947513516077,-0.16891566774839964,0.6805355945476621,0.6396646185407399,0.02312114246395687,-0.06745767245054962,0.39256537001207303,-0.34067867050902556,-0.05272552310420124,0.5894580671423807,0.7305458573931959,-0.02541450278208237,-0.0589085644619505,0.3624312894030699,0.38565051682098234,-0.31034789719255906,0.5407823124068234,-0.6800826068734555,-0.026981915796717663,-0.06149623610728805,0.40267766182217707,-0.1026995183688801,-0.36498560910634853,0.8863514359532292,0.2657431956903444,0.007024993157550938,-0.09306359881602028,0.38865501267904323,-0.26030247447045446,-0.28184491072163387,0.5252696481382428,0.7595379284996894,-0.03924873987327723,-0.04857422745445633,0.37535279120124126,0.1936811726794582,-0.4143648284963272,0.792380919158505,-0.40363581507126206,-0.005501151719923068,-0.07038601558044175,0.3663504862975675,0.38565051682098234,-0.31034789719255906,0.5407823124068234,-0.6800826068734555,-0.022488405190669285,-0.0434535935761969,0.3602159641885615,0.3035425893190522,-0.3253045731949502,0.4829240882355311,-0.754203656932143,-0.014920192676163449,-0.04213046548204789,0.40687217877334914,-0.2128023689437938,-0.3116171715265505,0.878260528812408,0.29371471483712086,0.014724257814647033,-0.0879522366875917,0.389361009089839,-0.34067867050902556,-0.05272552310420124,0.5894580671423807,0.7305458573931959,-0.03797752362128715,-0.026259783145355604,0.3763591477070187,0.1240937626375478,-0.39492203468267195,0.793785287423021,-0.4455807918518327,-0.002160870239577694,-0.057977133184352894,0.36700433284844414,0.3035425893190522,-0.3253045731949502,0.4829240882355311,-0.754203656932143,0.06320896935909077,0.007545653310634013,0.3691091776828061,-0.3466941836725355,0.6142287840016746,0.3608071688863616,0.6102002382756556,0.05142712631432993,-0.06163922139226721,0.36686553336775185,-0.42919717007844094,0.5496196511252169,0.4632969504570762,0.5468674098817979,0.05845102471832012,-0.027857975787521104,0.36570996917557536,-0.4277506864144572,0.45862995582514815,0.49224487847977383,0.6036413616562539,0.07719091487001582,0.02963387166547106,0.36944677898398903,-0.3466941836725355,0.6142287840016746,0.3608071688863616,0.6102002382756556,167,0.04731700352234048,-0.1099800406600227,0.3788644484919199,-0.34067867050902556,-0.05272552310420124,0.5894580671423807,0.7305458573931959,Static,Right
Nummer3,21,9,9,10,0.0,0.0,0.0,-1.0,0.0,0.0,0.0,-0.00806296265519103,0.0507839575917354,0.4043220261605121,-0.28188861213537497,-0.010831711527970812,0.6059658706029857,0.7437922075674985,0.014707306885565687,-0.01041102331483252,0.3941800164540458,-0.2901405541741411,0.027262234937830268,0.6500430180275918,0.7017971958360172,0.04311477633334196,-0.0653090682526893,0.37597445017406633,-0.33647320780976103,-0.054431706731930096,0.5904825290175448,0.7315417641211628,0.0010574016906365153,0.026970505862170355,0.4003586758198245,-0.27660495930802836,0.004586779092390945,0.6505272197399388,0.7073068600835051,-0.01637980238744397,0.07179335564363498,0.4117137429005435,-0.28188861213537497,-0.010831711527970812,0.6059658706029857,0.7437922075674985,-0.04977366267007228,0.031017888562735626,0.39303418059949385,-0.31041277986693827,-0.1706418121329151,0.6825836934299555,0.6392220111282115,-0.0007359335006879237,-0.02400210588709836,0.40599779377832473,-0.31492547507569923,-0.1616210546283046,0.7495623726999939,0.5593360611309941,0.03135577622452934,-0.07685215345389365,0.3815142003921433,-0.33647320780976103,-0.054431706731930096,0.5904825290175448,0.7315417641211628,-0.030496241256124927,0.009578311561606014,0.39797858376284156,-0.3122892416508818,-0.17173253534584915,0.7449939004082294,0.5638860294486262,-0.06683836094501765,0.051286602702941955,0.3945461623744098,-0.31041277986693827,-0.1706418121329151,0.6825836934299555,0.6392220111282115,0.023360761468126896,-0.0666263179647449,0.3924358532704294,-0.33647320780976103,-0.054431706731930096,0.5904825290175448,0.7315417641211628,-0.0248547288918156,-0.05784371181205738,0.3618696980081615,0.3858213585166004,-0.30650821891084556,0.5413364105522344,-0.6812851691200454,-0.02679140000683851,-0.06043015678861513,0.4021526661259092,-0.09781233155933726,-0.3640082976060485,0.8878015709489685,0.2640815739301332,0.007172425312310277,-0.0921469276752659,0.38836264599488535,-0.2561379818014106,-0.2837714159703013,0.5265163219739367,0.7593732155218199,-0.03872782667616076,-0.047456625544672074,0.3747072911525129,0.19581237527647766,-0.41068843017020656,0.793058369789462,-0.40503203468342647,-0.005024450513479082,-0.06943393788587386,0.36587341977615456,0.3858213585166004,-0.30650821891084556,0.5413364105522344,-0.6812851691200454,-0.021825908496088314,-0.04243154288957332,0.35966352459810363,0.3035026060099104,-0.3212260555765663,0.4837065397573447,-0.7554654014313894,-0.01466917314869167,-0.041129204797459185,0.4064692784822273,-0.20789342313056336,-0.31102691142095834,0.8801288101265852,0.2922599229729546,0.014889418314667238,-0.08707425351059545,0.3891374368186945,-0.33647320780976103,-0.054431706731930096,0.5904825290175448,0.7315417641211628,-0.03734947133072806,-0.025182581162374484,0.37571479916595724,0.1262395932681667,-0.39115954394527547,0.794626107179653,-0.446796515273477,-0.0016193611654788075,-0.05707764958737786,0.3665480456106624,0.3035026060099104,-0.3212260555765663,0.4837065397573447,-0.7554654014313894,0.0639193146276508,0.008228888414417532,0.36939628199535857,-0.3446462691052161,0.6124352468264215,0.360294717420486,0.6134571983728019,0.051872563120825464,-0.06090408706910726,0.366951390806132,-0.42690311260504027,0.5481574868243314,0.46337506032926234,0.550055138646494,0.05903340623143576,-0.02714696423113944,0.36590188680539426,-0.42503381403430857,0.4571250956399718,0.49228714488738384,0.606659930143918,0.07798795429593411,0.030259478241570492,0.36987413003788633,-0.3446462691052161,0.6124352468264215,0.360294717420486,0.6134571983728019,188,0.047457463245487067,-0.109249474301827,0.37887485370116314,-0.33647320780976103,-0.054431706731930096,0.5904825290175448,0.7315417641211628,Static,Right
Nummer3,21,10,10,11,0.0,0.0,0.0,-1.0,3.482999479109683e-18,1.734723475976807e-18,-2.710505431213761e-20,-0.0076039998769749815,0.05154061161367418,0.4031011559315595,-0.2828609564959193,-0.009611926986269247,0.6085295274158138,0.741342771201629,0.015214099753709623,-0.009699342598358193,0.39334363594170924,-0.29099236349863394,0.02855216357243298,0.6521928888664783,0.6993944910083361,0.04363042972880356,-0.06467258338997368,0.37537121060138173,-0.33760121498581724,-0.05292097650185795,0.5920376888730456,0.7298740746457931,0.0015365538824024198,0.02770963022825366,0.3992901728327157,-0.277539172394782,0.0057988929536688955,0.6527908058626032,0.7048422124193361,-0.015936412373226787,0.07259382383515624,0.4103474659683679,-0.2828609564959193,-0.009611926986269247,0.6085295274158138,0.741342771201629,-0.04934296284294136,0.03163047907362443,0.39210293635913157,-0.3120693489726733,-0.16972475745863602,0.6839194346279178,0.637228714886271,-0.00019005266268602196,-0.023239617182528257,0.40526918588784294,-0.31657251303348327,-0.16078786320854102,0.7506141290478476,0.5572320309442357,0.031892496310610384,-0.07619534892010052,0.3809982495747478,-0.33760121498581724,-0.05292097650185795,0.5920376888730456,0.7298740746457931,-0.03002081296367487,0.010250757910611573,0.39713120892881,-0.3139349317167916,-0.17094731880548616,0.7461402965587504,0.5616907785360279,-0.06643716162859874,0.051879556010149305,0.39353448101268745,-0.3120693489726733,-0.16972475745863602,0.6839194346279178,0.637228714886271,0.0239102904202804,-0.06591588650446022,0.39188267319613534,-0.33760121498581724,-0.05292097650185795,0.5920376888730456,0.7298740746457931,-0.02439228287374883,-0.05734093155901086,0.3613390516220906,0.3840624445594692,-0.30900188666254746,0.5409652215590756,-0.6814473580413467,-0.02622466852921477,-0.05970765423369795,0.4016812070254744,-0.0998102348879089,-0.3636920658808635,0.8883830208644007,0.2618045195690321,0.007733065188795869,-0.09147102633016937,0.38798311446490985,-0.25782091553862274,-0.2824174906692713,0.5281465070818361,0.758175443767572,-0.038221414124648245,-0.046902818301982944,0.3741827033410862,0.19348069727323244,-0.41204379624221654,0.7924475719869025,-0.4059704119920931,-0.0045375706496132776,-0.06890797821383968,0.36528794921278307,0.3840624445594692,-0.30900188666254746,0.5409652215590756,-0.6814473580413467,-0.021346784771980994,-0.04196073222226039,0.35907019559449727,0.30259051938176557,-0.32315820503234316,0.4817276320883118,-0.7562712744664678,-0.014108424059203742,-0.0403750032812798,0.4058665567235151,-0.20974077970842442,-0.3107715382925664,0.8806067114209987,0.2897614123979736,0.015448453830613603,-0.08638757217495646,0.3887136895517832,-0.33760121498581724,-0.05292097650185795,0.5920376888730456,0.7298740746457931,-0.036861376338344964,-0.024640658802399833,0.37505475702919255,0.12464839353899226,-0.3924677350911195,0.7932316593288679,-0.44857038415277284,-0.0011072744625679008,-0.05654283373368029,0.3659934710437195,0.30259051938176557,-0.32315820503234316,0.4817276320883118,-0.7562712744664678,0.0643916257829741,0.008836602965514175,0.36842347156235217,-0.3437365446096042,0.6136422259913439,0.3615159977477102,0.6120413301017472,0.05236938323195663,-0.060311702791848984,0.366308170654508,-0.42619729550711716,0.5494823876202747,0.4643618090207326,0.5484460605388045,0.05951185516818486,-0.02655646325397489,0.3650952966375783,-0.4245411102295457,0.4585104508832971,0.49334972008101546,0.6050942619558081,0.07845109670932295,0.03087515149902514,0.368778748647501,-0.3437365446096042,0.6136422259913439,0.3615159977477102,0.6120413301017472,208,0.04801067642331216,-0.10859121518196099,0.3784951053523428,-0.33760121498581724,-0.05292097650185795,0.5920376888730456,0.7298740746457931,Static,Right
Nummer3,21,11,11,12,0.0,0.0,0.0,-1.0,0.0,0.0,0.0,-0.007534791156036665,0.05163150141694273,0.40184873519231984,-0.28457083760071233,-0.010771624303046885,0.6120286786357843,0.7377833740498896,0.015663356886310868,-0.009556630926089795,0.39268373122195244,-0.292365741261489,0.027326609714091486,0.655647029116967,0.6956310106286585,0.04436081787950461,-0.06447320909347182,0.374998049444595,-0.33950513330547927,-0.05369750824287961,0.5938326232729952,0.727472100911401,0.0017542850966111596,0.027821988066104433,0.3982719761329554,-0.2790299312507483,0.004478991738111114,0.6562598094798023,0.7010315959789162,-0.01600388733403481,0.07269873404516931,0.40889359028777805,-0.28457083760071233,-0.010771624303046885,0.6120286786357843,0.7377833740498896,-0.0490488464397124,0.031449679999796455,0.3910645428632516,-0.3136539922735199,-0.17044489329298923,0.6858340562467881,0.634193471090094,0.0003235910968083294,-0.023115111135810353,0.4046735509839768,-0.3178665271610546,-0.16164844751794327,0.7523681137919183,0.5538708077474389,0.032681546594398564,-0.07602711145788062,0.3806847036808403,-0.33950513330547927,-0.05369750824287961,0.5938326232729952,0.727472100911401,-0.029640113869546184,0.010189639871947839,0.396269351676458,-0.31525639486685225,-0.17184711007405779,0.7479493984201886,0.5582595038668199,-0.0662297109863875,0.05163392960450336,0.39234517642664707,-0.3136539922735199,-0.17044489329298923,0.6858340562467881,0.634193471090094,0.024647998365762373,-0.06573521769606284,0.39151420780862173,-0.33950513330547927,-0.05369750824287961,0.5938326232729952,0.727472100911401,-0.023655863174015936,-0.057616691224664465,0.36084439870782803,0.38428931981693665,-0.3118047135330667,0.539599580344712,-0.681125415900045,-0.025522356247610567,-0.059734283793277415,0.40126499502108864,-0.10076667065132736,-0.3656749772867957,0.8885590311674152,0.25805181108252817,0.008603705925147316,-0.09139268280525072,0.387741719471883,-0.2603987049599016,-0.28323927871946597,0.5294111208592367,0.7561030951902324,-0.03751932447613868,-0.04717888570812006,0.3736510748856403,0.19304572439265513,-0.4144382154324827,0.7906608008736227,-0.40722206699138425,-0.0037392096342065816,-0.06908144841277628,0.364779614507862,0.38428931981693665,-0.3118047135330667,0.539599580344712,-0.681125415900045,-0.02063232857401674,-0.04228474065337241,0.3585278173468425,0.30393074777683093,-0.32500556668686065,0.4783828223358777,-0.757064962517966,-0.013506096007409726,-0.04031777345692311,0.40535405422804754,-0.21063129152646284,-0.3129232945808015,0.8810316004596505,0.2854764258745337,0.016292265232005283,-0.0862665350590588,0.38844732989494757,-0.33950513330547927,-0.05369750824287961,0.5938326232729952,0.727472100911401,-0.03627217983909616,-0.024946847039472,0.3743700942803919,0.1252788617066082,-0.394738619210015,0.7905081418495848,-0.45120229053406213,-0.0003210067079900429,-0.05671351537111646,0.36555968375621456,0.30393074777683093,-0.32500556668686065,0.4783828223358777,-0.757064962517966,0.06472893070507546,0.009108849784302908,0.36770612101430217,-0.3438633502003693,0.6134893625755824,0.3644775916955946,0.6103645497138275,0.053073025875583164,-0.06011092047625174,0.3659107108433797,-0.42643692420843404,0.5491515543606329,0.4672265953688596,0.5461533013678258,0.06002419579782255,-0.026322744666626013,0.3645390949459883,-0.42497108850424736,0.4582366264070088,0.4958785425161665,0.6029288840540659,0.07867624653337531,0.031220362476962374,0.3679615865266735,-0.3438633502003693,0.6134893625755824,0.3644775916955946,0.6103645497138275,229,0.04897141828592503,-0.10835535186970029,0.3783538525167392,-0.33950513330547927,-0.05369750824287961,0.5938326232729952,0.727472100911401,Static,Right
Nummer3,21,12,12,13,0.0,0.0,0.0,-1.0,0.0,8.673617379884035e-19,-2.710505431213761e-20,-0.004289614239140993,0.05147769272045406,0.40082911573369756,-0.27675142468912806,-0.009207850875342288,0.6121635875199979,0.7406616005501037,0.01806096998550473,-0.010031155768045523,0.3917008849940729,-0.2847391496150231,0.029304894989920897,0.655739356730646,0.698620595059022,0.04629543318216662,-0.06519648069978384,0.37404081177304477,-0.33316706039263255,-0.05383653913535238,0.5941303482039612,0.7301441407464005,0.004670771317223444,0.02753964320981309,0.3972703758854647,-0.27133697033815246,0.006444454382077673,0.6565001907390502,0.703805525052923,-0.012490551831764372,0.07265153037823673,0.4078691847279446,-0.27675142468912806,-0.009207850875342288,0.6121635875199979,0.7406616005501037,-0.04615524616162577,0.03167470903542119,0.3895851360155841,-0.3068762648966785,-0.16977695775100282,0.6878213637194122,0.6355348253802036,0.0024831041091709872,-0.023462289122975113,0.4035257917396272,-0.31134374931643743,-0.1601144293041841,0.754146247766762,0.5556004646051809,0.0344473992481628,-0.07664174118122491,0.37959543609973484,-0.33316706039263255,-0.05383653913535238,0.5941303482039612,0.7301441407464005,-0.027031691361075808,0.01019053294527478,0.394921841414793,-0.30870964672373297,-0.1703712391347788,0.7497998303534029,0.5598858895323192,-0.06312427656081733,0.052046728087054586,0.3907324489943287,-0.3068762648966785,-0.16977695775100282,0.6878213637194122,0.6355348253802036,0.02644193879081936,-0.0662995488308509,0.39040021977428263,-0.33316706039263255,-0.05383653913535238,0.5941303482039612,0.7301441407464005,-0.02155414820902265,-0.057527728745823264,0.35930940506801445,0.38251835097638126,-0.3070018202934126,0.5436647599114349,-0.6810713782954642,-0.023733345770113632,-0.05978499582763436,0.3997888219278347,-0.09516408346576063,-0.36254367974902807,0.8903653181349397,0.2583708144404539,0.010147784694937451,-0.09176725013727464,0.3864140067259831,-0.25374937861997615,-0.28369326708932735,0.5306091580300859,0.757352826939177,-0.03537141923427109,-0.04702846543633594,0.3721152043938232,0.19409468823080647,-0.4088943739164165,0.7935157747024618,-0.4067743333575016,-0.001760098910931293,-0.06922497708618994,0.3631788220329487,0.38251835097638126,-0.3070018202934126,0.5436647599114349,-0.6810713782954642,-0.018331118048161125,-0.04228471266888108,0.3570246866039022,0.30123941192814135,-0.31972225449781966,0.4825298656809463,-0.7577581575977569,-0.011538097628997641,-0.04051561802537305,0.40403906473152545,-0.20477626903017226,-0.30959984065549345,0.8834361602206274,0.2859286084371578,0.01788661881315133,-0.08672729483285081,0.3871971861563676,-0.33316706039263255,-0.05383653913535238,0.5941303482039612,0.7301441407464005,-0.0338507183254144,-0.02484663934328881,0.3728743993118836,0.12576640303376552,-0.38854018136109647,0.7936634749977005,-0.4509075601388929,0.0017785828461077424,-0.057010317910964545,0.36402056347512884,0.30123941192814135,-0.31972225449781966,0.4825298656809463,-0.7577581575977569,0.06752937933624727,0.008180188859819701,0.3672136037004606,-0.34031434560665125,0.612341081651643,0.3611976411209746,0.6154354636715831,0.05512618852372899,-0.06089896713128984,0.3650375121986621,-0.42269078280961697,0.548661596288603,0.4647533219329607,0.5516405574630215,0.06246042932168133,-0.027184052744112674,0.363861870338672,-0.4206029840809598,0.4576899130127609,0.49377391301620244,0.6081121575278947,0.08171738882153641,0.030134800144208752,0.3676726039147579,-0.34031434560665125,0.612341081651643,0.3611976411209746,0.6154354636715831,249,0.05039977390363476,-0.10913678104460697,0.3772746375025547,-0.33316706039263255,-0.05383653913535238,0.5941303482039612,0.7301441407464005,Static,Right
Nummer3,21,13,13,14,0.0,0.0,0.0,-1.0,0.0,0.0,0.0,-0.0038376878956932693,0.04861316369837822,0.4002377260339784,-0.27978231296692074,-0.0070733544514722906,0.611746044469065,0.7398909393175029,0.01856752406232733,-0.012857846747290753,0.39099141812732674,-0.2878713456081482,0.03136249919202888,0.6549782167361501,0.6979613296045254,0.04667200020605902,-0.0679685189255569,0.3730179571988885,-0.33588950905725234,-0.05126965265836171,0.5923391495055816,0.7305367837313692,0.005143536248476262,0.02469055165827475,0.3966306905405464,-0.27448571078932704,0.008510698419410852,0.6557811630143091,0.7032326989130213,-0.012038184666175246,0.06977955801148664,0.40730158443426734,-0.27978231296692074,-0.0070733544514722906,0.611746044469065,0.7398909393175029,-0.045646258681423725,0.02885349778031338,0.3894985077355624,-0.3096115308241064,-0.1672704970258945,0.6862776452539473,0.6365408662687424,0.003098986247979792,-0.026314942171023935,0.40292891826942684,-0.314484627684077,-0.15779505050212989,0.7523738231520587,0.5568965534307001,0.03488691894356805,-0.07943149002280114,0.378672906823795,-0.33588950905725234,-0.05126965265836171,0.5923391495055816,0.7305367837313692,-0.02648141787586665,0.007357874367429509,0.3946365429620993,-0.3118198421268466,-0.16803813979432983,0.7480493958725388,0.5612073333137937,-0.06260405701037086,0.04922514122153815,0.39080319480086373,-0.3096115308241064,-0.1672704970258945,0.6862776452539473,0.6365408662687424,0.026985299525957872,-0.0691178412196222,0.38956070039935164,-0.33588950905725234,-0.05126965265836171,0.5923391495055816,0.7305367837313692,-0.02121551335629991,-0.06040060239875539,0.3588806214256993,0.38099420960509867,-0.3098816949254521,0.5450179913122046,-0.6795381788711543,-0.023115400943035495,-0.0626566313761937,0.3993690962353378,-0.09841381474545581,-0.36226280587085724,0.8897900630387146,0.25952653865718883,0.010681878062597058,-0.09459555679317926,0.38568055778071597,-0.2560995637337346,-0.28094291236450525,0.5290322786808608,0.7586889623299373,-0.03496175842734727,-0.049917760042644796,0.3717750227139966,0.19168838777258607,-0.41082004128541244,0.7938267446474981,-0.4053659521392424,-0.0013761135943851335,-0.07207246295552211,0.3625960922209452,0.38099420960509867,-0.3098816949254521,0.5450179913122046,-0.6795381788711543,-0.018084459174025673,-0.04509568113441301,0.35663118354037177,0.299701211051904,-0.32249775702009986,0.48333534633555647,-0.7566778203394854,-0.010903023697960089,-0.04338069417917011,0.40353944252795787,-0.20847103437653325,-0.3084861020488435,0.8822970001867314,0.287972491967868,0.018422236036102452,-0.08954934521984927,0.3864059812426903,-0.33588950905725234,-0.05126965265836171,0.5923391495055816,0.7305367837313692,-0.033492459937234716,-0.02766575831092701,0.37259883815362876,0.12292294066771157,-0.3903428365840195,0.7940850119666218,-0.44939004701385393,0.0020801727274238346,-0.05980982064913268,0.3634953505415752,0.299701211051904,-0.32249775702009986,0.48333534633555647,-0.7566778203394854,0.0675009409256805,0.005497307670029485,0.36573328822043094,-0.3431310543035333,0.6153127460251625,0.3622867464324206,0.6102455387062904,0.05539378685723142,-0.06364261351564884,0.3639247073400119,-0.4253165388058637,0.5516941689571369,0.4640058408886365,0.5472092519120302,0.06261213754259336,-0.029909709437041736,0.36256649203799723,-0.4244223709872249,0.46036678745239246,0.49390846846606906,0.6033096193447012,0.08155505430150835,0.02754040841609387,0.365951386176023,-0.3431310543035333,0.6153127460251625,0.3622867464324206,0.6102455387062904,277,0.050871636566431115,-0.11191974151514117,0.376192438624485,-0.33588950905725234,-0.05126965265836171,0.5923391495055816,0.7305367837313692,Static,Right
Nummer3,21,14,14,15,0.0,0.0,0.0,-1.0,0.0,0.0,0.0,-0.004042487308117805,0.04935223648743221,0.39941570099841117,-0.2767982849369353,-0.008263128528469057,0.6156252353765005,0.7377804549664634,0.018305412574844967,-0.0122286118614786,0.39077733729632536,-0.2846282251583467,0.03046897059098002,0.6585044954168399,0.6960102332510267,0.04633528286940976,-0.06745489803758581,0.3730560819382934,-0.3331736325685596,-0.05209307520203984,0.5940143123984793,0.730361991578715,0.004917244705541133,0.025385922034095808,0.39604801874392026,-0.27131735195869006,0.007547539875202645,0.6593086060318951,0.7011719412385494,-0.012256916539557725,0.07058568834188628,0.40625618137235076,-0.2767982849369353,-0.008263128528469057,0.6156252353765005,0.7377804549664634,-0.04571865903253018,0.02977014928189234,0.38905058999698366,-0.3068557082203928,-0.16703394740223912,0.6872237915732848,0.6369165526530345,0.0027304814632602018,-0.025616954379884784,0.40265317589741884,-0.31180427820143203,-0.15722234235940785,0.7532500465257047,0.5573810138202852,0.034485131821391804,-0.07887118098008301,0.37866947528955675,-0.3331736325685596,-0.05209307520203984,0.5940143123984793,0.730361991578715,-0.026669737438054147,0.008189177762160526,0.39425645057445163,-0.30913501602349625,-0.1674864559716379,0.7489518799962624,0.5616537281851491,-0.06259277905699367,0.050215515171952975,0.3902900963590259,-0.3068557082203928,-0.16703394740223912,0.6872237915732848,0.6369165526530345,0.026560027371034384,-0.06851586618238611,0.38949525945937674,-0.3331736325685596,-0.05209307520203984,0.5940143123984793,0.730361991578715,-0.02141179381361234,-0.059722144193090576,0.35850213732230807,0.38143552853817764,-0.30818785955029854,0.544401496508904,-0.6805543265555456,-0.023575242172576293,-0.0618844775042515,0.3990130600450694,-0.09561667055722588,-0.3623370559372033,0.8907336601525179,0.2572214160555257,0.010200065862271616,-0.09395090523963476,0.38557098582110466,-0.2537265315642536,-0.2820126419142576,0.5308607129267261,0.7578117315348468,-0.03521148053194089,-0.04919798195078417,0.3713054264143187,0.19322670187794125,-0.40919535646830385,0.7933453374669488,-0.4072171133997248,-0.0016066538029738337,-0.07142477173536436,0.3622987605279771,0.38143552853817764,-0.30818785955029854,0.544401496508904,-0.6805543265555456,-0.018189042620739577,-0.04444238130797923,0.35635526938887424,0.3010126837861634,-0.31916972063946975,0.47946147798471006,-0.7600254895432729,-0.011326807179310448,-0.04263853400692465,0.4032160142576967,-0.20589214468413417,-0.30830368500773275,0.88340937755873,0.28660972455469425,0.017951742373749666,-0.08892759304056903,0.38633000084870117,-0.3331736325685596,-0.05209307520203984,0.5940143123984793,0.730361991578715,-0.03370796007062289,-0.02692786259739183,0.3721220604866275,0.12517449723656018,-0.3881799628928511,0.7929071161653356,-0.4527095832699482,0.001888763729998757,-0.05912641487122881,0.36352828552266403,0.3010126837861634,-0.31916972063946975,0.47946147798471006,-0.7600254895432729,0.06732626353366788,0.005955209364586078,0.36558730647277543,-0.34081496064856825,0.6147477944912689,0.364160608578173,0.6109970236639539,0.055114441801591994,-0.06316963711861527,0.3639998283917196,-0.4224743546837878,0.5518531185731931,0.46527834298305837,0.5481693339712628,0.06242960659837802,-0.02946177873559428,0.36254747987085306,-0.422127765089442,0.4600336045861741,0.4959981808195916,0.6034592258104108,0.08139362471802866,0.027990349565819986,0.36577724757076385,-0.34081496064856825,0.6147477944912689,0.364160608578173,0.6109970236639539,304,0.05038956286160195,-0.11141473529012748,0.3763383420551878,-0.3331736325685596,-0.05209307520203984,0.5940143123984793,0.730361991578715,Static,Right
Nummer3,21,15,15,16,0.0,0.0,0.0,-1.0,0.0,0.0,0.0,-0.004624110562301977,0.051217841083105974,0.39819550659480496,-0.273010466435355,-0.012386219550915525,0.6196541747037903,0.7357585001575933,0.017882484703385625,-0.010400301989429626,0.39027145587316764,-0.28040801336220794,0.026532910135029557,0.6627409820277477,0.6938600301666922,0.04604618638438057,-0.06570789363523853,0.373016903895085,-0.3292861972843117,-0.05555587082045317,0.5968821632312549,0.7295312390239339,0.0043973056795233,0.027238025917546344,0.3951089864478862,-0.26717179373419336,0.0035310495619502343,0.6634689779614381,0.6988674263439737,-0.012937226445725324,0.07248900960289396,0.40479908146842875,-0.273010466435355,-0.012386219550915525,0.6196541747037903,0.7357585001575933,-0.04612390416098389,0.03150378228944742,0.3872399299715972,-0.3021647458264202,-0.17149654149072058,0.692476734568665,0.6322668540398866,0.002152566311065844,-0.023738942673023202,0.4019967523762393,-0.306772776605093,-0.16069752959305686,0.7576153625910309,0.5532501512722352,0.03411650498533209,-0.07709393476276714,0.3785172526257952,-0.3292861972843117,-0.05555587082045317,0.5968821632312549,0.7295312390239339,-0.027140755130746343,0.00997881035688893,0.39289899537132206,-0.3041745404435578,-0.1710051706840483,0.7533120784122717,0.5574549246920809,-0.0630392978231651,0.05193719823572801,0.3880146079819483,-0.3021647458264202,-0.17149654149072058,0.692476734568665,0.6322668540398866,0.026076936006093898,-0.0667012539633064,0.3892247674368329,-0.3292861972843117,-0.05555587082045317,0.5968821632312549,0.7295312390239339,-0.021474564343765348,-0.05795219595948386,0.3576918897133664,0.38460154810125263,-0.30364016741331634,0.5396641661988364,-0.6845778886673508,-0.02415723987145248,-0.05998222077975765,0.39813960411408655,-0.09058186802202277,-0.3633669310271371,0.8918226759785232,0.2537946280599077,0.009730377231293363,-0.09212492783745704,0.3851721010352127,-0.25047411009734655,-0.2857713123600098,0.5334511975293379,0.7556634813576051,-0.03544381205087585,-0.04736234036813436,0.37025678716825056,0.19774093377945637,-0.4064403486624755,0.7912714117940056,-0.4118183081951011,-0.0017417067980929337,-0.06964869733641438,0.36186262797195573,0.38460154810125263,-0.30364016741331634,0.5396641661988364,-0.6845778886673508,-0.01817465767039541,-0.042737028589215076,0.3554865745790248,0.30324746800697927,-0.3146602793215292,0.4761618038002106,-0.7630857215060332,-0.011932606980311256,-0.04074138338365099,0.4024382727420938,-0.200538877188093,-0.3095350340373396,0.8854641266179197,0.2827109865435134,0.01747928393163413,-0.0871091375349416,0.38600901356983364,-0.3292861972843117,-0.05555587082045317,0.5968821632312549,0.7295312390239339,-0.0338851899551098,-0.02515054133070999,0.37097976066960636,0.12944344914379946,-0.3852092028940624,0.7913073148097848,-0.45682709749751704,0.0017992490864749576,-0.05740654340538269,0.3629743561547713,0.30324746800697927,-0.3146602793215292,0.4761618038002106,-0.7630857215060332,0.06719954202435839,0.007656906377754407,0.36572998148420754,-0.3380806475978717,0.6112517539972525,0.3663687218345019,0.6146923853574562,0.054939027162413445,-0.06145633921035198,0.36405351090644594,-0.4189937138954946,0.5489608606848654,0.46770907338682716,0.5516651736550241,0.06231839995525614,-0.02776001013968598,0.3626649107675863,-0.4186576114927858,0.45666790172744476,0.49874562482616197,0.6061625471668222,0.0812772095113214,0.029683901361048384,0.3660721453812627,-0.3380806475978717,0.6112517539972525,0.3663687218345019,0.6146923853574562,332,0.050001318697106625,-0.10966360784354087,0.3764517834893182,-0.3292861972843117,-0.05555587082045317,0.5968821632312549,0.7295312390239339,Static,Right
Nummer3,21,16,16,17,0.0,0.0,0.0,-1.0,0.0,-5.421010862427522e-20,2.710505431213761e-20,-0.0039930432382962525,0.05152258173963485,0.39775396387412626,-0.27245775600394323,-0.008420293822469034,0.621121654033397,0.7347814373921376,0.01815233797632485,-0.010255969389824673,0.39006139790405847,-0.27995686855285656,0.03056651969442487,0.6639014988773256,0.6927659340731828,0.04588434951357777,-0.06577682767284321,0.372759736405386,-0.32871120483634414,-0.05131300343615389,0.5967731925048385,0.7301901644099181,0.004887847355996596,0.027478720559738726,0.39475743591428936,-0.26676984773436285,0.007541090769526826,0.6647352562636482,0.6977850810743181,-0.012167328709514594,0.07287286079562957,0.4042753241054114,-0.27245775600394323,-0.008420293822469034,0.621121654033397,0.7347814373921376,-0.04555333667990201,0.03211450723902032,0.38740752510389165,-0.3021018308960452,-0.16677931514918837,0.6925398008928761,0.6334885697365665,0.0024040311319021724,-0.023473840670953282,0.401900350025316,-0.3072614809795213,-0.15591492171188256,0.7574531870283565,0.5545679299729064,0.03390989780125864,-0.07707736753530285,0.3783400384587071,-0.32871120483634414,-0.05131300343615389,0.5967731925048385,0.7301901644099181,-0.026694902166500143,0.010452600202432237,0.39296189889775457,-0.30463836654413506,-0.16622724422065577,0.7532007674393155,0.5587956449695665,-0.0623133618305449,0.0526725456498488,0.3882625395182236,-0.3021018308960452,-0.16677931514918837,0.6925398008928761,0.6334885697365665,0.025984895840416994,-0.06660959368153158,0.38907017669020066,-0.32871120483634414,-0.05131300343615389,0.5967731925048385,0.7301901644099181,-0.02172786226185302,-0.05757096673413721,0.35779582000329013,0.3807220284484979,-0.3042361238853287,0.5412951678292636,-0.6851938844312474,-0.02415465955364704,-0.059556040585364546,0.3982560464696573,-0.0929160466810523,-0.35973992018425344,0.892706948763979,0.2550060817382559,0.009455370987328869,-0.09193634865041259,0.3851553131067021,-0.24984395972875778,-0.2817225498061627,0.5343165140512028,0.7567801949905534,-0.03555105757493063,-0.04688547825163811,0.37044148310282304,0.1937554305486461,-0.4054227550140082,0.7929640717561717,-0.41145984464299,-0.002042505368974508,-0.06938270494391371,0.36186574020689427,0.3807220284484979,-0.3042361238853287,0.5412951678292636,-0.6851938844312474,-0.01837585844009581,-0.042337108997304196,0.3555816326054257,0.29910663204268134,-0.31542214486559056,0.4773604061326515,-0.7636564252681598,-0.011785657639613596,-0.040386244863618026,0.40245068264424355,-0.20284403118378916,-0.3053019012501169,0.8857709655369165,0.28470132545875615,0.01724039628722779,-0.08696853072200451,0.38593977477569613,-0.32871120483634414,-0.05131300343615389,0.5967731925048385,0.7301901644099181,-0.033862574565614985,-0.024630038187831545,0.3711631434755532,0.12511935374536298,-0.38400182039227815,0.7928816525849367,-0.45631834748116273,0.0015388800454010408,-0.05712614933020124,0.36298640965042944,0.29910663204268134,-0.31542214486559056,0.4773604061326515,-0.7636564252681598,0.06755188801528202,0.00741824343945827,0.3652397284836956,-0.3361047176965226,0.6143530673259234,0.36391292812398346,0.6141427424903748,0.05476948707409926,-0.0616044671654434,0.3637515460584351,-0.41749082335656473,0.5524072535426175,0.46514899074404775,0.5515288342927809,0.062397091373653284,-0.027967307452333758,0.3622656792796891,-0.4171680724644742,0.4603134351684182,0.4966577322483247,0.606146383077287,0.08179194104376485,0.02934225656283141,0.36547290934088983,-0.3361047176965226,0.6143530673259234,0.36391292812398346,0.6141427424903748,360,0.04956477515806259,-0.10974536098998924,0.3762389890570987,-0.32871120483634414,-0.05131300343615389,0.5967731925048385,0.7301901644099181,Static,Right
Nummer3,21,17,17,18,0.0,0.0,0.0,-1.0,-1.3552527156068805e-20,0.0,0.0,-0.00403671638979057,0.04994614601722956,0.39790325620282874,-0.27154359023232816,-0.009207824405024526,0.6196587926217804,0.7363438567001025,0.018050609557954057,-0.011822949984310868,0.3899744353175664,-0.2791194577089595,0.02979540698673017,0.6625834376423871,0.6943974007819648,0.045722828792396746,-0.0672980533050188,0.37240386935634284,-0.3276275629241515,-0.05213068862175448,0.5949610178360856,0.7320955938753162,0.004821540420483573,0.02590557459860218,0.3948146058261902,-0.2658793175085026,0.006795165255946813,0.6634098928791485,0.6993921133959362,-0.012195170888910919,0.07127651112861337,0.40450982364748933,-0.27154359023232816,-0.009207824405024526,0.6196587926217804,0.7363438567001025,-0.04559638089860575,0.030640248741163195,0.387425682519924,-0.3007784573796206,-0.1675130567699842,0.691178870056363,0.6354081089941497,0.002267766515703828,-0.025079767719455713,0.40172193965001274,-0.30590781555235363,-0.15664384195051023,0.7564307611478229,0.5565030267233917,0.03372055327807539,-0.07860942930266886,0.3779015795631572,-0.3276275629241515,-0.05213068862175448,0.5949610178360856,0.7320955938753162,-0.026774119603411445,0.008926893788697437,0.3929042015208638,-0.30325994238489024,-0.1669556687739624,0.7521733509520405,0.5607088924981752,-0.062329219962049584,0.05121653149375208,0.3883675827069916,-0.3007784573796206,-0.1675130567699842,0.691178870056363,0.6354081089941497,0.025789473135620397,-0.06818327066247495,0.38867742429957886,-0.3276275629241515,-0.05213068862175448,0.5949610178360856,0.7320955938753162,-0.021826393843288088,-0.05894543678286866,0.3573898639431098,0.3811792896764294,-0.3022444186483589,0.5429323676783525,-0.6845254594570365,-0.02434782895512823,-0.061097165192689554,0.3978480937588982,-0.09083699181979452,-0.3593545863714087,0.8926510519221258,0.25648980812750966,0.00922208086403126,-0.09345902732672795,0.3846035779145576,-0.24813134032154477,-0.2823866639727203,0.5325798580722308,0.7583187355831019,-0.035651238599238626,-0.04828937121575541,0.37005817492379106,0.19500065477650916,-0.4037959725098756,0.7941312432731064,-0.41021838778758696,-0.0021709439363353164,-0.07081649544451497,0.36143429631453394,0.3811792896764294,-0.3022444186483589,0.5429323676783525,-0.6845254594570365,-0.018480046723240953,-0.04366921263666523,0.35524971189545046,0.29954279408053935,-0.3139897540239815,0.48004497812049746,-0.7623918728998064,-0.0119505554451486,-0.041971135212304625,0.40216258558391893,-0.2011515065372886,-0.30547356844048984,0.8854190870963043,0.28680483016776365,0.017015070241360765,-0.08851009025092156,0.385424402125054,-0.3276275629241515,-0.05213068862175448,0.5949610178360856,0.7320955938753162,-0.03395541544487405,-0.026029364053467653,0.3709185277374778,0.1262564555705576,-0.3828458091718001,0.7944113935577155,-0.4543114918335635,0.0014094166583451797,-0.05853924444770971,0.36256264908450586,0.29954279408053935,-0.3139897540239815,0.48004497812049746,-0.7623918728998064,0.0676186913639208,0.005878567168981531,0.36539689210127474,-0.33671500906474555,0.6131812123559796,0.36130221381157096,0.6165164343138286,0.05463765266398867,-0.06309620535282207,0.3634388574140689,-0.41801196401988194,0.5511030650145838,0.463112011080767,0.5541467990167407,0.062356947052326396,-0.029470220388906922,0.3621828700125706,-0.4171485869409776,0.45910287331027705,0.49440448773818646,0.6089136315075684,0.08192793662332892,0.027754815292789038,0.3658035690390499,-0.33671500906474555,0.6131812123559796,0.36130221381157096,0.6165164343138286,388,0.049312211703099185,-0.11128580689003814,0.37563288559414215,-0.3276275629241515,-0.05213068862175448,0.5949610178360856,0.7320955938753162,Static,Right
Nummer3,21,18,18,19,0.0,0.0,0.0,-1.0,0.0,0.0,0.0,-0.0038482554314104443,0.0451412315191052,0.39806103318344693,-0.2720475876596917,-0.013486811805885002,0.615296970695592,0.7397417480504145,0.018544111776344494,-0.016425494837122606,0.3894410365123097,-0.27969813031898666,0.025371385892052463,0.6587914694329232,0.6979391438201397,0.046487568905508016,-0.07155645141294767,0.3711771117504987,-0.3277210074676321,-0.056541664339468535,0.5900759575678921,0.7356713571687145,0.0051288314434190475,0.021179587334280686,0.39470446034770706,-0.26632455630001417,0.0024433536911751016,0.6595138706324603,0.7029272474287299,-0.012119175817320572,0.06634882491698044,0.40491600081578016,-0.2720475876596917,-0.013486811805885002,0.615296970695592,0.7397417480504145,-0.045300520512338266,0.025752665334026873,0.3871346092969536,-0.29990649744509956,-0.1722634402750039,0.6871175985155509,0.6389450725571446,0.002775750818263368,-0.029904887383327118,0.4009542154947189,-0.3046259880987908,-0.16162730573863932,0.7532595834071415,0.5600710860415878,0.034504992987161344,-0.08298657308055964,0.37646582445064114,-0.3277210074676321,-0.056541664339468535,0.5900759575678921,0.7356713571687145,-0.026395046497000516,0.004065452144172034,0.39242849872847496,-0.30193336589889025,-0.17192258894160842,0.7489458763583399,0.5642330549111954,-0.06213375536611044,0.04623598214894972,0.3882872591211646,-0.29990649744509956,-0.1722634402750039,0.6871175985155509,0.6389450725571446,0.02648799896386704,-0.07273383977476826,0.3873614217078265,-0.3277210074676321,-0.056541664339468535,0.5900759575678921,0.7356713571687145,-0.02095405931696403,-0.06335698934858787,0.3560418802175162,0.385031351637237,-0.29929870605727127,0.545963000873196,-0.6812455830949514,-0.02369963054196627,-0.06595701050902812,0.3964913601352322,-0.08653601260719496,-0.36187326424204797,0.8910545940282788,0.25996340052005745,0.010022215176635235,-0.0980084744637819,0.38288072191772143,-0.246715048497131,-0.28614887515306014,0.5269906275892309,0.761269587286137,-0.03486728294613714,-0.05288823625033681,0.3687693802788983,0.1998059586234778,-0.4027549294504217,0.7955076429300858,-0.4062433208580274,-0.0012817094947459554,-0.07522345105039514,0.3600182615060519,0.385031351637237,-0.29929870605727127,0.545963000873196,-0.6812455830949514,-0.01771721091612654,-0.047979826553811,0.35408390835537806,0.3037430027771833,-0.31219603794747863,0.4854677291084239,-0.7580203863670861,-0.011382798790853722,-0.046850804440118084,0.40111438125427623,-0.19780374463998335,-0.3095188959007178,0.8833968067803071,0.29100139768935457,0.01779462128780374,-0.09304334123591543,0.3837936284149083,-0.3277210074676321,-0.056541664339468535,0.5900759575678921,0.7356713571687145,-0.03331297251516949,-0.030632407476946837,0.36995978932361007,0.13108023723042378,-0.38302492130472743,0.796621010932083,-0.4488929115152846,0.002224079189062645,-0.06288778929892488,0.3611727834234674,0.3037430027771833,-0.31219603794747863,0.4854677291084239,-0.7580203863670861,0.06834076982526034,0.0017405504117263947,0.36547289488271917,-0.3409841352609029,0.6087905153976962,0.35709164344556565,0.6209585219992773,0.055438148295473194,-0.06720485020344555,0.36231683774246765,-0.4218015112153999,0.5459265550669973,0.46007687643907624,0.5589069237137331,0.06310648100482026,-0.033551371096161534,0.36164645543784335,-0.4198052888334836,0.4540501954542703,0.49042954517306747,0.6140690520590601,0.08264141663091785,0.023610632404231807,0.36631222353165793,-0.3409841352609029,0.6087905153976962,0.35709164344556565,0.6209585219992773,416,0.05019924773460213,-0.11556275968264211,0.37376861396780237,-0.3277210074676321,-0.056541664339468535,0.5900759575678921,0.7356713571687145,Static,Right
Nummer3,21,19,19,20,0.0,0.0,0.0,-1.0,0.0,0.0,0.0,-0.003161864560383817,0.04318330008464352,0.39556781061191193,-0.2738321432324801,-0.011907252405845385,0.6195860282223614,0.7355184078624335,0.019372022126472353,-0.01842217901323427,0.38761904316627144,-0.28124945770277265,0.026990061038065047,0.6625856949178639,0.6936501106734355,0.0473355076672665,-0.073641911016877,0.36969470374034913,-0.3297088764075852,-0.054424062563836216,0.5924602393034256,0.7330217889507945,0.0058707088448671715,0.019207635626323633,0.39247173075815944,-0.26801837917471155,0.003988640874137191,0.663323545382041,0.6986788341651243,-0.011479737475147252,0.06445034499440189,0.4021763267070854,-0.2738321432324801,-0.011907252405845385,0.6195860282223614,0.7355184078624335,-0.04456159083292482,0.02355725181092244,0.38497434306269784,-0.3023175359364091,-0.17070544522331474,0.6897870605262443,0.6353405146588808,0.003671250256198416,-0.03183624415949957,0.39929989612867806,-0.3068502257960327,-0.16035304496963831,0.7557768104391873,0.5558158442328338,0.03539755558582432,-0.08505093666052835,0.37513052805352337,-0.3297088764075852,-0.054424062563836216,0.5924602393034256,0.7330217889507945,-0.025594617250148048,0.0019727234656533536,0.3904647884200911,-0.30421272425527657,-0.17065376818647646,0.7514771080211412,0.560012558720893,-0.061436545885990984,0.04401557711893229,0.38596114119233016,-0.3023175359364091,-0.17070544522331474,0.6897870605262443,0.6353405146588808,0.027415495802909966,-0.07473142707211944,0.3859750467370205,-0.3297088764075852,-0.054424062563836216,0.5924602393034256,0.7330217889507945,-0.02011341754248485,-0.06576451503048007,0.35467514247768683,0.3827530834099615,-0.3030942237890351,0.5445777573451468,-0.6819597017792325,-0.02275101642116364,-0.0679737666301442,0.39522972520916827,-0.08928237031211839,-0.3618766356549851,0.8920869377418742,0.25545029737466446,0.01098220933644924,-0.10007233199393793,0.3817626441381942,-0.249560323683227,-0.2842568123981028,0.5294094458298004,0.7593703629419419,-0.033978206886664,-0.05521367168271712,0.36738691010034663,0.19655256189281317,-0.4050350774576664,0.7941333847206588,-0.4082472825559822,-0.00040123752008865057,-0.07757714195650736,0.3586122610777724,0.3827530834099615,-0.3030942237890351,0.5445777573451468,-0.6819597017792325,-0.016912417878073745,-0.05040605238473423,0.3525532215772604,0.3021426460321545,-0.315794326310116,0.48356406301528976,-0.7583861561758449,-0.010454449288018891,-0.04880728335295401,0.39965051569563714,-0.20049574868530737,-0.30955764354160437,0.8842847068105371,0.28638449222171564,0.01874834906903897,-0.09508542475035076,0.382605982028811,-0.3297088764075852,-0.054424062563836216,0.5924602393034256,0.7330217889507945,-0.03247917732997118,-0.032974061393955256,0.3683642542527111,0.1284012290541918,-0.385418721854009,0.794749850242818,-0.45093038127943147,0.003099232476589356,-0.06522846349331664,0.3596246735505743,0.3021426460321545,-0.315794326310116,0.48356406301528976,-0.7583861561758449,0.06890820215739751,-0.00032486415906015677,0.363239532055245,-0.34023285161571926,0.6112139708284715,0.35998609583206853,0.6173079453183097,0.056225353427445585,-0.06933914559105869,0.3607518653737785,-0.42148871438372454,0.5483684782152317,0.4624134641506646,0.554809033739762,0.06377490006521967,-0.0356661926361241,0.3597481702712526,-0.4200498129647968,0.4565813059014288,0.49283758378184306,0.6100842415123175,0.08313910111804453,0.021599078056654397,0.36381595333682953,-0.34023285161571926,0.6112139708284715,0.35998609583206853,0.6173079453183097,444,0.0511607747873466,-0.11762564466460494,0.3726501845583797,-0.3297088764075852,-0.054424062563836216,0.5924602393034256,0.7330217889507945,Static,Right
Nummer3,21,20,20,21,0.0,0.0,0.0,-1.0,0.0,0.0,0.0,-0.0011497799232504412,0.04377016019377809,0.39478717308030553,-0.2727546621610059,-0.011402027886154903,0.6226210662574874,0.7333606860760321,0.021344755087220914,-0.0179164990793373,0.38737473121643684,-0.2799875384486668,0.02753590522989742,0.6656213328542626,0.6912286115938355,0.04925936533283484,-0.07324499535895304,0.36971230487484896,-0.3289548508524891,-0.053838124823847755,0.5941917378982734,0.7320015990621181,0.007866864314506993,0.019763133729885543,0.3919003286003111,-0.2668432290081869,0.004477145157867713,0.6663733635950259,0.6962192087229219,-0.009459578673963605,0.06509517592941579,0.4012180411086091,-0.2727546621610059,-0.011402027886154903,0.6226210662574874,0.7333606860760321,-0.04257452576508176,0.024049373601657154,0.38429261596112707,-0.3017509525336303,-0.1707603078819868,0.6922446862120971,0.6329175098764539,0.005611036870135086,-0.0312615247613699,0.3990893764782975,-0.3062021151751825,-0.16020816034197877,0.7578896243837111,0.5533325648049285,0.037299997441029825,-0.0846164925617828,0.37517752920642905,-0.3289548508524891,-0.053838124823847755,0.5941917378982734,0.7320015990621181,-0.023626386302128183,0.0024970133673933304,0.38996732310995713,-0.3036017738740658,-0.17052362199869261,0.7535981516596395,0.5575280110058531,-0.05945253663265755,0.04451345761898396,0.3850980732758156,-0.3017509525336303,-0.1707603078819868,0.6922446862120971,0.6329175098764539,0.029315739869800808,-0.07424146112385527,0.38596871795921656,-0.3289548508524891,-0.053838124823847755,0.5941917378982734,0.7320015990621181,-0.01815466068358957,-0.06535080989494858,0.35450146242228403,0.381572648655632,-0.3039029516133187,0.5446932483428231,-0.6821690223165974,-0.020854297333179235,-0.06738034699399467,0.39513139327533603,-0.08897313607615337,-0.36161707033533547,0.8929918400314547,0.2527497757389711,0.012854295041329683,-0.09957785813361085,0.38183821899138504,-0.24929572013996157,-0.2838913397291938,0.531293815854012,0.7582771474744209,-0.03200017432305232,-0.054754441029345846,0.36719545674729986,0.19556653836978574,-0.40503298427095463,0.7938821673834093,-0.40921035548143736,0.0015553687445630585,-0.07717697586803432,0.3584078282933191,0.381572648655632,-0.3039029516133187,0.5446932483428231,-0.6821690223165974,-0.014948496249801501,-0.05001373216899827,0.35229908996248827,0.30067778612921386,-0.31616715491557706,0.4836771411700999,-0.7587408135790137,-0.008538323536168678,-0.048212271981767495,0.39948996824394456,-0.20013969573767684,-0.3088001337664243,0.8854333922882198,0.2838913302600909,0.020625721411201153,-0.09459759616991208,0.38267191614899276,-0.3289548508524891,-0.053838124823847755,0.5941917378982734,0.7320015990621181,-0.030473988594371646,-0.03251372942403114,0.368074941488946,0.1272758027077714,-0.38496561197471435,0.7945760109354487,-0.451941711383156,0.005045082873224696,-0.06486959508919654,0.35935261168908456,0.30067778612921386,-0.31616715491557706,0.4836771411700999,-0.7587408135790137,0.07097741092350866,9.631196978663811e-06,0.3629705708343797,-0.33802078052137396,0.6119241809111757,0.3608519855425209,0.617314015134865,0.05816933730826401,-0.0689914135871273,0.36076470729184057,-0.41955859943862867,0.5492810064696042,0.46349698553035423,0.5544650592896812,0.06577054515013916,-0.03533488964647898,0.35962288130807896,-0.4180869223340018,0.4576113538403655,0.4939088318983025,0.6097944243616241,0.08525491141421179,0.021905367544688116,0.36347266597433026,-0.33802078052137396,0.6119241809111757,0.3608519855425209,0.617314015134865,478,0.05302143769614436,-0.11722140896276495,0.37284906452131283,-0.3289548508524891,-0.053838124823847755,0.5941917378982734,0.7320015990621181,Static,Right
Nummer3,21,21,21,22,0.0,0.0,0.0,-1.0,0.0,0.0,0.0,0.0007015112108364669,0.040731375869158176,0.3948115622468857,-0.2761604664867733,-0.015983340079540803,0.6236006383056087,0.7311649427417503,0.023952655867764044,-0.020696544294473214,0.38758451537328914,-0.28303944444614165,0.022753410615592197,0.6668494404306143,0.6889722628599458,0.05230804418354706,-0.07563473862694542,0.3694102339033473,-0.3319490642934119,-0.05745978216834882,0.5905812476072541,0.7332952898543353,0.01001270640356615,0.01682821169921562,0.3919976831187685,-0.2699450147309469,-0.00032982549342907945,0.6674489273794533,0.6940039694245778,-0.007880096139113994,0.06196718026836708,0.40117925262957715,-0.2761604664867733,-0.015983340079540803,0.6236006383056087,0.7311649427417503,-0.040314552183582215,0.020707134782273394,0.38470095694753087,-0.30345595613182513,-0.17532853346978305,0.6900465522193515,0.6332536172890296,0.008338223319680408,-0.034274476144799074,0.3991909395801348,-0.30773031711917676,-0.16477362845224214,0.755552685997436,0.5543391037753637,0.04044634135165787,-0.0871516868659018,0.37478353439644735,-0.3319490642934119,-0.05745978216834882,0.5905812476072541,0.7332952898543353,-0.021183583067534404,-0.0007145461818655191,0.39025636776505634,-0.30511803519296066,-0.1750633880604801,0.7512019242634614,0.55852615314204,-0.05737842309709416,0.04101310900462829,0.38558398091552687,-0.30345595613182513,-0.17532853346978305,0.6900465522193515,0.6332536172890296,0.03238553625412351,-0.07693929423596098,0.3856726452394635,-0.3319490642934119,-0.05745978216834882,0.5905812476072541,0.7332952898543353,-0.015164274692036739,-0.06822153432369352,0.3541993375947866,0.38390630302224377,-0.3055194017219285,0.5489755358226794,-0.6766828701389376,-0.017831791495385708,-0.07057264360049277,0.39493219681522923,-0.0881014467642801,-0.3650972170774221,0.8910278149618895,0.25497370477091014,0.01612964758896998,-0.1023722234127327,0.38132828807235014,-0.2513544046820893,-0.28688581075381,0.5266524497426683,0.7597069777322623,-0.029026412976560313,-0.05785014813905649,0.3670604507966003,0.1974079175622639,-0.40740223173270235,0.7951009881073592,-0.40356902058216143,0.004646467662297633,-0.0799641796475353,0.3578403763433634,0.38390630302224377,-0.3055194017219285,0.5489755358226794,-0.6766828701389376,-0.012121048861064824,-0.05281641658238355,0.35210362437058756,0.3037873071095501,-0.31799069696806054,0.48853351514973725,-0.7536114338678366,-0.005670453468927345,-0.051343730254426484,0.3994526126075751,-0.1998814408687497,-0.3131080148818252,0.8832789763359267,0.28605773993365935,0.023860088485672552,-0.09733607047338651,0.38220107276178056,-0.3319490642934119,-0.05745978216834882,0.5905812476072541,0.7332952898543353,-0.027708379827789665,-0.03560148655418572,0.3681301237843096,0.1295235004002484,-0.38786114216885315,0.7959628714010372,-0.4463524443649384,0.00800991721614893,-0.067632945806778,0.35884377210937896,0.3037873071095501,-0.31799069696806054,0.48853351514973725,-0.7536114338678366,0.07347924186098306,-0.0021713234919809293,0.3636717104337762,-0.3441073785665456,0.6081747979094074,0.3584560308866227,0.6190499181204374,0.06117489604717039,-0.07122896290610042,0.3604946654791709,-0.42547627938708266,0.5442300198587153,0.46217780642615003,0.5560353373758001,0.06849126061470245,-0.0374962743660289,0.35981903216627725,-0.42300449027680254,0.45289474684749265,0.491120077983131,0.6121720497421059,0.08762248330861196,0.01980150324350636,0.3644959995859069,-0.3441073785665456,0.6081747979094074,0.3584560308866227,0.6190499181204374,513,0.056432846411504714,-0.119604135157696,0.37215335116330095,-0.3319490642934119,-0.05745978216834882,0.5905812476072541,0.7332952898543353,Static,Right
Nummer3,21,22,22,23,0.0,0.0,0.0,-1.0,0.0,0.0,0.0,0.004356826951864235,0.03681025943533058,0.3959966041751055,-0.2787131252208577,-0.008193665878564375,0.6193053234425909,0.7339705539221316,0.026999433365508203,-0.024746760348402275,0.3879820703682069,-0.2862505858421799,0.03045794914012374,0.6620889719278549,0.6919328787467054,0.054728480057900035,-0.07970415864192705,0.36895267662226633,-0.33488244616186885,-0.050710208596413286,0.5854505306174957,0.7365662890714209,0.013430945936957248,0.012854819503690149,0.3928713604524592,-0.2730701888819778,0.007463652057380847,0.6628762303619388,0.6971169694269918,-0.003957191934825311,0.05807370971336092,0.40262330767122667,-0.2787131252208577,-0.008193665878564375,0.6193053234425909,0.7339705539221316,-0.03694642745141721,0.01712585773456414,0.3864502449015043,-0.3066346189062789,-0.16767519442740186,0.6857966433083633,0.6383911055841206,0.011514333823095978,-0.03831991649634724,0.39976625851780356,-0.31167926273502977,-0.1578065677299256,0.7518487677896398,0.5591748874327682,0.04290381185450049,-0.09119563242077035,0.37446276675489304,-0.33488244616186885,-0.050710208596413286,0.5854505306174957,0.7365662890714209,-0.017892566410219746,-0.004477803931079762,0.391544674315985,-0.3089823652092144,-0.16806854969234927,0.7475494134480712,0.5634294410549335,-0.053823840481188615,0.037562703552983884,0.3877830301117447,-0.3066346189062789,-0.16767519442740186,0.6857966433083633,0.6383911055841206,0.035099276503827624,-0.08101884482079119,0.3855582382232449,-0.33488244616186885,-0.050710208596413286,0.5854505306174957,0.7365662890714209,-0.01297263306222622,-0.0718028047385324,0.3549290574820736,0.37779254906341836,-0.309844936577982,0.5576682785422146,-0.671025332053056,-0.014917748203651972,-0.07445353025354456,0.3957207751626354,-0.09399323210693443,-0.3611799407058097,0.8901140124011542,0.26155566840915095,0.01863609310971844,-0.10633867528273334,0.3813282883523321,-0.25291896079207826,-0.2798032248851426,0.522731356346263,0.7645221276772347,-0.026538463574857573,-0.06147983394714423,0.3681400450887102,0.19061129033629326,-0.40858229142655444,0.7995869523773379,-0.39672226143346206,0.006859998637034235,-0.08367173072002833,0.3579910414675415,0.37779254906341836,-0.309844936577982,0.5576682785422146,-0.671025332053056,-0.009748287360812086,-0.05653126479538381,0.3529330853974522,0.2995554325537654,-0.3218417427793536,0.4927694058097411,-0.7509079491723268,-0.002578878562758638,-0.055317675156628505,0.4001560509933898,-0.20532977156029603,-0.30966339985590446,0.8815856262427768,0.29112720124167396,0.026407634389991858,-0.1013483054285713,0.382100620436138,-0.33488244616186885,-0.050710208596413286,0.5854505306174957,0.7365662890714209,-0.025035579205037753,-0.03932872429418762,0.36925889571039466,0.12371274124160549,-0.3893345616818419,0.798578945484893,-0.4420242352662711,0.0104216936531447,-0.07144860104689557,0.35932566336380933,0.2995554325537654,-0.3218417427793536,0.4927694058097411,-0.7509079491723268,0.07596557770646492,-0.0062521445933444554,0.3628527090262756,-0.34752839811576336,0.6144050413198914,0.3549309868660682,0.6129881338705286,0.06344689709586902,-0.07527813967122465,0.3599035801246576,-0.429113054170977,0.5505649916164398,0.45657222381794604,0.5516176041284226,0.0708889440818536,-0.04157578131913285,0.3591034987753023,-0.42775404371276216,0.4590918014685113,0.4868277395033672,0.6076676295161848,0.09012962964656683,0.015715591078653557,0.36339128407519805,-0.34752839811576336,0.6144050413198914,0.3549309868660682,0.6129881338705286,544,0.05868421918455925,-0.12371777314523535,0.3713502179286862,-0.33488244616186885,-0.050710208596413286,0.5854505306174957,0.7365662890714209,Static,Right
Nummer3,21,23,23,24,0.0,0.0,0.0,-1.0,0.0,0.0,6.776263578034403e-21,0.005357261936351155,0.039521456491014004,0.3971314466752466,-0.279748368593044,-0.005647440805895504,0.6187315703306916,0.7340846004092382,0.02786034537803667,-0.022077693455651685,0.38904647602194625,-0.2874167171878003,0.03288360599562706,0.6615813193805861,0.6918240072333103,0.055499739929363794,-0.07711574117560584,0.3701137771384767,-0.33606056351552777,-0.04848955242594652,0.5861564523911725,0.7356172063480791,0.014376774521353528,0.015548847386931172,0.3939778079083898,-0.27424286162022743,0.009897851668049374,0.6624229301833934,0.6970572049336793,-0.0028854629460959473,0.060802020962387904,0.40379272247587134,-0.279748368593044,-0.005647440805895504,0.6187315703306916,0.7340846004092382,-0.03616574300454546,0.01970762518601505,0.3875140614435259,-0.30854347476145055,-0.16651735465558568,0.686598553354742,0.6369107640100077,0.012420347683530387,-0.035601234707716936,0.4009442802394197,-0.31356686878553097,-0.1568579530008956,0.752559426099769,0.5574277635432171,0.04369300607829822,-0.08858222121456158,0.37571219551211843,-0.33606056351552777,-0.04848955242594652,0.5861564523911725,0.7356172063480791,-0.017063211359361216,-0.0018432292352027688,0.3926532839975903,-0.3108896078452221,-0.16711744413768617,0.7482664337685293,0.5617087819271287,-0.0530685116523363,0.04012568857314279,0.38880990269865434,-0.30854347476145055,-0.16651735465558568,0.686598553354742,0.6369107640100077,0.0359340361716677,-0.07836082296322842,0.386800688230953,-0.33606056351552777,-0.04848955242594652,0.5861564523911725,0.7356172063480791,-0.01217909344903326,-0.06932075263384574,0.356338063466474,0.3764521445761171,-0.31143112808658535,0.5558371518361706,-0.6725618900453795,-0.014038896054246875,-0.07174202811782984,0.3971424875685282,-0.09596179757667271,-0.360602513043944,0.8907461909863454,0.25947713624819246,0.019446965866452635,-0.10369067504908515,0.382733613230474,-0.2543963775128091,-0.27768779555384004,0.5236912298438585,0.7641462341027639,-0.02571958241092693,-0.05892025459705428,0.36951607926019386,0.18865522066608817,-0.40949204871721756,0.7986290217517145,-0.3986441462867667,0.007657607669795213,-0.0811710998492839,0.3594484910248381,0.3764521445761171,-0.31143112808658535,0.5558371518361706,-0.6725618900453795,-0.008966672556807557,-0.054067494217108006,0.3542581813343794,0.29794021716579155,-0.323649994463107,0.49122398171102305,-0.7517854134466831,-0.0016763947326790141,-0.05259375333704697,0.4014555579358967,-0.2072975713179711,-0.30867123138941305,0.8821456619421036,0.289082719917573,0.027222922009162858,-0.09870013541270375,0.38345474096142956,-0.33606056351552777,-0.04848955242594652,0.5861564523911725,0.7356172063480791,-0.024210386910487446,-0.036773002936851054,0.37052755434198265,0.12158525442944475,-0.3901966622683303,0.7975300149436556,-0.44374482072916005,0.01121885143372028,-0.06895391031256969,0.36067354313716193,0.29794021716579155,-0.323649994463107,0.49122398171102305,-0.7517854134466831,0.07679006379795887,-0.0037036760268012777,0.36364212810920843,-0.3465664335038424,0.6165717932300226,0.3549166170469535,0.6113633337921789,0.06418532282342398,-0.07272752218577726,0.36101370626580115,-0.42875291971887425,0.5526542351430294,0.45667494701009154,0.549720131507246,0.07164341454708899,-0.039033278413874495,0.36004881172182607,-0.42735634215292045,0.46150778725038344,0.48676677669809065,0.6061643541415827,0.09099180552038386,0.01824310667027646,0.3640410106693442,-0.3465664335038424,0.6165717932300226,0.3549166170469535,0.6113633337921789,575,0.05944873442291066,-0.1211204310059584,0.3726580861653818,-0.33606056351552777,-0.04848955242594652,0.5861564523911725,0.7356172063480791,Static,Right
Nummer3,21,24,24,25,0.0,0.0,0.0,-1.0,0.0,0.0,0.0,0.008211720672487419,0.043858239937267895,0.398418082594405,-0.28006494609737986,0.0012338211145173257,0.6186017039806841,0.7340940235999223,0.030146930349325037,-0.01794844335128766,0.3903608665552665,-0.2880455769777906,0.039650314420402684,0.6613910703084294,0.6913895069106598,0.057188406610140005,-0.07333129115451908,0.371479885864638,-0.33608592956972966,-0.04147161337108082,0.5865994301923216,0.7356816306852401,0.017010342540869285,0.01980298544407074,0.39527249354229577,-0.27490410154323236,0.016668520850506664,0.6624013170004502,0.6966881587937558,0.0002107438610879737,0.0652285322641951,0.4050878212643327,-0.28006494609737986,0.0012338211145173257,0.6186017039806841,0.7340940235999223,-0.03352189073187425,0.02442781390532169,0.38945743694987683,-0.3102379063679838,-0.15868451388715785,0.6856345206721091,0.6391220310453504,0.014716801555597887,-0.03128086368271137,0.40248580971040065,-0.3156955392436455,-0.14969627119401654,0.7522432203038718,0.5586210615427349,0.04533317246828664,-0.08466804862544908,0.3772337823259195,-0.33608592956972966,-0.04147161337108082,0.5865994301923216,0.7356816306852401,-0.014556049746654181,0.0027194003225600866,0.39443764903804335,-0.3129893439073987,-0.15995346518203618,0.7480187482682085,0.562956936022586,-0.050208230874283256,0.04500819480699897,0.39095810899723,-0.3102379063679838,-0.15868451388715785,0.6856345206721091,0.6391220310453504,0.03773336736888983,-0.0743073516326134,0.38833441727504864,-0.33608592956972966,-0.04147161337108082,0.5865994301923216,0.7356816306852401,-0.01064231493382065,-0.06495960670918301,0.3583204527319612,0.37024465784975347,-0.31463997043004543,0.5588206016421567,-0.6720417528113838,-0.012076554701636086,-0.06721946138511858,0.3991424701139093,-0.10065409459152903,-0.35620266303732434,0.8918049295442804,0.2601391622335997,0.020997287016697154,-0.09952052346526594,0.38456843565240495,-0.2545978995902568,-0.27099536044447164,0.525571084263645,0.765190472711035,-0.02397826088474388,-0.05442316140747419,0.3715977554700233,0.18240269135595275,-0.40944830748090694,0.8001038282869345,-0.39864170083888284,0.009161381244019023,-0.07692901671361721,0.36117852793068655,0.37024465784975347,-0.31463997043004543,0.5588206016421567,-0.6720417528113838,-0.007343699144729608,-0.04973834697154501,0.35617366446216925,0.29108160469009053,-0.3264174862660792,0.49317520146828836,-0.7519982345241838,0.0004865700039605103,-0.048151742450864204,0.40322856241290367,-0.2117440806842623,-0.30264729403489354,0.8827706283677828,0.2903189235990027,0.028821239077427434,-0.09459095291259956,0.3851855396287978,-0.33608592956972966,-0.04147161337108082,0.5865994301923216,0.7356816306852401,-0.022269385629310898,-0.03223450865546179,0.3725141791776979,0.11461163274027839,-0.3893455853468451,0.7987332410210366,-0.4441839692059596,0.012781557308529808,-0.06478444785879577,0.36239951506921164,0.29108160469009053,-0.3264174862660792,0.49317520146828836,-0.7519982345241838,0.07933082290903168,-0.0002119558929488518,0.3646905963323915,-0.3431589662311521,0.6210709793694222,0.35068732838483724,0.6111719563188246,0.0658688443432868,-0.06908337421807542,0.3623044127726368,-0.4262256485609818,0.5576003144226317,0.4526754077786178,0.5499986918684577,0.07372217827117267,-0.03548272765331429,0.3612113813700147,-0.42456803245893854,0.46690702710227044,0.4832411126738627,0.6068095589871607,0.09380573872467153,0.021556891824310143,0.36494932242873623,-0.3431589662311521,0.6210709793694222,0.35068732838483724,0.6111719563188246,612,0.060749904568751435,-0.11733480636607112,0.37418405659103676,-0.33608592956972966,-0.04147161337108082,0.5865994301923216,0.7356816306852401,Static,Right
Nummer3,21,25,25,26,0.0,0.0,0.0,-1.0,-2.7105054312137617e-20,-1.7347234759768075e-18,3.4965520062657526e-18,0.009289324133168787,0.041399583951653794,0.39954024831020324,-0.2819513219467471,9.753638505561118e-05,0.6165481534206649,0.7350998687611798,0.031427185656778066,-0.020287307904457597,0.39112480997973537,-0.28999417920278164,0.038409061639726495,0.6594163022834661,0.6925303316788811,0.05857821333599118,-0.075471224949784,0.3718178655685364,-0.337687766528585,-0.04248198949602002,0.5837227006837005,0.7371770897226276,0.018167417014594338,0.01739203475819332,0.3962545924377251,-0.2768034755003048,0.015464381254078395,0.6603854630509676,0.6978765858332976,0.0012239817728659803,0.06270855247758286,0.4063292433000435,-0.2819513219467471,9.753638505561118e-05,0.6165481534206649,0.7350998687611798,-0.03239486041141954,0.02182823260911227,0.39039656007845036,-0.311369865708503,-0.16034598054576768,0.6838573978885617,0.6400601788930246,0.016062786152788854,-0.03374153107830256,0.4031992363292641,-0.31662176084314053,-0.15164388758260403,0.7508529848009382,0.5594413169716247,0.046767933192894594,-0.08687809988726329,0.3775261873974356,-0.337687766528585,-0.04248198949602002,0.5837227006837005,0.7371770897226276,-0.013343865433958208,0.0001746503037931002,0.3952893023274875,-0.31390382872171047,-0.16188610080909596,0.7466011436132702,0.5637765594932405,-0.04915620387365937,0.04234060836659522,0.39199801289531794,-0.311369865708503,-0.16034598054576768,0.6838573978885617,0.6400601788930246,0.03916426623788015,-0.07661024554028469,0.3887120061849206,-0.337687766528585,-0.04248198949602002,0.5837227006837005,0.7371770897226276,-0.009169997513323189,-0.06735971969514132,0.35888872552672596,0.3717803505767487,-0.3139844089009042,0.5585684704827195,-0.6717100756090942,-0.010638429074444742,-0.06973171296262892,0.3996869324810677,-0.10005596049058377,-0.35718527844150194,0.8911673016830959,0.2612055168748234,0.02248900003479131,-0.1018456069007556,0.384821554660666,-0.25541677254686646,-0.2716172778259866,0.5223790575294918,0.7668809861658739,-0.022542184948514937,-0.05687727635296587,0.37217122479366305,0.18377422557034181,-0.40965553604948624,0.8000793213635293,-0.3978472763844234,0.010646840329474038,-0.07929882288964675,0.36177899572572636,0.3717803505767487,-0.3139844089009042,0.5585684704827195,-0.6717100756090942,-0.005899902173572899,-0.05212305576381774,0.3568168607355659,0.29358167201279367,-0.32661530662477406,0.49324675306938903,-0.7508927246438619,0.001882343813283142,-0.05065631572845179,0.4038678530318896,-0.21156083251756383,-0.30503661134966953,0.8816854559785365,0.2912480671123947,0.03030005884683177,-0.09689833804221334,0.3854514094662717,-0.337687766528585,-0.04248198949602002,0.5837227006837005,0.7371770897226276,-0.02092310543894718,-0.034734993338878646,0.3731913750109168,0.11664618874877093,-0.3907108667651259,0.798441796435368,-0.4429778583034287,0.014285841363746526,-0.06709475827123661,0.3630305636472695,0.29358167201279367,-0.32661530662477406,0.49324675306938903,-0.7508927246438619,0.08056854132664223,-0.0022681925399878518,0.3656486853252705,-0.3466149873451099,0.6197480652119076,0.3478817364762138,0.612167202355811,0.06722631977008829,-0.07114032618248302,0.362652142739871,-0.4297947508533171,0.5554884841675098,0.45061007775453493,0.551053149816122,0.07498916752938067,-0.037510208446801564,0.3618493409273091,-0.42740170404856687,0.4651380377017514,0.48031710211338147,0.608498044924344,0.09502358782970222,0.0195118667359164,0.3660895339755709,-0.3466149873451099,0.6197480652119076,0.3478817364762138,0.612167202355811,658,0.06226570221345139,-0.11947995862113125,0.37422480458376695,-0.337687766528585,-0.04248198949602002,0.5837227006837005,0.7371770897226276,Static,Right
Nummer3,21,26,26,27,0.0,0.0,0.0,-1.0,0.0,0.0,0.0,0.010772976128582138,0.0378622665966925,0.39966379795960255,-0.2873455417789546,0.004649089358215422,0.6181270395821346,0.7316624143177815,0.03305673147489413,-0.023806360785799213,0.3915033924901969,-0.29540037541188796,0.04270814700089599,0.6606491848946519,0.688808599601005,0.059920827520628626,-0.0790816378213251,0.37210491532596,-0.34203834650104326,-0.036371728429493745,0.5833696264995041,0.7357762878563787,0.019707342144623403,0.013863542122605793,0.39647444402686227,-0.28232734101553025,0.01973915976274341,0.6616779068467002,0.6943226812354115,0.002701170724965842,0.05919764815656041,0.4063582940736496,-0.2873455417789546,0.004649089358215422,0.6181270395821346,0.7316624143177815,-0.03084890435744815,0.018117346670053484,0.39095261756328237,-0.3164977474941426,-0.15614238851987133,0.6854924025337702,0.636827210793417,0.017870756529412266,-0.037195523762104346,0.40387091975918393,-0.3219166714762317,-0.14795284385435564,0.7521127827921664,0.5557031352995014,0.04820231568635219,-0.09046002307991234,0.37805611556600294,-0.34203834650104326,-0.036371728429493745,0.5833696264995041,0.7357762878563787,-0.011697229908075696,-0.003436251771608844,0.39588775211067057,-0.31923913488142935,-0.15818312545522129,0.7478865840974117,0.5601161762603178,-0.047640984192395375,0.03860931849075189,0.39250685426226584,-0.3164977474941426,-0.15614238851987133,0.6854924025337702,0.636827210793417,0.04077556269737175,-0.08014009266293279,0.3892970479218784,-0.34203834650104326,-0.036371728429493745,0.5833696264995041,0.7357762878563787,-0.007710729093122383,-0.07136285160005518,0.36016635296396166,0.36775844687421,-0.3177532282692594,0.5541139102469911,-0.6758286655269383,-0.008867614188499056,-0.07321138459679868,0.4009401535304534,-0.1058767470831033,-0.3546641460247089,0.8925947469778164,0.25744528665188776,0.02405431559795869,-0.10540002672682951,0.38578521912081787,-0.2599815299153304,-0.2655117702057773,0.5226659801289267,0.7672896305834891,-0.020990146877251124,-0.06066879838443839,0.37337488180468137,0.17818370192613237,-0.4115419819491091,0.7980265240000718,-0.40253873410351626,0.012099450019856586,-0.08328381897991118,0.3631747775084861,0.36775844687421,-0.3177532282692594,0.5541139102469911,-0.6758286655269383,-0.0044383472961018935,-0.05613683004213343,0.3579667032436115,0.2914274330462941,-0.3315215528532125,0.4877250643194022,-0.7531850854182374,0.0037053767527862064,-0.05411031016275407,0.4048347157979544,-0.21760312918269067,-0.30378883179217864,0.8818457838831504,0.2875921370548174,0.03187241235171273,-0.10044817555407255,0.3862766192752813,-0.34203834650104326,-0.036371728429493745,0.5833696264995041,0.7357762878563787,-0.01942211009486236,-0.038581415981909874,0.37419872417646466,0.11230509234878192,-0.39425454980450836,0.7951090350507267,-0.4469368395776726,0.015834342647816912,-0.07093711067802569,0.364304207526574,0.2914274330462941,-0.3315215528532125,0.4877250643194022,-0.7531850854182374,0.08162313105990598,-0.005865747248749021,0.3650236793636698,-0.34790064789360176,0.625595140178589,0.34827097292131104,0.6052298647626265,0.06841014770890587,-0.07478990033004634,0.36277478408107067,-0.43194897291516865,0.5611280592282359,0.4497906808146481,0.544282766029368,0.07608278081123457,-0.041151423535200585,0.3615890483602292,-0.43036313017350347,0.47108968742302554,0.47980868080954364,0.602200724352558,0.09602110738842874,0.015956442058034027,0.36505898520204716,-0.34790064789360176,0.625595140178589,0.34827097292131104,0.6052298647626265,700,0.06368131854944446,-0.12308570946081177,0.37472317264126176,-0.34203834650104326,-0.036371728429493745,0.5833696264995041,0.7357762878563787,Static,Right
Nummer3,21,27,27,28,0.0,0.0,0.0,-1.0,1.680513367352532e-18,0.0,0.0,0.012877180481433518,0.033333797017435905,0.4012263171942351,-0.28745317722867597,0.006075014548153374,0.613119989273922,0.7358108750569844,0.03491551691445713,-0.028323405387811907,0.3923459274604924,-0.29588488981570443,0.043821811788272165,0.6564444622018182,0.6925405755873858,0.06147269929109307,-0.08353291207019822,0.37233676703078816,-0.34155823982234873,-0.03517696153840532,0.5793686529922674,0.7392107372842405,0.02171548532571744,0.009337748044277465,0.397755004019472,-0.2826881828624864,0.02093253280733878,0.6575126736034912,0.698087605097644,0.004925328276790087,0.054622208637411906,0.4082093596696883,-0.28745317722867597,0.006075014548153374,0.613119989273922,0.7358108750569844,-0.028878424064883414,0.013737631001048542,0.3921024418975325,-0.3158138518639676,-0.1556610274627043,0.6835634871835502,0.639352965496809,0.019724897550100554,-0.04176265237271155,0.4046549845651652,-0.32133476295270214,-0.14756486616161907,0.7505636951647465,0.5582317797236876,0.04973056415459411,-0.0949162553192268,0.3782305055651132,-0.34155823982234873,-0.03517696153840532,0.5793686529922674,0.7392107372842405,-0.009771253672192382,-0.007888742813384286,0.3968947371955163,-0.31862168594318535,-0.15779011848733576,0.7463395314999045,0.5626364754217219,-0.04561568774987305,0.03426149159729712,0.3938034423575224,-0.3158138518639676,-0.1556610274627043,0.6835634871835502,0.639352965496809,0.04239068337106621,-0.08466742089231626,0.38959501210844244,-0.34155823982234873,-0.03517696153840532,0.5793686529922674,0.7392107372842405,-0.005926381923049666,-0.07567421693250996,0.36079373436071976,0.36781476027576016,-0.3150456344839866,0.5543597904522473,-0.6768631863571899,-0.007175357077245724,-0.07763851403712778,0.401508243899077,-0.10416233329483425,-0.3531992629215694,0.8929300385852583,0.2589911874685416,0.02554849802835518,-0.10982418355827757,0.385923278178776,-0.2582653686278395,-0.26400041943997626,0.5191714866502806,0.7707553083517366,-0.019210415959429523,-0.06495074929507219,0.37397284345614507,0.17916657706911907,-0.40914097831947754,0.7988332407653989,-0.40294968788840935,0.013825044935580748,-0.08767474898303408,0.3638703580869031,0.36781476027576016,-0.3150456344839866,0.5543597904522473,-0.6768631863571899,-0.0026543595682263187,-0.060392493047652346,0.35872036058435797,0.2914221615265635,-0.3299107428095378,0.489186788823103,-0.7529464198673007,0.005493858883692675,-0.05862566472174098,0.40552450109272076,-0.21672421610587705,-0.30293504334779475,0.8813984627063444,0.29051286306126906,0.033389473057291584,-0.1049083649834355,0.3864266580898097,-0.34155823982234873,-0.03517696153840532,0.5793686529922674,0.7392107372842405,-0.017614195778043292,-0.0428572668203028,0.37499633858050685,0.11294125782846665,-0.39280406861186756,0.796315240360509,-0.44590500550192497,0.0175736289651826,-0.07526246273983321,0.3650374129227432,0.2914221615265635,-0.3299107428095378,0.489186788823103,-0.7529464198673007,0.08360789393794753,-0.010380897895236081,0.365986748913331,-0.3495963591277249,0.6260101536094309,0.3416595831869445,0.6075873620139404,0.06994608370776065,-0.0791935892962513,0.3630139215750873,-0.4344931480788693,0.5607011573827628,0.44483786320274565,0.5467624638207705,0.07776917753813489,-0.045578783518167534,0.36216651587363247,-0.43140191735388156,0.47156628438155296,0.4737033152721959,0.6059065887066272,0.09818397725091337,0.011322059618111387,0.3662234986278134,-0.3495963591277249,0.6260101536094309,0.3416595831869445,0.6075873620139404,728,0.06505551795486468,-0.1275711430026601,0.3745350528997507,-0.34155823982234873,-0.03517696153840532,0.5793686529922674,0.7392107372842405,Static,Right
Nummer3,21,28,28,29,0.0,0.0,0.0,-1.0,0.0,-3.4694469519536134e-18,3.482999479109682e-18,0.011327286395299984,0.030999087044135523,0.40041056118732565,-0.2901428742681539,0.002917129071055218,0.6141927406764952,0.7338772923109781,0.03392575289760426,-0.030476846333002613,0.39168338952899867,-0.2983064715729556,0.040565461359608354,0.6575297675116246,0.6906680079448335,0.06083814125756974,-0.08550714875228692,0.3716704642954271,-0.34368042597952553,-0.03733580218437913,0.5792694542054607,0.7381982810182429,0.020383651668742096,0.007076350877059556,0.3970000255527853,-0.2851545896900329,0.017654915017354427,0.6584895561962464,0.6962518713331473,0.0031719171314356243,0.052230216373117505,0.40733378764513106,-0.2901428742681539,0.002917129071055218,0.6141927406764952,0.7338772923109781,-0.03021403823121829,0.011047052392288948,0.39114603526714237,-0.3174367530834534,-0.159428600168419,0.6846079437406036,0.6364969698336637,0.018811556804153737,-0.04401547042920769,0.4039768765863953,-0.3226751492819056,-0.15118686656940145,0.7510809219822504,0.5557883842319111,0.04916587873954108,-0.0969670212921937,0.3775575789604653,-0.34368042597952553,-0.03733580218437913,0.5792694542054607,0.7381982810182429,-0.010942237084119956,-0.01040792194968813,0.3960475689589373,-0.31999910929486564,-0.16140404828380983,0.7468145784290172,0.5601939741678588,-0.04713604919232307,0.031430161565996595,0.3927089400770936,-0.3174367530834534,-0.159428600168419,0.6846079437406036,0.6364969698336637,0.04175930379860489,-0.08677091768446477,0.38892100849845046,-0.34368042597952553,-0.03733580218437913,0.5792694542054607,0.7381982810182429,-0.006540565692327761,-0.07813190292954447,0.3600873811646732,0.37061134839556176,-0.315883237864167,0.5518605400774768,-0.6769896253136153,-0.007858526037291305,-0.08006088203469985,0.40080013211742727,-0.10426741468922358,-0.35615065925270484,0.8920750436009512,0.25785098551731395,0.025080198542155166,-0.11203332087638142,0.3852295976823379,-0.2604763000938602,-0.2659664747897457,0.5183116086399455,0.7699136365375021,-0.019917671073218783,-0.06747671641195699,0.3732274181853197,0.18099530602277147,-0.4112933397104035,0.7971604167858878,-0.4032539619363159,0.013273004330693613,-0.0900023749240537,0.36326910578669847,0.37061134839556176,-0.315883237864167,0.5518605400774768,-0.6769896253136153,-0.003374483184690821,-0.06283167839335185,0.3579973305200902,0.29411443074492044,-0.3309416953477105,0.4874672314264359,-0.7525622859228466,0.00468676558278144,-0.060969529976811765,0.40483108780672805,-0.2170019548773191,-0.30591699483610924,0.880776083773902,0.2890647576266847,0.03288924822487389,-0.10706896022769331,0.38574067439144055,-0.34368042597952553,-0.03733580218437913,0.5792694542054607,0.7381982810182429,-0.018465327854947033,-0.04538196767483316,0.37424356208246223,0.11475587992928278,-0.3950440246655843,0.7948767169619927,-0.44602949614279713,0.01693729411817271,-0.07756564737376395,0.3643663738456713,0.29411443074492044,-0.3309416953477105,0.4874672314264359,-0.7525622859228466,0.08234951816901827,-0.012177373112971814,0.3652056997164722,-0.352133943257015,0.6246943715915869,0.34535029509662063,0.605385663676251,0.06928078712086563,-0.08110748442729966,0.3623493166914886,-0.4361128075306435,0.5595168844632293,0.4471075270322462,0.5448314733744835,0.07686610979356864,-0.0474402527807671,0.3614535303276205,-0.43409657782862043,0.46965964633649615,0.476594793828037,0.6031893402710039,0.09670395603252033,0.009672422315172555,0.36539678443880347,-0.352133943257015,0.6246943715915869,0.34535029509662063,0.605385663676251,756,0.06470705079305605,-0.1295263649397216,0.37386514041050545,-0.34368042597952553,-0.03733580218437913,0.5792694542054607,0.7381982810182429,Static,Right
Nummer3,21,29,29,30,0.0,0.0,0.0,-1.0,0.0,0.0,1.3552527156068808e-20,0.010557727521834866,0.03136031927918845,0.39984955598485045,-0.2910807688201085,0.0034795214783989972,0.6166974115224505,0.7313987842312055,0.03326310151379315,-0.030127388553734678,0.39149507219838087,-0.2990953869111138,0.04120413672614106,0.6596408009622877,0.6882718811276372,0.06010858054774036,-0.08527594380990997,0.371686817161794,-0.34400851720500747,-0.03562202748136233,0.5805822732539093,0.7370979821108264,0.019655956727762058,0.007433273607663028,0.39658428773413346,-0.28602226624832444,0.018252311550459994,0.6606033499956312,0.6938741458706955,0.00236070009009671,0.052622237836517274,0.40662706537583265,-0.2910807688201085,0.0034795214783989972,0.6166974115224505,0.7313987842312055,-0.030915971796938644,0.01135812793183688,0.390793114292889,-0.31836934163732306,-0.15858397950584546,0.6860972849088826,0.6346358005897293,0.01816127663711901,-0.043599566987335206,0.4038773009819033,-0.323578471301751,-0.15039183870681688,0.7523682112669087,0.5537339997105444,0.048434255843398055,-0.09669895695439877,0.3776369473619175,-0.34400851720500747,-0.03562202748136233,0.5805822732539093,0.7370979821108264,-0.011624630836653813,-0.010056722590914483,0.3957940165157136,-0.3209285887401585,-0.16061371419925702,0.7481114025806537,0.5581553592586715,-0.0478525443286534,0.03173614016989908,0.3922628445754082,-0.31836934163732306,-0.15858397950584546,0.6860972849088826,0.6346358005897293,0.04104358632145114,-0.08644004180446853,0.38896671739329486,-0.34400851720500747,-0.03562202748136233,0.5805822732539093,0.7370979821108264,-0.0071547103560434915,-0.07803044542593783,0.36022001944138365,0.3699734763841964,-0.316228627631285,0.5480303246396848,-0.6802807105261389,-0.00854521368430007,-0.07963513104815574,0.4009111363656948,-0.10497806653966546,-0.35561922489309467,0.8932293521628034,0.25427523840682303,0.024336001827334988,-0.11170431750886159,0.38541936915772596,-0.2612366442668527,-0.26443095736206684,0.5198707908421903,0.7691333078926503,-0.020562526233148387,-0.06725363167079437,0.3732289773048178,0.18017636144809224,-0.41132474654360757,0.7952350044027806,-0.40736926667174217,0.012640914796063305,-0.08987941539438316,0.3635886233842894,0.3699734763841964,-0.316228627631285,0.5480303246396848,-0.6802807105261389,-0.003921598696689389,-0.06278813481386365,0.35810773319108624,0.294292007614833,-0.3308060702745787,0.48152963553281863,-0.7563654990989161,0.004023550220359162,-0.060537118732997615,0.4048337457674832,-0.21774386689631753,-0.30545013991687414,0.881895659546493,0.28556587003151673,0.032150764532861996,-0.10674405192437054,0.3858932680790373,-0.34400851720500747,-0.03562202748136233,0.5805822732539093,0.7370979821108264,-0.019102806619949925,-0.045188777902737266,0.37410666622755845,0.11465529638938907,-0.39519384872051255,0.7920340900536867,-0.4509523091593596,0.016375180462011838,-0.07740326955708347,0.36478960547514233,0.294292007614833,-0.3308060702745787,0.48152963553281863,-0.7563654990989161,0.08173725411861052,-0.012017674554211417,0.3650205003208159,-0.3510282449832204,0.6253996961634125,0.3457849446985012,0.6050513724325944,0.0685560293098456,-0.08093180127486879,0.36234212770484303,-0.4348672083275234,0.5606063329949356,0.4470922417071062,0.5447197242001729,0.0762164203828794,-0.04728356412707638,0.3613635642403103,-0.4332093628951425,0.4705424515404942,0.4770994042677141,0.6027400829923615,0.09611517639605972,0.009818155041953311,0.3651516446340157,-0.3510282449832204,0.6253996961634125,0.3457849446985012,0.6050513724325944,789,0.06392581442192577,-0.12928152641091567,0.37405514705769954,-0.34400851720500747,-0.03562202748136233,0.5805822732539093,0.7370979821108264,Static,Right
Nummer3,21,30,30,31,0.0,0.0,0.0,-1.0,0.0,0.0,0.0,0.01172980541946753,0.0325901251128985,0.40133067495015506,-0.2915220764203276,0.005287537435367778,0.6184824613856514,0.7297029298733811,0.03436766196826818,-0.028959796777526147,0.3932487329088795,-0.2994985298497095,0.04307326983702464,0.6610917051096753,0.6865879998067196,0.06085882555948559,-0.08415392427802101,0.37309171142646574,-0.3439649314993769,-0.03288235068402621,0.5783633813775286,0.7389876020568092,0.020802179710880376,0.008638728197427776,0.39816983368332565,-0.2864859759214981,0.020095389883365917,0.6620933313424484,0.692209781422945,0.0035597997162257634,0.05389490614745057,0.4080032560009023,-0.2915220764203276,0.005287537435367778,0.6184824613856514,0.7297029298733811,-0.029643408499574947,0.012696149147583307,0.39262071408338817,-0.318106344500924,-0.1566131572430649,0.686623183651451,0.6346883300006108,0.019276762647503973,-0.04240942850823265,0.4056682344286238,-0.3235888716017697,-0.1482774267581161,0.7526270814840078,0.5539463178922212,0.04916791375182394,-0.09554579085447354,0.3790672320740562,-0.3439649314993769,-0.03288235068402621,0.5783633813775286,0.7389876020568092,-0.010412713982317174,-0.008776254791726272,0.3976056597652417,-0.32093426921786,-0.1585024636529632,0.7483931216004462,0.5583779180793945,-0.04651024936911537,0.03313252551766217,0.39408478714921763,-0.318106344500924,-0.1566131572430649,0.686623183651451,0.6346883300006108,0.04188613788297267,-0.08529587923386397,0.39047472526780874,-0.3439649314993769,-0.03288235068402621,0.5783633813775286,0.7389876020568092,-0.006280337353128235,-0.07673071217303426,0.3621025335028048,0.36846276082147833,-0.3147003980879033,0.5469836765478853,-0.6826475744637841,-0.007604416570700703,-0.07831787920895963,0.40272451940976983,-0.10558045493382835,-0.35293788766311185,0.8939301275031646,0.25529696850930783,0.025048265912045342,-0.11047409547175421,0.3869316406556812,-0.2605423559137859,-0.2615831779262172,0.5183304373865442,0.7713789467438096,-0.01964011523652957,-0.0658591617752977,0.37508320651523575,0.1788530633853453,-0.40952277571360673,0.7957572158167426,-0.40874580287152396,0.01344782342919453,-0.08866168277400711,0.3655702540315589,0.36846276082147833,-0.3147003980879033,0.5469836765478853,-0.6826475744637841,-0.002852472832591888,-0.06159946658384278,0.3600836380749969,0.29436401806896006,-0.3294972746213575,0.4776721863505776,-0.7593488350359495,0.005070376548578788,-0.05928872463811033,0.40664408388840717,-0.21815884748248418,-0.3040972571398173,0.8821791909279288,0.28581716281374525,0.03288684516560628,-0.1055499882127706,0.3873792096309989,-0.3439649314993769,-0.03288235068402621,0.5783633813775286,0.7389876020568092,-0.018065552356257585,-0.043901743287971404,0.37594327576157066,0.1146734753039381,-0.39428686939303875,0.7909344953696633,-0.45366340244755243,0.01739571848827753,-0.07616816607561286,0.36700724467502605,0.29436401806896006,-0.3294972746213575,0.4776721863505776,-0.7593488350359495,0.08274043982377022,-0.010966507524799551,0.3666938937376481,-0.352479906426144,0.6265991682953239,0.34221643424891457,0.6049952974919586,0.06927294040046282,-0.07981311666398062,0.36371499287994125,-0.43630290341103667,0.5617847379424938,0.44328077385949927,0.5454721259757521,0.07707753646418572,-0.04619341251833123,0.36287964897404124,-0.43458806766606317,0.4717509046118753,0.47359988356778365,0.6035622964738077,0.09719569495404215,0.010817129269369584,0.36686659329894095,-0.352479906426144,0.6265991682953239,0.34221643424891457,0.6049952974919586,830,0.0644964621663186,-0.12818337822807827,0.3752811951045057,-0.3439649314993769,-0.03288235068402621,0.5783633813775286,0.7389876020568092,Static,Right
Nummer3,21,31,31,32,0.0,0.0,0.0,-1.0,0.0,0.0,0.0,0.014962098048842314,0.03277367518609754,0.40056374996094324,-0.28821451165933726,0.009058315871302526,0.6183111305732201,0.7311235791518503,0.036975870867148444,-0.029007004268050352,0.3925205181796352,-0.2964225873628875,0.04690555617464919,0.6610519558071808,0.6877091174504956,0.0627931294830015,-0.08452232746545459,0.37231506206377624,-0.34004310096411966,-0.028752579919558825,0.5780921077016627,0.7411838460515205,0.02379079871751475,0.008729309540122186,0.3974178543514817,-0.28339415061720874,0.02392844169119538,0.6621783889650242,0.6932784190077367,0.007021783509030693,0.05416222907078665,0.4072434994121281,-0.28821451165933726,0.009058315871302526,0.6183111305732201,0.7311235791518503,-0.026537354275808177,0.013421343745717358,0.3920736236028886,-0.3151376548842669,-0.15166037342626298,0.6864518315567327,0.6375509960455384,0.02174772678714257,-0.04227864637651878,0.40496361026413363,-0.3210246932604853,-0.14330021236942525,0.7528909258397097,0.5563842640119451,0.050969140996526864,-0.09577431203790937,0.37829373954738055,-0.34004310096411966,-0.028752579919558825,0.5780921077016627,0.7411838460515205,-0.007554984285337487,-0.0082849006121355,0.39699799385928314,-0.31833380857336074,-0.15354399486704634,0.7487197461665493,0.5608088530504359,-0.04314681851552974,0.03406122199230932,0.39363092146626216,-0.3151376548842669,-0.15166037342626298,0.6864518315567327,0.6375509960455384,0.043808528568761135,-0.08542960182534375,0.3897123795398388,-0.34004310096411966,-0.028752579919558825,0.5780921077016627,0.7411838460515205,-0.004133203612668035,-0.07646293216644759,0.36147028383728247,0.3644607993722494,-0.31071859240153776,0.5459301593790009,-0.6874463929190164,-0.005570500021864544,-0.077858184277851,0.40205872287572947,-0.10383486408681085,-0.34718541387654595,0.8967757307053248,0.25391710893395114,0.026662329839233452,-0.11040129534725483,0.3861928179513339,-0.2563286020239419,-0.2577659037465004,0.5195144162326065,0.7732768960577419,-0.01739668842452781,-0.06535461445490151,0.37434843239462234,0.1765260700970933,-0.40422366922739994,0.7969642674770464,-0.41266176001319604,0.01542503478280338,-0.08862146485355059,0.36510837946034636,0.3644607993722494,-0.31071859240153776,0.5459301593790009,-0.6874463929190164,-0.0006603299438347875,-0.06117374307947515,0.3594807144006639,0.29028499431847027,-0.32721026255306485,0.4792979129578691,-0.7608821043944398,0.007340249788006391,-0.05898518359984215,0.4059606887590751,-0.2173275948606787,-0.29917310265527475,0.8833975673582057,0.2878765519199049,0.03456009811754167,-0.10557235296537583,0.3866270951607764,-0.34004310096411966,-0.028752579919558825,0.5780921077016627,0.7411838460515205,-0.01569199722660749,-0.04330932042468306,0.3753271673132553,0.11222238819215499,-0.39026266094948897,0.7927775075251584,-0.45453824329672293,0.0194391729551699,-0.07594838327564718,0.3664024656448623,0.29028499431847027,-0.32721026255306485,0.4792979129578691,-0.7608821043944398,0.08584241989401038,-0.011669829190259762,0.36593650677188605,-0.34736660536204617,0.6295341585289209,0.3365774751271085,0.6080615001474708,0.07127428714951638,-0.08029352739069683,0.3629446281590179,-0.4323558123497121,0.565038275315198,0.43917178541427754,0.5485693591992565,0.07956541790587543,-0.04679112537466659,0.3621073761436457,-0.42946119808648187,0.47581803587857047,0.4692980878944139,0.6073875046207571,0.10067472388112451,0.009858595495346206,0.36611614248666846,-0.34736660536204617,0.6295341585289209,0.3365774751271085,0.6080615001474708,855,0.06587032830244663,-0.12858060607006222,0.3744611074557457,-0.34004310096411966,-0.028752579919558825,0.5780921077016627,0.7411838460515205,Static,Right
Nummer3,21,32,32,33,0.0,0.0,0.0,-1.0,0.0,0.0,0.0,0.014040299287203389,0.033142123483928185,0.4002813361973073,-0.2906126342602271,0.008386339608992904,0.6198529554217198,0.728873294730472,0.03638726838142224,-0.028550116322930693,0.392479304992869,-0.29863987095978883,0.04614524847280181,0.6624905689474117,0.6854130795164615,0.06243954305136201,-0.08397755877294433,0.372349624593706,-0.34250439652461967,-0.02911237321125348,0.5785640265522982,0.7396667325673817,0.0229987017516746,0.009133800438864057,0.39722935194957654,-0.28567769362512707,0.023140869837776377,0.6635740986400968,0.6910297903290149,0.005987251979577259,0.054516575241420936,0.406872468659013,-0.2906126342602271,0.008386339608992904,0.6198529554217198,0.728873294730472,-0.02731821002827705,0.013600181351188883,0.3921597575402985,-0.3174731649719638,-0.1523378907697386,0.6864551778244625,0.6362257817760115,0.021249785992183842,-0.041868948988473126,0.4049826561173787,-0.32340220876850767,-0.1439942863336035,0.7524654000501895,0.5554029875632965,0.0506854661263747,-0.0952748649768498,0.3783806423499954,-0.34250439652461967,-0.02911237321125348,0.5785640265522982,0.7396667325673817,-0.008225325371820198,-0.008015413424369386,0.3970569974766395,-0.32072180813521967,-0.15422470494481327,0.7482774156603237,0.559851026063066,-0.04402133870858298,0.034163943961482215,0.39370630356180597,-0.3174731649719638,-0.1523378907697386,0.6864551778244625,0.6362257817760115,0.04350072973202028,-0.08494344982775553,0.38979058209395123,-0.34250439652461967,-0.02911237321125348,0.5785640265522982,0.7396667325673817,-0.004508200722050576,-0.07631971325863998,0.36161657550556037,0.36569882430448997,-0.3127035471401614,0.5435065521864281,-0.6878091953723041,-0.005892755383254775,-0.07759317257208118,0.40221364437471835,-0.1055270443619639,-0.34915390334470064,0.8962420380290423,0.2524000870779096,0.026473938081475572,-0.1100099625903628,0.38636191850430235,-0.25908505641207247,-0.25804447086930815,0.5195233200078221,0.7722587031337247,-0.017812474383047543,-0.06523928719279479,0.37447603492470555,0.17645994533516673,-0.4067638717733931,0.7953987317471727,-0.4132141065443168,0.015110042563930524,-0.08836219857341451,0.36532081143426337,0.36569882430448997,-0.3127035471401614,0.5435065521864281,-0.6878091953723041,-0.001146224877619298,-0.06098323251386327,0.35957506680203793,0.2917972998725866,-0.3293074296283929,0.4771078423119988,-0.7607753015069546,0.006929496181665237,-0.05864558582603767,0.4060466754608257,-0.21922872250333805,-0.3010880585421257,0.8827239648131923,0.28650157098586043,0.034348601658260376,-0.105139286225818,0.38677033410675077,-0.34250439652461967,-0.02911237321125348,0.5785640265522982,0.7396667325673817,-0.01624079169984613,-0.043167932133815354,0.3754173804530798,0.1122338614860504,-0.39298074808021644,0.7913780481803114,-0.4546322435029926,0.01904266921835549,-0.07561792193414668,0.3665371364478661,0.2917972998725866,-0.3293074296283929,0.4771078423119988,-0.7607753015069546,0.08510780826471365,-0.011028137051369843,0.36590195806192805,-0.3489087871823175,0.6293468406926808,0.3376440603823779,0.6067797795128039,0.0708735428862926,-0.07972511651425213,0.3629486191357308,-0.4341788021215605,0.5643243489735397,0.4404926079751609,0.5468025779594669,0.07897426837949724,-0.04617639524160698,0.3620861845271289,-0.43112143245714796,0.4753531829003565,0.46996875899295093,0.606055300738491,0.09984931961436817,0.0105628405155654,0.36605502612556834,-0.3489087871823175,0.6293468406926808,0.3376440603823779,0.6067797795128039,882,0.06575167347185673,-0.12801795066703772,0.3745985080705237,-0.34250439652461967,-0.02911237321125348,0.5785640265522982,0.7396667325673817,Static,Right
Nummer3,21,33,33,34,0.0,0.0,0.0,-1.0,0.0,0.0,0.0,0.014000299929091683,0.03539474452858565,0.39969086076072813,-0.29281803433497466,0.010120459273817706,0.6238958851045329,0.7245061073737888,0.03655740071806862,-0.02630627103030546,0.39259163312686474,-0.3005940031769284,0.04775708659577558,0.66639716014852,0.6806447905331681,0.06270061262127793,-0.081740896418084,0.37263434862970507,-0.34537011636955933,-0.027438904243087786,0.5797442586943073,0.7374708019737486,0.023040966872486714,0.011383773687751944,0.39691148951902,-0.28778734851631516,0.02467808016914176,0.6674905669780644,0.686313177338463,0.005887876245523598,0.056819393185069705,0.40604295757394676,-0.29281803433497466,0.010120459273817706,0.6238958851045329,0.7245061073737888,-0.027244746266938225,0.015640318662556385,0.39226457312888197,-0.3201484951800427,-0.15119546440691006,0.6884103260183743,0.6330371992292465,0.021530923047776433,-0.03961141781307892,0.405242691379559,-0.32633989146414544,-0.14264828580470748,0.7534160609283117,0.552736809821288,0.051023055267634496,-0.09304904471817055,0.3787936857105618,-0.34537011636955933,-0.027438904243087786,0.5797442586943073,0.7374708019737486,-0.008071386841256044,-0.005891425394438155,0.39722183297658836,-0.3236902716904629,-0.1528725438603569,0.7492360690548927,0.557225184439639,-0.04401067569752082,0.036160955108213926,0.39368705553435396,-0.3201484951800427,-0.15119546440691006,0.6884103260183743,0.6330371992292465,0.04386969903549681,-0.0826867555594689,0.39018369488560595,-0.34537011636955933,-0.027438904243087786,0.5797442586943073,0.7374708019737486,-0.004346334912013122,-0.07434039824577807,0.3622014853952035,0.3650661306072425,-0.3167436797163748,0.5424280143380739,-0.6871477358650326,-0.005490825486258167,-0.07545167866142975,0.4028051736902741,-0.10945275998245219,-0.35028679997127127,0.8956285784906992,0.25133384270495623,0.026920638815566326,-0.10783532165231802,0.38697828958599606,-0.2625098317270428,-0.25641259417897,0.520569973948373,0.7709397330637726,-0.017629833524097627,-0.06326709977157423,0.3750876029068494,0.17431137204653563,-0.41016784200177836,0.7940544113206394,-0.41334668115891693,0.015349740504089451,-0.0862756955451609,0.36583862720967,0.3650661306072425,-0.3167436797163748,0.5424280143380739,-0.6871477358650326,-0.0010750395462447576,-0.05900559735284011,0.36004401066676356,0.29078579823168144,-0.33296767583347303,0.4757408447914513,-0.7604254039640808,0.007278656067963919,-0.05643464027724935,0.406469887312236,-0.22297696102603792,-0.3010847372081331,0.8822606215893335,0.28503587750440323,0.034778572544529374,-0.10293361624920062,0.3873205404476082,-0.34537011636955933,-0.027438904243087786,0.5797442586943073,0.7374708019737486,-0.016120549213155148,-0.041168487949089595,0.3759081937841366,0.10954977996052302,-0.39582761274095785,0.790216344324322,-0.4548378566754308,0.019199858039401933,-0.07354583469668731,0.36695093370644855,0.29078579823168144,-0.33296767583347303,0.4757408447914513,-0.7604254039640808,0.08483956259717187,-0.00869810503912245,0.3656288588870537,-0.35052357079318175,0.630767441588912,0.34107353484390457,0.6024404574552243,0.0710547084502779,-0.07750272679126399,0.3631563670885652,-0.4353152242745992,0.5660033116044837,0.4421613058704754,0.542802253457398,0.07897693302356887,-0.043918758246840384,0.36206065105897156,-0.43358690217763873,0.47647043429620295,0.4725097505006384,0.6014256888289784,0.09940001364650601,0.01301510574038476,0.36556444705091484,-0.35052357079318175,0.630767441588912,0.34107353484390457,0.6024404574552243,902,0.06620842356368786,-0.12576309174544376,0.37512472007832065,-0.34537011636955933,-0.027438904243087786,0.5797442586943073,0.7374708019737486,Static,Right
Nummer3,21,34,34,35,0.0,0.0,0.0,-1.0,0.0,0.0,0.0,0.014095081349661472,0.03702078293119655,0.3992785156740939,-0.2942711535906345,0.01147915351943209,0.6272663720184342,0.7209782352704871,0.036802271200247386,-0.024690047715834915,0.39277190703803294,-0.30183674991112597,0.04902498384318647,0.6696727402823329,0.676778803070113,0.06299781721896974,-0.08013065451487927,0.3729250581814828,-0.34739747263484944,-0.026165566935757924,0.5805135577793025,0.7359581294803842,0.023194268012547495,0.013006035798762177,0.3967295050348076,-0.2891574943526128,0.025884690339290854,0.6707766786468994,0.6824782587373697,0.00593913449918467,0.058487250954987205,0.4054302733542834,-0.2942711535906345,0.01147915351943209,0.6272663720184342,0.7209782352704871,-0.027049598095276864,0.017125792572741043,0.3924358558103979,-0.3219249944174022,-0.1503128702207364,0.6900104655153629,0.6305996324885005,0.021855197188345152,-0.03798389844070285,0.4055291507994276,-0.3283680845056631,-0.14151239618996025,0.7541457415659231,0.5508292324129518,0.051375731435074526,-0.09144498143879545,0.3791782529881816,-0.34739747263484944,-0.026165566935757924,0.5805135577793025,0.7359581294803842,-0.007826421294674018,-0.004350145402374486,0.39743738215560004,-0.3257405359214907,-0.1517322586930648,0.7499729412285718,0.5553476499945291,-0.043856692738529796,0.037620557982328794,0.39375620366558856,-0.3219249944174022,-0.1503128702207364,0.6900104655153629,0.6305996324885005,0.044247624555593335,-0.08106114668080877,0.3905558445625666,-0.34739747263484944,-0.026165566935757924,0.5805135577793025,0.7359581294803842,-0.0041165763986317425,-0.07289888608571599,0.3627224552425946,0.3646206789983171,-0.3196295453413324,0.5417053613990152,-0.6866178089907526,-0.0050841596793458135,-0.07390073763888949,0.40332762347350193,-0.11229767688234243,-0.35108318524582416,0.8951409064694293,0.2507041809973733,0.027350404769135098,-0.10626395085232099,0.3875101547588398,-0.264917018401014,-0.2551649457051274,0.5212656677878387,0.7700596908230652,-0.017385223807832827,-0.0618324508911877,0.3756313435377037,0.17278806474051572,-0.41260193384713145,0.7931085550212253,-0.4133796666757797,0.01563477697404883,-0.08475795345486031,0.36631022656774886,0.3646206789983171,-0.3196295453413324,0.5417053613990152,-0.6866178089907526,-0.0009177045853456904,-0.057557798202584345,0.3604837217425561,0.2899592227706873,-0.33558782002104665,0.47492465339605117,-0.7600993604657099,0.0076499433736382395,-0.054838798451944754,0.40687321057145936,-0.2257219196706148,-0.3009594767469726,0.8818701416072027,0.2842148160777222,0.03519796381314648,-0.10134180253327546,0.38780415641882304,-0.34739747263484944,-0.026165566935757924,0.5805135577793025,0.7359581294803842,-0.01591857294743456,-0.039707301710661835,0.37637485950469074,0.1075145435890371,-0.397818177219818,0.7895092152002852,-0.45481481935417695,0.01941664677645359,-0.07203827514593407,0.36734358203180456,0.2899592227706873,-0.33558782002104665,0.47492465339605117,-0.7600993604657099,0.08473170265108837,-0.007020613575362928,0.36552036427519735,-0.35190778401986245,0.6317519747754683,0.3436439505356807,0.5991320298346239,0.07129002949853631,-0.07590225123205496,0.36339046038249795,-0.4362185182211761,0.5672481555399822,0.4432586409115481,0.539874718480739,0.07908505161592122,-0.04229348234376166,0.36213064571249004,-0.43559359162836153,0.47720197090423994,0.4743835909593191,0.5979102863523547,0.09914924111751794,0.014787848547538035,0.3652972445696181,-0.35190778401986245,0.6317519747754683,0.3436439505356807,0.5991320298346239,922,0.06664104418221425,-0.12413942534897508,0.37558351487030206,-0.34739747263484944,-0.026165566935757924,0.5805135577793025,0.7359581294803842,Static,Right
Nummer3,21,35,35,36,0.0,0.0,0.0,-1.0,0.0,0.0,0.0,0.014609991689720582,0.035640898292869316,0.40006484500728584,-0.2937210605298302,0.009870226961099918,0.6254389608149497,0.7228116099757143,0.03732244214124299,-0.026030887075546107,0.39320675249119735,-0.3013647355646779,0.04751455569186414,0.6677810537179246,0.6789625375901198,0.06348496659687944,-0.0814475985045501,0.3731869809264985,-0.3460430928627054,-0.027094501483589245,0.5792396555198216,0.7375645648651019,0.023711489267306075,0.011641693249192689,0.3973798898648724,-0.2886104063180049,0.02440911020449036,0.6688566732827385,0.6846451484594988,0.006440348425373809,0.05706988226747242,0.4063266246065308,-0.2937210605298302,0.009870226961099918,0.6254389608149497,0.7228116099757143,-0.026496417580686084,0.015864511521505788,0.39291687633337147,-0.3207323465670876,-0.15096127168665457,0.6883010460216258,0.632916366008854,0.022323425588592002,-0.03935108658610394,0.40587421531736106,-0.3269077327426726,-0.14251268849876575,0.7533520222488086,0.5525234822734051,0.051818149842241576,-0.0927649674054068,0.3793501048888755,-0.3460430928627054,-0.027094501483589245,0.5792396555198216,0.7375645648651019,-0.007306199035633287,-0.005652243106763301,0.39786629674994306,-0.3242606970670458,-0.15273419874575372,0.7491709476843799,0.5570189907146564,-0.04327214720873857,0.036378566626786284,0.3943513970142945,-0.3207323465670876,-0.15096127168665457,0.6883010460216258,0.632916366008854,0.04466189880940035,-0.08240620284199626,0.39075408230356684,-0.3460430928627054,-0.027094501483589245,0.5792396555198216,0.7375645648651019,-0.00351403092699068,-0.07415297796045991,0.3628613224528617,0.3656016553949211,-0.3168667214419949,0.5410788055420799,-0.6878696363470702,-0.004681624457328937,-0.07520472942805756,0.4034605316224788,-0.10961739414471118,-0.35077624686981224,0.8956372997046869,0.25054715905503405,0.027720867217783676,-0.10756147396001108,0.3875616168627176,-0.26307803903332755,-0.2560006398160648,0.52006036337113,0.7712268383831263,-0.01682054968275163,-0.06307393241490222,0.3757203209131633,0.17451788698435486,-0.41061183850786603,0.7934137775923482,-0.4140483096528061,0.016189016167665396,-0.08605601771388054,0.3665639601362242,0.3656016553949211,-0.3168667214419949,0.5410788055420799,-0.6878696363470702,-0.0002953552656040012,-0.05877105120659016,0.3607117079931555,0.29133507428788724,-0.3333761102865798,0.4749196597171355,-0.7605495121252934,0.00808304835603878,-0.056183842280318814,0.40711544777482245,-0.22353785259052425,-0.3015503389624549,0.881971043618306,0.28500052587614944,0.035577124174005034,-0.10265610952642928,0.38789368825801385,-0.3460430928627054,-0.027094501483589245,0.5792396555198216,0.7375645648651019,-0.015361759653554578,-0.040949906793114034,0.37657303595183456,0.10964839982588986,-0.3965127850606397,0.7898361120123347,-0.4548777372660871,0.020000479843591257,-0.07326952586247137,0.36764610882330134,0.29133507428788724,-0.3333761102865798,0.4749196597171355,-0.7605495121252934,0.08571736406789106,-0.008430590018733124,0.3664456241288585,-0.3511085806058084,0.6302134877910595,0.33954424334249234,0.6035424021924036,0.07184152610827922,-0.077207266504207,0.36371207999512717,-0.43592689900834247,0.5652834503777864,0.4410074584928472,0.543998879597775,0.079800725757181,-0.043628007613962135,0.36274361092962515,-0.43384627006957377,0.4758685716693288,0.47113149265824994,0.6027948515620557,0.10031346017816403,0.01325946439260484,0.36646974824275075,-0.3511085806058084,0.6302134877910595,0.33954424334249234,0.6035424021924036,942,0.0669993787718561,-0.12546028760204828,0.37563297489037983,-0.3460430928627054,-0.027094501483589245,0.5792396555198216,0.7375645648651019,Static,Right
Nummer3,21,36,36,37,0.0,0.0,0.0,-1.0,0.0,0.0,-5.421010862427522e-20,0.014985416324841225,0.03368684641128253,0.4023844704140977,-0.29450622003155946,0.010572836978584766,0.6189626091552384,0.7280381789086935,0.03747300275459111,-0.027935875012758595,0.3944403060867715,-0.30262620177519395,0.048094354570535174,0.6615637916866542,0.684425061337427,0.06344487221527204,-0.08315471691664636,0.3735940146537418,-0.34646477258529884,-0.026927799190697287,0.5736259645129038,0.7417481431219115,0.023998619139302367,0.009705762934801385,0.39927479931904064,-0.2896883634250861,0.025106868362575842,0.6626663896050432,0.6901619761656947,0.0069146686315808194,0.05504026229284442,0.4090238167569834,-0.29450622003155946,0.010572836978584766,0.6189626091552384,0.7280381789086935,-0.026312221621517397,0.014036702174159137,0.3949724494675726,-0.3210389381378892,-0.15111606452638565,0.6832784959813145,0.6381445229498304,0.02250715202138686,-0.04138873149085982,0.40700724228502827,-0.32733977468624126,-0.1430460492768958,0.7491455090727187,0.5578239022584186,0.0517760030415753,-0.09452457749114859,0.3796529458072973,-0.34646477258529884,-0.026927799190697287,0.5736259645129038,0.7417481431219115,-0.007122510719668608,-0.007561252429243178,0.39956113429580403,-0.3246160745807265,-0.15324262851856726,0.7449464129912892,0.5623130291038366,-0.04305458966732656,0.03454842937069657,0.39676908483221845,-0.3210389381378892,-0.15111606452638565,0.6832784959813145,0.6381445229498304,0.044677117192663346,-0.08429018427802357,0.3912208566931598,-0.34646477258529884,-0.026927799190697287,0.5736259645129038,0.7417481431219115,-0.003570016014064408,-0.07563201289776651,0.3636702280854063,0.36537527676395903,-0.3154338978864112,0.5464236778212599,-0.6844147335571712,-0.0045881696356856565,-0.0771507595959955,0.40425966806268854,-0.10892250763518423,-0.34972663509906804,0.894441973994598,0.2565165164066308,0.02766622539512483,-0.10936660361971108,0.3877850951687999,-0.2618355023225641,-0.2552716318636134,0.5146773751921667,0.775490659617819,-0.016796923179766672,-0.06466680677949242,0.3767064523705917,0.1748397718841457,-0.40930003326200165,0.7966761232260239,-0.40891526215192486,0.016116500472212476,-0.08763136053534405,0.3671439951916057,0.36537527676395903,-0.3154338978864112,0.5464236778212599,-0.6844147335571712,-0.0003665769291923207,-0.06018998783716895,0.3616651839319296,0.2913092746949489,-0.3331419671890614,0.48175524751621207,-0.7563512528347518,0.008235561350057853,-0.058205870606742795,0.40809895638087657,-0.22326492044047042,-0.3015628926499478,0.8799804908603263,0.2912849683429027,0.035534544669377936,-0.1044817840633247,0.3881423663542603,-0.34646477258529884,-0.026927799190697287,0.5736259645129038,0.7417481431219115,-0.01531014719860533,-0.042553648950735455,0.3778463457964555,0.10973518915346431,-0.3961653527696891,0.7935854298233321,-0.44859042243280084,0.0199389628549005,-0.0748341472174016,0.36825789044162405,0.2913092746949489,-0.3331419671890614,0.48175524751621207,-0.7563512528347518,0.08607008503437272,-0.01017485639275402,0.3679514212957503,-0.3544496878418454,0.6292856755052803,0.33193466300074886,0.6067819516854971,0.07179211561718563,-0.07881988711575359,0.3641514296694008,-0.43974199705461736,0.5634015998079854,0.4349947517039097,0.5477090279977807,0.07989005476566954,-0.045263782712640525,0.3636925409739402,-0.4360909710676568,0.47474920578480495,0.4639788589846955,0.6075865987455823,0.10082245686336341,0.011406769597089035,0.36829194890656264,-0.3544496878418454,0.6292856755052803,0.33193466300074886,0.6067819516854971,962,0.06684702781848822,-0.1271926353488623,0.3754344924202432,-0.34646477258529884,-0.026927799190697287,0.5736259645129038,0.7417481431219115,Static,Right
Nummer3,21,37,37,38,0.0,0.0,0.0,-1.0,1.734723475976807e-18,0.0,-2.710505431213761e-20,0.014748593068732257,0.03261244813207892,0.40222919749854735,-0.29426136173584216,0.010227124379781904,0.6182738629069763,0.7287270321336885,0.03721868222114132,-0.029001721983741846,0.3941687368776214,-0.30241817819221084,0.0477566442313555,0.6609150960659175,0.685166975432152,0.06317947618189244,-0.08418656857468229,0.37321888593156977,-0.34618681838324583,-0.027337053201733276,0.5729374216036375,0.7423948297409587,0.023754672083259758,0.008635660612774852,0.3990745965668547,-0.2894554903417828,0.024781558702925515,0.6620126028557699,0.6908984781567986,0.006682706983325026,0.053954957161568326,0.40890939569795703,-0.29426136173584216,0.010227124379781904,0.6182738629069763,0.7287270321336885,-0.02655298141579075,0.012992332348098143,0.3947597848896076,-0.32062854527135964,-0.1514573744776353,0.6827153084019123,0.638872293457147,0.022242010003148377,-0.04247416052124595,0.4067017810460576,-0.32693761795166193,-0.14336690667230842,0.7486652156019198,0.5586216241670543,0.05150411471106101,-0.09556478664052412,0.3792495552287188,-0.34618681838324583,-0.027337053201733276,0.5729374216036375,0.7423948297409587,-0.007372685872118687,-0.008620859286895554,0.3993125853691399,-0.3242037048968518,-0.15356146162682976,0.7444632691942626,0.5631032552336894,-0.043287761026722577,0.03350718708152657,0.39659194963107486,-0.32062854527135964,-0.1514573744776353,0.6827153084019123,0.638872293457147,0.044404145380449886,-0.08535180957615239,0.3908357142983585,-0.34618681838324583,-0.027337053201733276,0.5729374216036375,0.7423948297409587,-0.0038277002961638745,-0.0766196283823288,0.3632833898914134,0.36569201393262807,-0.3148173782723677,0.5471054588139039,-0.6839846388769557,-0.004864906960045028,-0.07822082633827686,0.4038682679057953,-0.10833076846917031,-0.3497327299427061,0.8942625115966594,0.25738302695114934,0.02738582757167967,-0.11041403314275129,0.38734118459359024,-0.2613286049087908,-0.25561071749037156,0.5139772818760118,0.7760140946373522,-0.017057076967031598,-0.0656766603420128,0.37633593084591416,0.1753541618430722,-0.4088928954564086,0.7971322455979455,-0.4082128133676906,0.015852100858460193,-0.08863308110249297,0.36673939325582705,0.36569201393262807,-0.3148173782723677,0.5471054588139039,-0.6839846388769557,-0.000617975740534564,-0.061174629678926166,0.36131157719014545,0.29161950969113687,-0.3325997175732213,0.4825327810095309,-0.7559746058492458,0.0079639694532082,-0.05928846889860396,0.4077519262004873,-0.22272069393248262,-0.3016978398746611,0.8797798359349805,0.29216664113381474,0.0352556755634407,-0.10553375482674068,0.3877117708114301,-0.34618681838324583,-0.027337053201733276,0.5729374216036375,0.7423948297409587,-0.01556293270218671,-0.04356643550570044,0.37752214313869714,0.11022944332119067,-0.39581901832808436,0.7940936708438329,-0.44787500095524274,0.019678642020198436,-0.07583955581259352,0.36788129666427655,0.29161950969113687,-0.3325997175732213,0.4825327810095309,-0.7559746058492458,0.08583288764554921,-0.011202238469799619,0.36773636058281256,-0.35492178844701916,0.6288533161443758,0.3312698098663468,0.6073173337975015,0.07153209809462122,-0.07983519153325354,0.36378867607036675,-0.44013554808843974,0.5629105385820363,0.4344210062089147,0.5483528191106569,0.0796421635183326,-0.04628008912851652,0.3634024346552673,-0.4363765011006524,0.4742550179485054,0.4633582735397928,0.6082407727043934,0.10059276299735187,0.010373398318082983,0.3681275009624968,-0.35492178844701916,0.6288533161443758,0.3312698098663468,0.6073173337975015,983,0.06656533846649265,-0.12822840451866366,0.3749696781160302,-0.34618681838324583,-0.027337053201733276,0.5729374216036375,0.7423948297409587,Static,Right
Nummer3,21,38,38,39,0.0,0.0,0.0,-1.0,1.7347234759768075e-18,0.0,0.0,0.015653864958763673,0.032954466246065066,0.4016015700757279,-0.2921409707194482,0.011267165633256887,0.6204753746568382,0.7276929391234654,0.03790764109410768,-0.028784227126822427,0.39390201721036133,-0.30023495344085754,0.04897190278090651,0.6628852706891286,0.6841372986278298,0.06365289089905994,-0.08408455048959876,0.37299891042086775,-0.3443608224978264,-0.026418716412151544,0.5733223491125826,0.7429799185440915,0.024576658180984107,0.008928076613364675,0.39858775068313496,-0.2873176562464185,0.02595970395568761,0.664025635750629,0.6898149123102306,0.007651889264590827,0.05436117587128198,0.4081528768164865,-0.2921409707194482,0.011267165633256887,0.6204753746568382,0.7276929391234654,-0.025712470337230085,0.013417843972228094,0.39424257324811335,-0.31897858932781586,-0.1505339124219724,0.6838538164106438,0.6386988011120486,0.022863096442004988,-0.04218814054039094,0.4064262840317145,-0.32525969102574515,-0.1423692605753712,0.7499351820417058,0.5581526222935196,0.051925630632444056,-0.09541152711007418,0.3790252394260132,-0.3443608224978264,-0.026418716412151544,0.5733223491125826,0.7429799185440915,-0.006617827052357646,-0.008251030205811527,0.39888982670362483,-0.32253384883206276,-0.15257974317307546,0.7457519117782561,0.5626236969857303,-0.04237810614999304,0.03399496595830285,0.3960068157843167,-0.31897858932781586,-0.1505339124219724,0.6838538164106438,0.6386988011120486,0.044860691580776976,-0.08516442088009589,0.39059968874802287,-0.3443608224978264,-0.026418716412151544,0.5733223491125826,0.7429799185440915,-0.0032316017751030726,-0.07634419541059748,0.36297854091815906,0.3643066768579427,-0.31296392152369457,0.5463817848170281,-0.6861495276114326,-0.004390288999723588,-0.07782197093905704,0.4035828821811692,-0.10685189013857445,-0.34773074195178044,0.8956934198785013,0.2557328728611814,0.027740775519635413,-0.11015799798977359,0.38709977927461325,-0.25951056050492505,-0.25485000958944826,0.5148068442489432,0.7763244519613706,-0.01643553455144476,-0.06530209317173556,0.37597387848146885,0.1747397140685109,-0.4066156255903883,0.797459206399476,-0.41010800953128224,0.016377683696457007,-0.08844786038532076,0.36652734486801614,0.3643066768579427,-0.31296392152369457,0.5463817848170281,-0.6861495276114326,1.7272519418395915e-05,-0.06087753742981572,0.3609563505898483,0.290367090316331,-0.3315283894105946,0.4831108329238401,-0.7565578649301574,0.008514579338405697,-0.0589415004417573,0.40747027873620956,-0.2213826495751852,-0.300533658734541,0.8808369089664413,0.29119681014246424,0.03563020648878879,-0.10530976518217589,0.3874765094516586,-0.3443608224978264,-0.026418716412151544,0.5733223491125826,0.7429799185440915,-0.014882302831054017,-0.04321039375542974,0.3771441900307435,0.10977180545926918,-0.3942228996466791,0.7946316178896006,-0.44844068500809864,0.020257389308404213,-0.0756170888368187,0.3675344073461047,0.290367090316331,-0.3315283894105946,0.4831108329238401,-0.7565578649301574,0.08657920297756716,-0.011193775880013725,0.36757487093967306,-0.3538582210739035,0.62899334344666,0.33021424912279823,0.6083668983060068,0.07202969487597674,-0.0797711182374302,0.3635720561556177,-0.43899690653895673,0.563324826438425,0.4333910195904574,0.5496536001025453,0.0802717165003861,-0.04624783785246808,0.3632154390304099,-0.4351966000780644,0.474601190465145,0.46261394117378674,0.6093816297864718,0.10141244876620907,0.010330228797464078,0.3679944648119494,-0.3538582210739035,0.62899334344666,0.33021424912279823,0.6083668983060068,1003,0.06685728731847625,-0.1281416265867442,0.37477416346130127,-0.3443608224978264,-0.026418716412151544,0.5733223491125826,0.7429799185440915,Static,Right
Nummer3,21,39,39,40,0.0,0.0,0.0,-1.0,0.0,0.0,0.0,0.016383296642452246,0.032962314100740055,0.39959006334648706,-0.2937794255441277,0.013191294976854402,0.6239606618841267,0.7240115546625748,0.038759365533069634,-0.028805473428034804,0.39249968812352026,-0.3016804495056682,0.050800890744609195,0.6662367229441158,0.6801005843890283,0.06437776436982956,-0.0842466616670146,0.37179177935197316,-0.34554967851342777,-0.02345648458169292,0.5745825385150761,0.7415525061948796,0.02535346752631266,0.00892472095812482,0.3968128015251169,-0.2888960158216344,0.027725419956391027,0.6673994406423192,0.6858194950283546,0.008352842158525123,0.054419890422239194,0.4059340246632527,-0.2937794255441277,0.013191294976854402,0.6239606618841267,0.7240115546625748,-0.02478844422507854,0.013440785755593862,0.39273678500641157,-0.3204773751449103,-0.14763057904391141,0.685744844305001,0.6365952188482865,0.023765666250443282,-0.04212833206082158,0.40517129412563974,-0.3268705498653099,-0.1396040207242583,0.7515791840459258,0.5556933427145148,0.05266831208154331,-0.09553017960818944,0.37793240439992465,-0.34554967851342777,-0.02345648458169292,0.5745825385150761,0.7415525061948796,-0.005702323949673571,-0.008214518548541726,0.3974802915498939,-0.3241735417209663,-0.14981955496480698,0.7474256214255374,0.5601968905972983,-0.0414206599626575,0.03405288092414879,0.39440954273575024,-0.3204773751449103,-0.14763057904391141,0.685744844305001,0.6365952188482865,0.04565640790383163,-0.0852084549349342,0.3894808291224617,-0.34554967851342777,-0.02345648458169292,0.5745825385150761,0.7415525061948796,-0.0024373446483428735,-0.07663511848839342,0.3620651657413829,0.36234486715800646,-0.31490496165002474,0.5434856637529483,-0.6885959596653618,-0.003526066362509024,-0.07775792874210768,0.40265922798160786,-0.1091869718257288,-0.34671038048216024,0.8967731570057454,0.2523252308497743,0.028501898708404652,-0.11020826140660274,0.38620343005565044,-0.2611866604550607,-0.25206562166710406,0.5164476576105619,0.7755812450816955,-0.015621580516664967,-0.06546467145054342,0.3749710354347836,0.17230294182922545,-0.4074303228268705,0.7957310209823543,-0.413671814999,0.017169750793524445,-0.08871520059881476,0.3657034836960134,0.36234486715800646,-0.31490496165002474,0.5434856637529483,-0.6885959596653618,0.0008010170552513116,-0.06115437721232798,0.3599789222224678,0.2888330370616539,-0.3333815891522296,0.47952840796854307,-0.7586070779179624,0.009410580387002633,-0.058865098981986164,0.4063790904163509,-0.22393026455151707,-0.29923297284686157,0.8814930151836764,0.28859128323895705,0.03639659604515666,-0.10536389295567408,0.386514578368722,-0.34554967851342777,-0.02345648458169292,0.5745825385150761,0.7415525061948796,-0.014088386117281557,-0.04334698926209024,0.3760219633791657,0.10761578267386268,-0.39521120709365726,0.7925207319969656,-0.4518161511744131,0.021057361430603532,-0.0758169747761488,0.3666797557697639,0.2888330370616539,-0.3333815891522296,0.47952840796854307,-0.7586070779179624,0.08739744161770632,-0.011422491278057972,0.3658873759474113,-0.3523739906155148,0.6313966200198676,0.33066337399303297,0.6064920544118676,0.07272374493794255,-0.07999660787808865,0.3623090248920118,-0.43789795298066336,0.565950188880341,0.4335037333011116,0.5477410699369275,0.08102068785001781,-0.04649058431759146,0.36174101742976134,-0.4343877703737013,0.4773250522450389,0.46301885602022397,0.6075208625378711,0.10226497647905791,0.01008028845203834,0.3661321125925196,-0.3523739906155148,0.6313966200198676,0.33066337399303297,0.6064920544118676,1024,0.06754609942128637,-0.12828952211564776,0.37379043827833314,-0.34554967851342777,-0.02345648458169292,0.5745825385150761,0.7415525061948796,Static,Right
Nummer3,21,40,40,41,0.0,0.0,0.0,-1.0,0.0,0.0,0.0,0.016744929377833184,0.034094070983066084,0.3997173130575321,-0.29493301625270074,0.0143726648202574,0.6252700078274367,0.7223886486798683,0.03917391929849895,-0.02767970953652734,0.39284823179030376,-0.3027749772391055,0.05193990293080454,0.6674133598560661,0.6783722921280283,0.06465709795404029,-0.08317980549304316,0.37211289269427533,-0.34620822557556713,-0.02149400437265964,0.5743597540804783,0.7414774070816034,0.02573501008164716,0.010053793868215666,0.3970253605727889,-0.29004684962979144,0.028842671446499255,0.6685917811537311,0.6841242251940389,0.008704393749544476,0.05557069781027705,0.4059823037945519,-0.29493301625270074,0.0143726648202574,0.6252700078274367,0.7223886486798683,-0.02439940881643807,0.014538554473992915,0.39311197660744857,-0.32164136416470807,-0.1466115902961649,0.6861255288194993,0.6358330230109613,0.024212217894095646,-0.04097007414658392,0.4055918921207281,-0.32804097686422307,-0.13874607370175893,0.7519436857667726,0.554724560449412,0.052954905262699074,-0.09444218624096393,0.3783054434694877,-0.34620822557556713,-0.02149400437265964,0.5743597540804783,0.7414774070816034,-0.005290403701123547,-0.007093182840940855,0.39787326112326804,-0.3253556719093094,-0.1489587875437421,0.7477956373292869,0.5592465030388888,-0.04103647238234684,0.035147160457660774,0.39477343389364034,-0.32164136416470807,-0.1466115902961649,0.6861255288194993,0.6358330230109613,0.04599091476316586,-0.08409530043963787,0.3898677959349995,-0.34620822557556713,-0.02149400437265964,0.5743597540804783,0.7414774070816034,-0.002149119897013531,-0.07554070519800841,0.36266995596251966,0.3612118329038032,-0.3153471244453853,0.542129113406666,-0.6900566841000847,-0.0031315995976112683,-0.07656874524901526,0.4032250539933646,-0.11080384021585146,-0.3454814245962188,0.8970952292627609,0.2521611466629655,0.028793879894197568,-0.10907797465802171,0.3866847969382073,-0.2618454218977498,-0.25012059498638234,0.5165441694289694,0.7759244705664228,-0.015300676180698327,-0.06430815950611105,0.3755549774059054,0.17077101844957315,-0.40747899674963284,0.795401741969317,-0.4148905823681522,0.017442426684248117,-0.08763026755611988,0.3663634105166721,0.3612118329038032,-0.3153471244453853,0.542129113406666,-0.6900566841000847,0.0010962853747525057,-0.06005977629098468,0.36054756537696114,0.2876215092173303,-0.33421955538640247,0.47836985242073865,-0.7594296810948472,0.009841623574529017,-0.05768769665918276,0.4068735778968395,-0.22550763772296467,-0.297936731639845,0.8815612269694895,0.2884957753112229,0.03669545849536364,-0.10424195978261301,0.3869597455414391,-0.34620822557556713,-0.02149400437265964,0.5743597540804783,0.7414774070816034,-0.013739926367162328,-0.042190618078246436,0.3765707575032886,0.10594345703072847,-0.3954579867537005,0.792172782220117,-0.4526049577001197,0.021349149861305778,-0.07471198566806876,0.367279823130449,0.2876215092173303,-0.33421955538640247,0.47836985242073865,-0.7594296810948472,0.08774249264884669,-0.010394318792204583,0.36602084094572157,-0.3523185535162102,0.6327000828947805,0.3305975114960215,0.6052004026319062,0.07298423909635192,-0.07895646993155468,0.3626008208836187,-0.4376212099737333,0.5676107153224127,0.43259984022303316,0.546958070304581,0.08134887574089646,-0.045467604032157403,0.36195723671901797,-0.434681742925548,0.47870856500861564,0.4628297646331161,0.6063649900218963,0.10261165212006208,0.01110867253254668,0.3661812956347663,-0.3523185535162102,0.6327000828947805,0.3305975114960215,0.6052004026319062,1046,0.06776861441390325,-0.12722047463550762,0.3741437530548064,-0.34620822557556713,-0.02149400437265964,0.5743597540804783,0.7414774070816034,Static,Right
Nummer3,21,41,41,42,0.0,0.0,0.0,-1.0,0.0,0.0,0.0,0.016348564426098795,0.034834637224794365,0.40017261067272303,-0.2935480261274287,0.012540920540002868,0.6264712505150085,0.7219460187208331,0.03883981670990555,-0.026934903595833577,0.39347664057758774,-0.3012520528948493,0.05025348870108666,0.6685143976415572,0.6780931260866421,0.06429718090370862,-0.08241028988865164,0.3726345453622144,-0.34455128387793393,-0.022811612334542264,0.573649116462126,0.742758866862583,0.025363281076697032,0.01079658971864789,0.3975490148956122,-0.28853511780799107,0.027134969666161902,0.6696582743480751,0.6837901540749937,0.008263565112597397,0.05631461226143633,0.40636973480621563,-0.2935480261274287,0.012540920540002868,0.6264712505150085,0.7219460187208331,-0.024655258121954026,0.015354877776922703,0.3934809465074461,-0.3194191397574203,-0.14783034404545944,0.6866648733602438,0.6360887942961982,0.023813170635714212,-0.04024283020282405,0.406124729017504,-0.32574440456522435,-0.13969447412569916,0.7524908827307266,0.5550977465278739,0.05255267265047491,-0.09367207357359318,0.3787466981027233,-0.34455128387793393,-0.022811612334542264,0.573649116462126,0.742758866862583,-0.005602441595896474,-0.006312118055337344,0.39830681016374814,-0.3230595384283773,-0.14991950919915895,0.7483415018850477,0.5595906288961229,-0.04127014638745935,0.03598642345893342,0.39508338424286094,-0.3194191397574203,-0.14783034404545944,0.6866648733602438,0.6360887942961982,0.0455652987310978,-0.08335157100256303,0.3903211377173297,-0.34455128387793393,-0.022811612334542264,0.573649116462126,0.742758866862583,-0.002493926169010969,-0.07456472561237164,0.3630308880282989,0.36250753260749,-0.3130903666964259,0.5428560397554706,-0.6898333358034636,-0.003587977487736798,-0.07578338079935704,0.40354224788263143,-0.10881583860681782,-0.34551771753354615,0.8967654000868793,0.2541425531974587,0.028334252510054694,-0.10829141236110564,0.3869937002439878,-0.2598521179574953,-0.2513980052563941,0.5158397397843711,0.77665003869523,-0.01568288471892005,-0.06336757958408684,0.37590879966761553,0.17282913323363222,-0.40599749929989615,0.7960556528580346,-0.41423606653780254,0.017071303204968333,-0.08668651276387417,0.3667559109540333,0.36250753260749,-0.3130903666964259,0.5428560397554706,-0.6898333358034636,0.0008257877731647247,-0.059138855574892284,0.3609335034834613,0.28849361622371367,-0.33212802125243707,0.47960933226984115,-0.7592346799881987,0.009407765266069961,-0.05693911557675385,0.4073001480272695,-0.2232247096917442,-0.2982843368508953,0.8816546669352967,0.2896242939459141,0.03624423843318035,-0.10347245391655403,0.38731164395856404,-0.34455128387793393,-0.022811612334542264,0.573649116462126,0.742758866862583,-0.014045244975225229,-0.04130708185450354,0.3769657410060645,0.10775102725337266,-0.39395950834896276,0.793025907573361,-0.4519906324524147,0.021036113238693005,-0.07384554887105488,0.36767305145569423,0.28849361622371367,-0.33212802125243707,0.47960933226984115,-0.7592346799881987,0.08755627550339565,-0.00965946574292051,0.36701910730987136,-0.3526852983830116,0.6308171876814581,0.329055946516348,0.607786919974733,0.07266698235295724,-0.07817057397852875,0.3631681640735906,-0.43763526816573645,0.5657476376400999,0.43142832389962904,0.5497950380817446,0.0811069995898985,-0.04469698134050813,0.36273982898982915,-0.4343540788653213,0.4767408971467677,0.46161868697636504,0.6090671875868623,0.1024698215785032,0.011811450208880761,0.3673566819776563,-0.3526852983830116,0.6308171876814581,0.329055946516348,0.607786919974733,1068,0.06731737574310463,-0.1264613101676714,0.37451757205068203,-0.34455128387793393,-0.022811612334542264,0.573649116462126,0.742758866862583,Static,Right
Nummer3,21,42,42,43,0.0,0.0,0.0,-1.0,0.0,0.0,0.0,0.016266957068453065,0.03611218114669393,0.3994347407394123,-0.2917366087382833,0.011948458330378747,0.62886926830867,0.7206042109524002,0.038718017928121885,-0.025712987555160986,0.3931227830191298,-0.2992824260031051,0.0498354825739309,0.6707105232183812,0.6768263057878622,0.06411302434551475,-0.08128742872203613,0.372456860730248,-0.3426942128888132,-0.023064454213581616,0.5748361283706699,0.7426924888028458,0.025266605136367495,0.012052277793592546,0.3969617121724324,-0.2866119833602072,0.02667628792923258,0.6718532434982176,0.6824625746937115,0.008177083087029715,0.05763002494081044,0.4054909090343573,-0.2917366087382833,0.011948458330378747,0.62886926830867,0.7206042109524002,-0.02468343066541583,0.016698551549698574,0.3927431107947379,-0.3174808045415685,-0.14810422457046005,0.6885109237374346,0.6349990435475047,0.023615984775364994,-0.03896327163685172,0.4057417654031227,-0.3237963540076053,-0.13962441900651448,0.7540712996619539,0.5541095719933078,0.05231841964557067,-0.0925098533876126,0.37854509911236783,-0.3426942128888132,-0.023064454213581616,0.5748361283706699,0.7426924888028458,-0.005696519932458333,-0.004994111702810016,0.39770826565958994,-0.3211284694917706,-0.14986731363651737,0.7499334929272211,0.5585839691319691,-0.04126566027803162,0.03736675634110457,0.39420731084083493,-0.3174808045415685,-0.14810422457046005,0.6885109237374346,0.6349990435475047,0.0453137974048885,-0.08215090991120004,0.39007790810748394,-0.3426942128888132,-0.023064454213581616,0.5748361283706699,0.7426924888028458,-0.0025817643102171786,-0.07331473642024183,0.36265585865759425,0.3634764320277053,-0.3108287755484745,0.5398375290338059,-0.6927090283070663,-0.00386387883421831,-0.07444092066608732,0.403124236156473,-0.10714871564484639,-0.34520332070168475,0.8974898014719338,0.25271698867717385,0.02803193071267888,-0.10705357775082032,0.3867324903305496,-0.2582301652939001,-0.2518458415048134,0.5171955259566965,0.7761440857079267,-0.01582911143055354,-0.062056803104805575,0.37541975389919285,0.17415776229732446,-0.40453275989773935,0.7951437672041626,-0.4168557418070181,0.016936008100126323,-0.0854423657878563,0.36660067893991505,0.3634764320277053,-0.3108287755484745,0.5398375290338059,-0.6927090283070663,0.0007786851300267336,-0.05790142325769748,0.3605666552417199,0.288838474217306,-0.32983983482491014,0.47681465921910354,-0.7618568106463738,0.00916541477628955,-0.05562239316673919,0.4068956204868557,-0.2216120938174127,-0.2975488420875407,0.8826321084647484,0.2886404814874356,0.03595252121773799,-0.10225322635375332,0.3870697951123754,-0.3426942128888132,-0.023064454213581616,0.5748361283706699,0.7426924888028458,-0.014146113727194824,-0.03998556565729659,0.37645422442374493,0.10878021863055841,-0.3922030745228684,0.7922863993596686,-0.45456118813553487,0.020921116051108395,-0.07259902609397834,0.3675272538838201,0.288838474217306,-0.32983983482491014,0.47681465921910354,-0.7618568106463738,0.0876152428796905,-0.008618878913368199,0.36690038282810444,-0.3509391501136099,0.6301353034637699,0.32894310694755,0.609563486962476,0.07253276619063309,-0.07708516820420068,0.3630164980888129,-0.43578790929384437,0.5653537587606496,0.431591451219044,0.5515368027640086,0.08107567305580884,-0.04363857332467035,0.36260957394660037,-0.43236271963770895,0.4762783280080503,0.46191092043261384,0.6106224156730863,0.10259311299052828,0.012805470573896322,0.3672910361148143,-0.3509391501136099,0.6301353034637699,0.32894310694755,0.609563486962476,1091,0.06701161090038224,-0.12533952182797808,0.3744150764919458,-0.3426942128888132,-0.023064454213581616,0.5748361283706699,0.7426924888028458,Static,Right
Nummer3,21,43,43,44,0.0,0.0,0.0,-1.0,0.0,0.0,0.0,0.015954158785264294,0.03628240427381603,0.39973989706753815,-0.29204136339160297,0.01119146444475408,0.6310398140309044,0.7185926149772187,0.038584591654292524,-0.025514531929198926,0.3938089385378466,-0.2993854077666962,0.04905099974055953,0.6729104698218694,0.6746509294775571,0.06403062646749468,-0.08106339877712737,0.37313316732619817,-0.34294945713133007,-0.02339698401423394,0.5747459927466521,0.7426340248157428,0.025023467864048285,0.01223430758411924,0.39741547467982935,-0.28678543666815515,0.025849689193124827,0.6740241068373117,0.6802774509608844,0.007794882913786131,0.05781043753233333,0.40566824812607727,-0.29204136339160297,0.01119146444475408,0.6310398140309044,0.7185926149772187,-0.024851373913405913,0.016796147771425757,0.3932185575041653,-0.31723845177026905,-0.14904627583151783,0.6899376489191785,0.633349045142593,0.023491674335842108,-0.03878038129819582,0.4064214079367195,-0.323625654368379,-0.140191830469689,0.7548760304578074,0.5529691357973426,0.05224323083846133,-0.09229716240274091,0.37921430892037994,-0.34294945713133007,-0.02339698401423394,0.5747459927466521,0.7426340248157428,-0.005846259869454154,-0.004862985313636638,0.3982629664070942,-0.3209752097700619,-0.1504381627116371,0.7507347272531593,0.5574411567234128,-0.04147012860530706,0.0374422941430943,0.39456289878897804,-0.31723845177026905,-0.14904627583151783,0.6899376489191785,0.633349045142593,0.04522604789888884,-0.08194637582683498,0.3907488474830022,-0.34294945713133007,-0.02339698401423394,0.5747459927466521,0.7426340248157428,-0.002707035103407845,-0.0731033803449947,0.363321391716871,0.36385825150380235,-0.31096589193560964,0.5400237232686634,-0.69230178764202,-0.003959549241600021,-0.07427883994717789,0.4037904492430509,-0.10735334488036409,-0.34556169725861247,0.897157314312433,0.25332020469446803,0.027965315331736865,-0.10686183682919807,0.38739389170311705,-0.25847068859839867,-0.25214537023659483,0.5170024272184556,0.7760954230337568,-0.015954058440678504,-0.0618724987499325,0.3761087253052115,0.17428802885145134,-0.40491281945240215,0.7952990032969499,-0.41613553921416047,0.01682191637752783,-0.08521804866054347,0.3672522048209877,0.36385825150380235,-0.31096589193560964,0.5400237232686634,-0.69230178764202,0.0007194031468509138,-0.057770758547873474,0.3612653110415054,0.28957066442582285,-0.3294334723070429,0.47522244514587264,-0.7627490054121935,0.009053474269235827,-0.05545172035822709,0.4075683572739293,-0.22148298010727996,-0.2978820790837881,0.8826841701280266,0.2882363826599881,0.03588152480960368,-0.10205485271930688,0.38773429920859265,-0.34294945713133007,-0.02339698401423394,0.5747459927466521,0.7426340248157428,-0.01424677180915897,-0.03984520307059516,0.37710395915354805,0.10935060023118777,-0.3922786202711593,0.7916978509738686,-0.45538384146848354,0.02086084006181213,-0.07242507162260955,0.3683199154463079,0.28957066442582285,-0.3294334723070429,0.47522244514587264,-0.7627490054121935,0.08741954106537587,-0.00836791718647775,0.3676567772527515,-0.35188170259822543,0.6293700344960297,0.3296153772523593,0.6094475614306987,0.07245030459870776,-0.07685335738454968,0.3636956230672528,-0.4361494226204392,0.5648104469788473,0.4315714348347016,0.5518232840014357,0.08097345932911787,-0.0434009047219731,0.3633323183747765,-0.4332009686714603,0.4753069656877727,0.4624093656282061,0.6104078863269304,0.10234212931097555,0.013095105901675034,0.3680746839046656,-0.35188170259822543,0.6293700344960297,0.3296153772523593,0.6094475614306987,1113,0.06696047232919014,-0.1251123440447294,0.37507728538807183,-0.34294945713133007,-0.02339698401423394,0.5747459927466521,0.7426340248157428,Static,Right
Nummer3,21,44,44,45,0.0,0.0,0.0,-1.0,0.0,0.0,0.0,0.017043298272813777,0.03816590927039313,0.39860665971299086,-0.28958894503199406,0.016240308694990338,0.6325738610399223,0.7181398231666264,0.03907301385017389,-0.02387686275314816,0.3929870834642424,-0.2970964289722452,0.054188777756238767,0.6742802155853129,0.673901683576654,0.06415068929940021,-0.07967877536997199,0.37258579758889543,-0.3417148521158525,-0.019926783784355404,0.5767294555220864,0.741766147963528,0.025878433443831034,0.014020145632068453,0.39640308424752296,-0.2845427953464375,0.03096335034770743,0.6755403170703481,0.6795012498621134,0.009111685637391426,0.05980587353492543,0.40443669647371255,-0.28958894503199406,0.016240308694990338,0.6325738610399223,0.7181398231666264,-0.024150654248291596,0.018743828127441173,0.3922291190611789,-0.31652838945046674,-0.14618314270613073,0.693016925900204,0.6310053944906368,0.02393922527566148,-0.0369833787985996,0.4057174860710843,-0.32343994811837673,-0.1366809293571729,0.7567852710213223,0.5513446989646541,0.05232403101917051,-0.09081219593159591,0.3787756154796482,-0.3417148521158525,-0.019926783784355404,0.5767294555220864,0.741766147963528,-0.005245338950588648,-0.0029755054997329562,0.39738549533584455,-0.32080964698587455,-0.1469423694261714,0.752687085440564,0.5558338437691704,-0.04068130597226946,0.03947226029412636,0.39339307459799466,-0.31652838945046674,-0.14618314270613073,0.693016925900204,0.6310053944906368,0.045407179211262055,-0.0803614733106947,0.3902661977002503,-0.3417148521158525,-0.019926783784355404,0.5767294555220864,0.741766147963528,-0.0025388437532201796,-0.0714196243996455,0.3628881400638636,0.3612766119134354,-0.31112836689639783,0.5379864446693786,-0.695161085180069,-0.0037056774256212788,-0.07235047426716124,0.4033723662971152,-0.10879537782611218,-0.3430501319580747,0.8985327376751421,0.2512351329994187,0.028006898815273323,-0.10520476071950209,0.3871079470983557,-0.257797090401508,-0.24905227810614072,0.5197985305763738,0.7754502631125358,-0.0157064829847741,-0.0600578193447538,0.37564246528953826,0.17127109135038582,-0.40419523441821964,0.7951821998447656,-0.4183033525938894,0.016937831480895314,-0.0835854919219857,0.3669176648812162,0.3612766119134354,-0.31112836689639783,0.5379864446693786,-0.695161085180069,0.0008684553133740912,-0.056091573130560846,0.3606404298149441,0.28475250027812077,-0.3303502376638775,0.4759094050257504,-0.7637375022013879,0.009416333713289234,-0.05356989552287088,0.4070024143270758,-0.22273649777239674,-0.2938015841863371,0.8842663971069643,0.2866042927751685,0.035949026368776664,-0.1004384300107817,0.3873985456169219,-0.3417148521158525,-0.019926783784355404,0.5767294555220864,0.741766147963528,-0.013868334519115282,-0.03800072839748272,0.376506156879176,0.1046127474304568,-0.3908155988800189,0.7927207673692932,-0.45597491787218164,0.02093906556206584,-0.07087164309829014,0.3676337988881546,0.28475250027812077,-0.3303502376638775,0.4759094050257504,-0.7637375022013879,0.08763971362798938,-0.0070704806359963585,0.3663443885400458,-0.3497045042384821,0.6324047184536913,0.3317900604112764,0.6063714930676626,0.07254689368428954,-0.07556305438489311,0.3630878258738319,-0.43366223290791284,0.5687949038425726,0.43203792724769763,0.5493201748812389,0.08118357445278422,-0.04214451141907194,0.36238488395256907,-0.43206442535322154,0.4787177640843991,0.46438152395081134,0.6070415429831357,0.10255758910344293,0.014398819566392392,0.36648838547951806,-0.3497045042384821,0.6324047184536913,0.3317900604112764,0.6063714930676626,1135,0.06687613057848144,-0.123739620623378,0.37481486093247746,-0.3417148521158525,-0.019926783784355404,0.5767294555220864,0.741766147963528,Static,Right
Nummer3,21,45,45,46,0.0,0.0,0.0,-1.0,0.0,0.0,0.0,0.017134391180781024,0.03978181461451183,0.39689230682118365,-0.29098277000049,0.018499753695419778,0.6363962024586741,0.7141335030456344,0.039241962527074785,-0.022289390013136054,0.39193152802736597,-0.29829421014734214,0.05641898894713415,0.6777955255994726,0.6696496750959348,0.06431055743205158,-0.07824246136016931,0.37194522938744795,-0.3433324114328343,-0.01735926554932394,0.5794709660360425,0.7389417505328542,0.025999946523737667,0.015624964628463193,0.3949443070233094,-0.28588253208978864,0.03312784720536593,0.6790890199248197,0.6752864774323686,0.009184359903960854,0.06147659286239671,0.4024901585942017,-0.29098277000049,0.018499753695419778,0.6363962024586741,0.7141335030456344,-0.024013020177269768,0.020209139752517626,0.39079037079415,-0.31848236264146385,-0.1440733493836728,0.6964043377816559,0.626763793627691,0.02417159018477042,-0.03529719267759966,0.40483665337765545,-0.3253833475691538,-0.13460659583815412,0.7596224015913999,0.5467911378964269,0.052523221500251654,-0.08933412492146267,0.37828306459151995,-0.3433324114328343,-0.01735926554932394,0.5794709660360425,0.7389417505328542,-0.005070122415603132,-0.0014250187782842514,0.3961629086539682,-0.32281226816119174,-0.14487668349542837,0.7555476564652794,0.5513172633917937,-0.04056709141203682,0.040929632764991994,0.39173709983366445,-0.31848236264146385,-0.1440733493836728,0.6964043377816559,0.626763793627691,0.045638529746416134,-0.0787881253013918,0.38970363942241765,-0.3433324114328343,-0.01735926554932394,0.5794709660360425,0.7389417505328542,-0.002344135536511454,-0.07021955667932142,0.36249568517893566,0.3601591053447964,-0.31347554971261526,0.5326765884221966,-0.6987661631164602,-0.003437097404799413,-0.07071891164838445,0.4029172587501036,-0.11198561239648062,-0.3426679790273625,0.8994067775172617,0.2471949176692419,0.02825742257401487,-0.10368121548061207,0.38683632782604127,-0.26037920917893514,-0.24676775938921858,0.5227045659681224,0.7733616728733419,-0.015534344091795368,-0.05871823064534419,0.3751020337275151,0.16914230128247348,-0.40585842780041886,0.7921676207900382,-0.423249665176585,0.017145963675779138,-0.08229597978459577,0.3667221366074351,0.3601591053447964,-0.31347554971261526,0.5326765884221966,-0.6987661631164602,0.0010830950359121197,-0.05494985210490003,0.36010363337904944,0.2839656667447281,-0.33247144580965726,0.46952762470435333,-0.7670528322553448,0.009674744362499096,-0.051889332129379864,0.40632686028207293,-0.22558455203107594,-0.293130938302817,0.8852375117899141,0.2820290953335323,0.03619568524907839,-0.09890222134060395,0.3870544051322034,-0.3433324114328343,-0.01735926554932394,0.5794709660360425,0.7389417505328542,-0.01370960851540615,-0.0366893729325969,0.37572075817975126,0.10280560505226159,-0.3924818799517533,0.7891188113409854,-0.4611729426876282,0.021187164840388725,-0.06956236521872905,0.36734886959292845,0.2839656667447281,-0.33247144580965726,0.46952762470435333,-0.7670528322553448,0.08760307018386743,-0.00563781569075494,0.36466450951058765,-0.3473807383981416,0.635755858140702,0.33581043983258485,0.6019738033579098,0.07266108821232839,-0.0742013208647781,0.36237585881336315,-0.4316018972500834,0.5726538925825546,0.4348932646404114,0.5446606007144098,0.08123660811604362,-0.04078070718186599,0.36119718267526296,-0.43109440711666047,0.4824064253354783,0.4679454896833264,0.6020537115846166,0.1024539007055093,0.015877079026762227,0.36444959764116025,-0.3473807383981416,0.635755858140702,0.33581043983258485,0.6019738033579098,1157,0.0671054202945017,-0.12227908747064849,0.3745696271061547,-0.3433324114328343,-0.01735926554932394,0.5794709660360425,0.7389417505328542,Static,Right
Nummer3,21,46,46,47,0.0,0.0,0.0,-1.0,0.0,0.0,0.0,0.017192739418154874,0.03982100178163833,0.3968562989803818,-0.28985927206749973,0.01696605446708432,0.6351227342206688,0.715760342480904,0.03926272101457147,-0.022243362563297023,0.3916380060801169,-0.29722227908400406,0.05500817794633045,0.6764674945768413,0.6715837594493084,0.06443102075895604,-0.07811334751198389,0.371523617901246,-0.3424805307511593,-0.019349085895772774,0.5785801395113099,0.7399849465323437,0.026043719324685532,0.015665788802494893,0.3948088140289331,-0.2847467414969103,0.031742479695248196,0.6777395372065926,0.6771859625661788,0.009240214463168715,0.061492588711666074,0.4025329123875619,-0.28985927206749973,0.01696605446708432,0.6351227342206688,0.715760342480904,-0.024042518194008936,0.020172912361430265,0.39033497144727997,-0.3172586869867176,-0.14620762731606854,0.6959702866800228,0.627371991169989,0.024154907395714867,-0.035306990880453276,0.4044431583185356,-0.3239160577750975,-0.1367393801346291,0.759508228175982,0.5472914952461969,0.052622795523562624,-0.08923381897198737,0.37777301389585777,-0.3424805307511593,-0.019349085895772774,0.5785801395113099,0.7399849465323437,-0.005094324965229321,-0.0014506624980766686,0.39573331912598075,-0.32134258210751276,-0.1470121912144899,0.7554151318737984,0.5517919346047772,-0.04062521403884216,0.040870376256827184,0.3912807414068876,-0.3172586869867176,-0.14620762731606854,0.6959702866800228,0.627371991169989,0.045687687425464266,-0.07873111196698264,0.38921013727696707,-0.3424805307511593,-0.019349085895772774,0.5785801395113099,0.7399849465323437,-0.002177296067038096,-0.07011586903472318,0.36190125719226507,0.3618450428252402,-0.3111499666556676,0.5322133633994702,-0.6992873508451305,-0.0034340169527962497,-0.0707307789652237,0.4022942930325269,-0.10973989610524734,-0.34312419065656774,0.8992982930628612,0.24796274938649374,0.028325464075837133,-0.10361920338029039,0.38618823801317737,-0.2591767971244252,-0.248640545891159,0.5215692313509638,0.7739320407369343,-0.015422766398124368,-0.05863957129398061,0.3744718277789226,0.17140449013595094,-0.4045712996591911,0.7922951860323313,-0.42333308687521837,0.017286184694292866,-0.08220326281862497,0.36621983903891236,0.3618450428252402,-0.3111499666556676,0.5322133633994702,-0.6992873508451305,0.0012777558964065967,-0.05485584471586587,0.3595410864955187,0.28580152464038505,-0.33070705101317005,0.47001830524774957,-0.7668331811127094,0.009659451206331895,-0.05190992821424943,0.4058206443444986,-0.22332936890213834,-0.2945734943106819,0.8852158320149365,0.2823887040684722,0.036260683267634944,-0.09883746235309614,0.38645106519398364,-0.3424805307511593,-0.019349085895772774,0.5785801395113099,0.7399849465323437,-0.01360156356166355,-0.03665658828906975,0.3751484380317792,0.10531684975197432,-0.3917528551443849,0.7893524105540848,-0.46082625098511754,0.021367627294692097,-0.06947200084924392,0.3668211758552085,0.28580152464038505,-0.33070705101317005,0.47001830524774957,-0.7668331811127094,0.08782733546185609,-0.005504761046919972,0.36477196737206513,-0.3480436032810506,0.6335359339891722,0.3343596177987375,0.6047325992081891,0.07282459273972373,-0.07403780732836665,0.36200581549652083,-0.4320706115925606,0.5702386088661061,0.4341318150579143,0.5474234948474532,0.08142689140719327,-0.040616626625206965,0.36106400869977295,-0.4309841490707026,0.48003475750639385,0.46680420503254516,0.604907537562158,0.10271059245848067,0.015989597602307722,0.36475519147277974,-0.3480436032810506,0.6335359339891722,0.3343596177987375,0.6047325992081891,1180,0.06721947165144265,-0.12215421342355788,0.37397613199477425,-0.3424805307511593,-0.019349085895772774,0.5785801395113099,0.7399849465323437,Static,Right
Nummer3,21,47,47,48,0.0,0.0,0.0,-1.0,0.0,0.0,0.0,0.018201639602704864,0.04025728025891731,0.3978797447268813,-0.28885674714921117,0.017363285185143094,0.6331337036819908,0.7179150431742471,0.04006500990180787,-0.02184909166286868,0.3923188401352599,-0.2964005230590434,0.05545506846687247,0.6745054166624068,0.6738797431328033,0.06508603703777963,-0.07764097445273246,0.3717884016396248,-0.34168294737331634,-0.019574648320593288,0.5757986107353907,0.7425130008912995,0.026972819519300986,0.016085293074562225,0.39569915411191453,-0.283853321817438,0.032226568669829106,0.6758022215544414,0.6794704535938678,0.010322477697128981,0.0619248804234002,0.4036750002672197,-0.28885674714921117,0.017363285185143094,0.6331337036819908,0.7179150431742471,-0.02315439037611175,0.02065678274143634,0.39112904072963406,-0.3159503264135109,-0.14679285176795262,0.695023194041693,0.6289435663500432,0.024934667195194226,-0.034967569153396764,0.40504078322234083,-0.322718331948505,-0.1371348650955531,0.7585669714020308,0.5492022003757356,0.053252536943659,-0.08877519371466625,0.3779611989754871,-0.34168294737331634,-0.019574648320593288,0.5757986107353907,0.7425130008912995,-0.004248230431507245,-0.0010232229072454323,0.3964506205911184,-0.32012041615265335,-0.14740839825822744,0.7544710637449392,0.5536850162834243,-0.03970543163794364,0.04137620891174019,0.39213644001614617,-0.3159503264135109,-0.14679285176795262,0.695023194041693,0.6289435663500432,0.04634440194079688,-0.07833435611221243,0.3894776501190216,-0.34168294737331634,-0.019574648320593288,0.5757986107353907,0.7425130008912995,-0.0014948200432226416,-0.06943009368615066,0.36227909806911407,0.3620229631319444,-0.30901345647150236,0.5343548694582643,-0.6985090775150623,-0.002746145064514708,-0.07030414028926849,0.40265715426584875,-0.10840033025065951,-0.34213951948561383,0.8989518157527344,0.2511484631897299,0.02891725018367504,-0.10315610931637917,0.38628990726463713,-0.25748729516800967,-0.2486239316526925,0.5189886218569183,0.7762327252954979,-0.014709821094209766,-0.05799523762256113,0.37491904284855826,0.17210521536812615,-0.40288616234594093,0.7941729291399754,-0.42113168208350527,0.017929415674598697,-0.08159556407059215,0.3665530839258747,0.3620229631319444,-0.30901345647150236,0.5343548694582643,-0.6985090775150623,0.001982188424083056,-0.05417273298201608,0.35996999771135185,0.28535850778698846,-0.32950210358299314,0.47385501542839914,-0.765153782008112,0.01039734354001639,-0.051543071101738946,0.40630980060012334,-0.22202679491928087,-0.29399653924905833,0.8847839769786838,0.2853549567279893,0.036864259278375944,-0.0983967010968438,0.3865814631744712,-0.34168294737331634,-0.019574648320593288,0.5757986107353907,0.7425130008912995,-0.012818268951816904,-0.03603977071959505,0.37572769145294294,0.10549780089938345,-0.39039244396353795,0.7917247758967006,-0.4578600582414773,0.022035284033140076,-0.0689130662292178,0.3670960890141249,0.28535850778698846,-0.32950210358299314,0.47385501542839914,-0.765153782008112,0.08869985940265956,-0.005059620572597448,0.365648168236366,-0.34983652792638403,0.6324399673745351,0.3310078761699669,0.6066859791598592,0.0734921723901455,-0.07352156781942101,0.362300221865446,-0.43353027398482186,0.569039992940562,0.4309252160565279,0.5500440401817708,0.08220513217944314,-0.040121848964701126,0.36164394590538074,-0.4321152000517903,0.47877138124828555,0.4636695425271519,0.6075071799694813,0.10364106078936419,0.01639325533633867,0.3658159191163405,-0.34983652792638403,0.6324399673745351,0.3310078761699669,0.6066859791598592,1202,0.06775513434923794,-0.12170119372101015,0.3739144711524253,-0.34168294737331634,-0.019574648320593288,0.5757986107353907,0.7425130008912995,Static,Right
Nummer3,21,48,48,49,0.0,0.0,0.0,-1.0,0.0,0.0,0.0,0.01813206365598387,0.039826799939070956,0.39876453065335266,-0.2921671713128624,0.020918479771391225,0.6296609355687599,0.7195330898782687,0.03986961437977042,-0.022269295062399927,0.392617949888479,-0.3000640586582855,0.05881209335707651,0.6709525617329876,0.6755185847039422,0.0646110721954069,-0.07803913600551353,0.3716793804211808,-0.34430297742627014,-0.01570555851329968,0.5729884905847631,0.7435677405755212,0.026852896313443272,0.01565868335109408,0.39635314964850427,-0.28745901304926613,0.03564938390670373,0.6723170890562656,0.681238701929598,0.010335824442718753,0.06147061326228915,0.40475787829546617,-0.2921671713128624,0.020918479771391225,0.6296609355687599,0.7195330898782687,-0.02329773824691706,0.0203227751173619,0.39221839896810967,-0.31922104443401866,-0.14304148564884792,0.6921305878760299,0.6313416725515639,0.024859648210242863,-0.035402884900658065,0.405467400559618,-0.326243792498694,-0.13407087557041658,0.7562005588268148,0.5511358299093465,0.052828839031743235,-0.08917539883472539,0.3779454929222279,-0.34430297742627014,-0.01570555851329968,0.5729884905847631,0.7435677405755212,-0.004366377195707986,-0.0013968814414801346,0.3972792291089772,-0.32360752396167736,-0.14431950872036686,0.7521201011865447,0.5556666295804045,-0.039799561559733396,0.041067017068021135,0.39349589113838007,-0.31922104443401866,-0.14304148564884792,0.6921305878760299,0.6313416725515639,0.04605080075576327,-0.07875324982849986,0.3895608254280747,-0.34430297742627014,-0.01570555851329968,0.5729884905847631,0.7435677405755212,-0.001986211219864732,-0.06981198792714291,0.3629275042107591,0.35931975497081314,-0.31151761092794555,0.5359977257930428,-0.6975331746333976,-0.002886958894089787,-0.07070096535353625,0.4032874814005784,-0.11219445749380104,-0.3403286871132824,0.8986232968706032,0.2531105662686353,0.02856031039799803,-0.10354551433027655,0.3864945465890153,-0.2594823090178719,-0.24449149953381286,0.5167201432359751,0.7783913742691748,-0.015083943970719507,-0.058353576912873906,0.3756674632301306,0.1685939671208442,-0.4040256742236037,0.7950631461732944,-0.41977842061692633,0.017456074684045354,-0.0820037099095178,0.367044251462546,0.35931975497081314,-0.31151761092794555,0.5359977257930428,-0.6975331746333976,0.0015683959292113522,-0.05459872913239204,0.3606736413356775,0.28433244150726955,-0.332089543063469,0.47306692388275945,-0.7649047546083859,0.01031842563014671,-0.051964740610076735,0.40684760175382945,-0.2257647245866555,-0.2930226302891316,0.8836741966129571,0.28685874836092307,0.036516511914122196,-0.09879680415691768,0.3867127646548603,-0.34430297742627014,-0.01570555851329968,0.5729884905847631,0.7435677405755212,-0.013164942232981317,-0.036450417110786754,0.3764761986719106,0.10311792438681278,-0.3922914197861666,0.7912873654839968,-0.4575351799126539,0.021677760420568556,-0.06928638949556953,0.367751620553624,0.28433244150726955,-0.332089543063469,0.47306692388275945,-0.7649047546083859,0.08829903956471206,-0.005481790234207716,0.36545476786023406,-0.35167261427386076,0.6355034827266471,0.3279519047470889,0.6040771837976062,0.0729291368598434,-0.07390741216839507,0.3621181981003567,-0.4358649568914901,0.5718155513830806,0.42755358517771014,0.5479476675305128,0.08169656230316526,-0.040522450223433606,0.3614427360146201,-0.43445535798981505,0.4818881206725714,0.4603121544844233,0.6059249965981822,0.10328081714159382,0.015943132401520906,0.36551423793580495,-0.35167261427386076,0.6355034827266471,0.3279519047470889,0.6040771837976062,1225,0.06724100281940018,-0.12210353359760473,0.3736552943259603,-0.34430297742627014,-0.01570555851329968,0.5729884905847631,0.7435677405755212,Static,Right
Nummer3,21,49,49,50,0.0,0.0,0.0,-1.0,0.0,0.0,0.0,0.019504769179029702,0.04134705778938806,0.3985267824104596,-0.2883502845128295,0.021645949486699657,0.6289406929958362,0.72167802445835,0.04079184221388084,-0.0208940079558471,0.39227394517395475,-0.2964018043382311,0.059727140385269877,0.6702542947346279,0.6777446565456829,0.06530662838329918,-0.07673989189500333,0.37125131231976655,-0.3410739167719597,-0.016047534645023964,0.5724526101213372,0.7454589653997862,0.02805089737273346,0.017120509827667985,0.39607445846055905,-0.28373879833616905,0.03657929969908137,0.6716761015268429,0.6833779801763984,0.011854694456039596,0.06303216571675138,0.40456317677392484,-0.2883502845128295,0.021645949486699657,0.6289406929958362,0.72167802445835,-0.02214640669499987,0.022051715221418394,0.39180293979664466,-0.3159136177384267,-0.14300202025361838,0.6921021985580742,0.6330430910150455,0.025659482083690965,-0.03398392209045051,0.40502259286062914,-0.3231086918867432,-0.1336213760073096,0.7561436820748774,0.5531661894579222,0.05343374933667139,-0.08782766196415416,0.37743007757164243,-0.3410739167719597,-0.016047534645023964,0.5724526101213372,0.7454589653997862,-0.0033518926317455885,0.00021137308071515586,0.3968532199179011,-0.32044841228480275,-0.14388428157959368,0.7520779608081869,0.5576637602041867,-0.03854293773778114,0.0428796382042378,0.39308317101984314,-0.3159136177384267,-0.14300202025361838,0.6921021985580742,0.6330430910150455,0.046662708154550245,-0.07740187831395944,0.3890533288202972,-0.3410739167719597,-0.016047534645023964,0.5724526101213372,0.7454589653997862,-0.001223924847533031,-0.06808229157892581,0.36225354634334467,0.3591689717997573,-0.3082443086395136,0.537478949444004,-0.6979251211929711,-0.002279439597669356,-0.06911604183210682,0.40262057563738973,-0.10919934051492595,-0.33884572715650707,0.8992155452906173,0.254303913313541,0.029043834401530327,-0.102084367453055,0.38583804040810465,-0.2558825825676959,-0.24491863368964936,0.5166189153422014,0.7795151461778849,-0.014307188146022887,-0.05661214499733359,0.3749975259360456,0.1696959126666525,-0.4010235743283276,0.7966421746824897,-0.4192190782566055,0.01814334735131373,-0.08038576164679076,0.36639168383078086,0.3591689717997573,-0.3082443086395136,0.537478949444004,-0.6979251211929711,0.002284360264332123,-0.05278215770045402,0.35997080065564646,0.2822510511863098,-0.3298738968685662,0.47851996616050035,-0.763240590020423,0.011017983091197177,-0.05046663945714265,0.40629281349601165,-0.2231073869451838,-0.29104798410434446,0.884181270204043,0.2893745777701529,0.03702610179649086,-0.0973814938648893,0.3861029653957587,-0.3410739167719597,-0.016047534645023964,0.5724526101213372,0.7454589653997862,-0.012293621249296699,-0.03465555967083464,0.3759427270535767,0.10253804334459839,-0.38917603216026425,0.7947131841974665,-0.4543775088203399,0.022295127336285234,-0.06769697610863835,0.3668489250397298,0.2822510511863098,-0.3298738968685662,0.47851996616050035,-0.763240590020423,0.08956232501995876,-0.004335179510852102,0.36546510110354996,-0.3498262348409368,0.6345908054658045,0.32471568549613555,0.6078452423339761,0.07369599880247207,-0.07262924007673621,0.36174241755755143,-0.43427313163956427,0.5709275171228464,0.4255118214538125,0.5517139722093021,0.08268658537482404,-0.0393005682897919,0.3612574526070727,-0.43192763774741916,0.48132957724779396,0.4579197357918824,0.6099753022776306,0.1047225900726745,0.016963156539013396,0.36569702143127103,-0.3498262348409368,0.6345908054658045,0.32471568549613555,0.6078452423339761,1247,0.06766688458384917,-0.12081991691715775,0.37308302073378674,-0.3410739167719597,-0.016047534645023964,0.5724526101213372,0.7454589653997862,Static,Right
Nummer3,21,50,50,51,0.0,0.0,0.0,-1.0,3.469446951953615e-18,-3.469446951953615e-18,3.469446951953615e-18,0.01909171040533985,0.04069433277268446,0.39827848753226014,-0.28703723382390745,0.01978842302876114,0.6292758240864116,0.7219625903972601,0.040431104974476814,-0.021533756843043428,0.3920809638171273,-0.29500246502256683,0.05792919522946499,0.6707160233534838,0.6780544004632408,0.06510425046250276,-0.07732186525168164,0.3710773167787496,-0.3401471896583071,-0.01829853910353375,0.5725648168758274,0.7457443149700723,0.027658545190244088,0.016473197696435186,0.3958486660601668,-0.2823284439556056,0.03477170877736941,0.6721022290408353,0.6836374563470385,0.011407546783354212,0.06237126285402575,0.4042987933118026,-0.28703723382390745,0.01978842302876114,0.6292758240864116,0.7219625903972601,-0.022492846335865697,0.02138177770423376,0.39134571554945874,-0.31436234894139903,-0.14446372119774503,0.6922993368426351,0.6332678540972958,0.025255081468225842,-0.034661114916002406,0.40473891312031385,-0.32132493151518443,-0.13506340507979767,0.7566487917858828,0.5531643253898217,0.05321289904333906,-0.08843273220795977,0.3771800377215616,-0.3401471896583071,-0.01829853910353375,0.5725648168758274,0.7457443149700723,-0.0037204049965183193,-0.0004606714207228309,0.39646447520238687,-0.31866988851325784,-0.1453350775725162,0.7525747407303763,0.5576365097413777,-0.03889170833836644,0.04221050986575587,0.392589231358167,-0.31436234894139903,-0.14446372119774503,0.6922993368426351,0.6332678540972958,0.04637345596810307,-0.07803062863002178,0.38878854996794593,-0.3401471896583071,-0.01829853910353375,0.5725648168758274,0.7457443149700723,-0.0014127435857829579,-0.06871804265290807,0.36176322313153103,0.3605160250198761,-0.30677830090331054,0.5377429313869668,-0.6976731394729898,-0.002637653699679183,-0.06981724296604569,0.4021515717469977,-0.10696529350249133,-0.3397152371562501,0.8992175119841133,0.25408630378456015,0.028793879318797864,-0.10272476388306527,0.3854523307102228,-0.25490100651508724,-0.2471433776694021,0.5163976075816463,0.7792811678949434,-0.014543653533101737,-0.057282172761516634,0.3744894110046756,0.1715995942666432,-0.40023821383451497,0.7967653774034021,-0.4189604811975644,0.01794476936476746,-0.08102629582611594,0.3659330545661925,0.3605160250198761,-0.30677830090331054,0.5377429313869668,-0.6976731394729898,0.0021449324653732456,-0.053432476551192605,0.35954819648042347,0.2846100781834857,-0.32818845956511694,0.4779163952592103,-0.7634692905068993,0.010625226651952221,-0.05116053434552479,0.4059150540742176,-0.22088188956526106,-0.2929677197660313,0.8842438016431982,0.28895329257988484,0.03676933440300273,-0.09801442572121886,0.3857605377849059,-0.3401471896583071,-0.01829853910353375,0.5725648168758274,0.7457443149700723,-0.012560581576783657,-0.03536079398343843,0.37546311890958584,0.10546417766579023,-0.3887850659733297,0.7942689052859538,-0.45481906930255783,0.02215236063905697,-0.06831329126954067,0.36651202331579796,0.2846100781834857,-0.32818845956511694,0.4779163952592103,-0.7634692905068993,0.08935200276181002,-0.004898465220706853,0.3655941579825025,-0.3499350768473524,0.6324695523224659,0.32506453399663293,0.6098038669231355,0.07353987985078687,-0.07319092825661784,0.36161841169590137,-0.4339766505268365,0.5688576488429558,0.4260617067113302,0.5536575333404224,0.08251943786603005,-0.03985792190542919,0.36126391142439773,-0.43150343809524105,0.479059315881804,0.4584380961190979,0.6116710446028495,0.10449957594380331,0.016407349443216306,0.3659575616185755,-0.3499350768473524,0.6324695523224659,0.32506453399663293,0.6098038669231355,1269,0.0674918772046698,-0.12140010825675195,0.37283918514104536,-0.3401471896583071,-0.01829853910353375,0.5725648168758274,0.7457443149700723,Static,Right
Nummer3,21,51,51,52,0.0,0.0,0.0,-1.0,0.0,0.0,0.0,0.019525577051558374,0.03996122425329382,0.39938808835890643,-0.28802989742515894,0.01948842721900572,0.6253518859668183,0.7249786190719872,0.0408348503294334,-0.02220658995964866,0.39250995537430233,-0.29624541547890565,0.05756206165738549,0.6668976789744367,0.6813022447078765,0.0654217143952937,-0.07785798748811126,0.37103589058591324,-0.34054403276351414,-0.018417699109660693,0.5693796942740607,0.7479955306397532,0.028080261663419363,0.015762647540886448,0.39669349557235706,-0.2834593134860372,0.034476688557112486,0.6682775862938642,0.6869259372024086,0.011862651011684988,0.06157886504446108,0.4056410489482185,-0.28802989742515894,0.01948842721900572,0.6253518859668183,0.7249786190719872,-0.022098720859426824,0.020702369434967723,0.3921584712525732,-0.31462913402065085,-0.14482953584653716,0.6896723483562043,0.6359127027232043,0.025681906397443,-0.035417105028237,0.4051096966738908,-0.3215661675728315,-0.13571077027259842,0.7545789557370957,0.5556873097914456,0.05353628409694147,-0.08900424820297295,0.37708398563306184,-0.34054403276351414,-0.018417699109660693,0.5693796942740607,0.7479955306397532,-0.003313770066801662,-0.0011702354907799084,0.3971050656851918,-0.3188751315381485,-0.1459701125281012,0.7504917492167537,0.5601548991954276,-0.03849268589771843,0.041521874929521446,0.39358813949573834,-0.31462913402065085,-0.14482953584653716,0.6896723483562043,0.6359127027232043,0.04672990336360729,-0.07868164766208717,0.3887854811522765,-0.34054403276351414,-0.018417699109660693,0.5693796942740607,0.7479955306397532,-0.0011144198400391582,-0.06914839576624418,0.36198483611385585,0.3606476357220583,-0.30582610256162407,0.5403471338479772,-0.6960090895831266,-0.0022415531525465937,-0.07053402034902603,0.40233271735948534,-0.10684279635039334,-0.3391021336387181,0.8983381622476475,0.2580366370870942,0.0291243328944747,-0.10333832463226927,0.385311900399725,-0.2543704311972939,-0.24692245114080025,0.5132741588001222,0.7815846881580709,-0.014212485827992519,-0.05777509716962935,0.3748012783817966,0.1720012275470081,-0.3995151169447596,0.7984368705915271,-0.41629534315789135,0.018234022547193536,-0.08150625706498486,0.3660501661507683,0.3606476357220583,-0.30582610256162407,0.5403471338479772,-0.6960090895831266,0.0025491196494007214,-0.05393208437954144,0.3598898002687643,0.28582185586523695,-0.32730407374008985,0.47883604409241426,-0.7628197381431745,0.011042569900945796,-0.05191556268091707,0.4062012625331272,-0.22051391975398038,-0.293461942012287,0.8832512099029937,0.29175503421536747,0.03710436408909713,-0.09863623232860427,0.38563497175510597,-0.34054403276351414,-0.018417699109660693,0.5693796942740607,0.7479955306397532,-0.012177704078694902,-0.035933366318702864,0.3758699699502178,0.10666824067251618,-0.38861464196541556,0.795071942551861,-0.453278228738964,0.022556625222081052,-0.06881956437055355,0.3668365303107609,0.28582185586523695,-0.32730407374008985,0.47883604409241426,-0.7628197381431745,0.08975200161872707,-0.005430565268482988,0.3661379397649154,-0.3526113343660785,0.631636133471619,0.32169830463944454,0.610910175526406,0.07384216661921045,-0.07366442571104424,0.36159022502086924,-0.4364973004990262,0.5676706705775029,0.42293739505156847,0.5552873817134193,0.08286039597194661,-0.040339878621475,0.361513143138914,-0.43354786086134856,0.47801231705751873,0.45502901073628466,0.6135870569627503,0.1049259414505899,0.015852738192619543,0.36666340694907595,-0.3526113343660785,0.631636133471619,0.32169830463944454,0.610910175526406,1292,0.06777794715028664,-0.12194615651557811,0.3724622639626343,-0.34054403276351414,-0.018417699109660693,0.5693796942740607,0.7479955306397532,Static,Right
Nummer3,21,52,52,53,0.0,0.0,0.0,-1.0,3.4694469519536134e-18,-3.4152368433293382e-18,0.0,0.02007091947273246,0.039476372553619396,0.39939088893905295,-0.28836014998045423,0.020749008952634724,0.6243006456663371,0.7257179936802781,0.04126540771576487,-0.022711707070331204,0.3923509303595483,-0.2966997147040084,0.058771190819674586,0.665882126480681,0.6819942962061808,0.06569706668187744,-0.07838518491013739,0.3707365235811014,-0.3406030256862003,-0.017058459340599654,0.568377858632945,0.7487624440863462,0.028581161522232564,0.015270246701688627,0.39663230352268286,-0.2838926263970862,0.035705642015905405,0.667293372596495,0.6876406319396724,0.01245819951857052,0.061095439557000725,0.40570172809108457,-0.28836014998045423,0.020749008952634724,0.6243006456663371,0.7257179936802781,-0.02158459480525464,0.0203198472562104,0.3922370165774481,-0.3148024927690648,-0.14361784710984465,0.6891247704031597,0.6366948683276069,0.026121566480106585,-0.03591092458746113,0.4049733993559318,-0.3219845644731182,-0.13442429985236212,0.7538614415999405,0.5567306123423771,0.053804279505290875,-0.08951760946649572,0.37679532467285276,-0.3406030256862003,-0.017058459340599654,0.568377858632945,0.7487624440863462,-0.00282860616915874,-0.0015964254577379138,0.3970998084309506,-0.3192766977913937,-0.14467931544197793,0.749784652722993,0.5612069675901437,-0.03793815813303437,0.04116759693129076,0.3937255292476926,-0.3148024927690648,-0.14361784710984465,0.6891247704031597,0.6366948683276069,0.047039231996197736,-0.07919264500843323,0.3885286985755057,-0.3406030256862003,-0.017058459340599654,0.568377858632945,0.7487624440863462,-0.0008421943884658299,-0.0695509963021768,0.3618585814292465,0.3594217125102109,-0.30605133697543496,0.5416126080430949,-0.6955604894763164,-0.0018778103779891302,-0.0709702239991866,0.4022250561609627,-0.10741981689949051,-0.33805239754275485,0.8984490151318206,0.2587874159644102,0.02937689814360377,-0.10381045625280538,0.3850685044456956,-0.25415257951810516,-0.2455090345069443,0.5125912102174416,0.7825484211903951,-0.013881237424650424,-0.05817013014439784,0.3747265419202973,0.17073297385649017,-0.39922820391471425,0.7993457925883918,-0.4153473205744635,0.01849443379044207,-0.08195076540266029,0.3658516234933079,0.3594217125102109,-0.30605133697543496,0.5416126080430949,-0.6955604894763164,0.002793286067978457,-0.054286849406149355,0.35975498655681826,0.2844008702686571,-0.3280656308548094,0.4812106806686709,-0.7615283104735246,0.01145416182567111,-0.05238246512578412,0.40608286994924736,-0.2213104924584112,-0.2924437228204112,0.8829179351958887,0.2931795603724495,0.03736656876867937,-0.09912393008249981,0.3853763124342948,-0.3406030256862003,-0.017058459340599654,0.568377858632945,0.7487624440863462,-0.011828673996937135,-0.036305720385408274,0.37584958210934694,0.10510287833677563,-0.38856793916496585,0.7963776302827889,-0.45138787268111885,0.022799649070671384,-0.06924416792062268,0.36655469590803885,0.2844008702686571,-0.3280656308548094,0.4812106806686709,-0.7615283104735246,0.09020668033490102,-0.006016152217360035,0.3659073186060297,-0.35292705353450904,0.6321672669581818,0.3204440752022191,0.6108376512117334,0.07411440327916566,-0.07420150161264757,0.361282063909906,-0.43652941343841783,0.5684822380170615,0.4211968200072385,0.5557546716654876,0.08323370054860554,-0.04090490402433183,0.36124296974992504,-0.43369762302199666,0.4787372461222356,0.45365809441298877,0.6139310664349409,0.10541304366725394,0.015243938167747467,0.36643777786132187,-0.35292705353450904,0.6321672669581818,0.3204440752022191,0.6108376512117334,1314,0.06795685280373967,-0.12247536378631423,0.372084033636786,-0.3406030256862003,-0.017058459340599654,0.568377858632945,0.7487624440863462,Static,Right
Nummer3,21,53,53,54,0.0,0.0,0.0,-1.0,0.0,0.0,0.0,0.020360113751462988,0.03841324153253188,0.3998207616757675,-0.2883783948915729,0.02286911952548734,0.6226907654539685,0.7270289645882343,0.04131470592698848,-0.02382749529083788,0.3925325095916663,-0.2969278236804127,0.060852712361432706,0.6642800926472736,0.6832735714449961,0.06546961411451373,-0.07951215010075782,0.37063557395783153,-0.340464816423014,-0.015125842688757163,0.5664787721873236,0.7503044171015794,0.02877719354503221,0.014185923804277228,0.39696440342742445,-0.28408234552722317,0.037817111528394495,0.6657478898067781,0.6889461766010625,0.012847967304037458,0.06004070489036161,0.40622192004423263,-0.2883783948915729,0.02286911952548734,0.6226907654539685,0.7270289645882343,-0.021385796975399163,0.01941533472166202,0.39279604193827217,-0.31482172048487167,-0.1417208687985528,0.6878864085688782,0.6384471540888401,0.026178477655567852,-0.03701678934057371,0.4051731548752367,-0.3223186083446818,-0.13251820626931204,0.7526042420627878,0.5586917706132859,0.05356327997635954,-0.0906233400278241,0.37670626352288794,-0.340464816423014,-0.015125842688757163,0.5664787721873236,0.7503044171015794,-0.002685768470206261,-0.002579367867357978,0.3975178827790384,-0.3195791995779615,-0.1427678945468466,0.7485432200388645,0.5631780457525116,-0.03766322708890166,0.04031349628850644,0.3944045151354716,-0.31482172048487167,-0.1417208687985528,0.6878864085688782,0.6384471540888401,0.04688163972762283,-0.08031476452866863,0.3885009720298701,-0.340464816423014,-0.015125842688757163,0.5664787721873236,0.7503044171015794,-0.001049070301075667,-0.07044098521482901,0.36205855307459267,0.35791844833301767,-0.3060060769681362,0.543729803133714,-0.694703221804555,-0.0019505438255929264,-0.07197142171131748,0.40242332445527573,-0.10810637374533005,-0.3364983025780546,0.8983713840643834,0.2607887279235193,0.029120938611173822,-0.10486102098367606,0.3850315968848079,-0.2534686266987115,-0.2434584943818894,0.5112008915306933,0.7843183443545084,-0.014011977260188324,-0.059059869238980114,0.3750035791198993,0.1693548650369958,-0.39856632548753895,0.8007820958089411,-0.4137775355278512,0.018267025332817276,-0.0829073342661148,0.365945439334031,0.35791844833301767,-0.3060060769681362,0.543729803133714,-0.694703221804555,0.0025685873357977895,-0.05512937331393761,0.359986342607759,0.2823502328877835,-0.3285340134148067,0.48439918244164043,-0.7600665629190937,0.011459038498498218,-0.05344192697702717,0.40628781559711097,-0.22226738368354024,-0.2905445734458084,0.8823619824441099,0.2960040420821437,0.03712741376860301,-0.10020299655099336,0.38532222196631294,-0.340464816423014,-0.015125842688757163,0.5664787721873236,0.7503044171015794,-0.011904547743643804,-0.03716052652990523,0.37622782490538825,0.1030786908365002,-0.3879572935253243,0.7983124369770744,-0.4489556491054134,0.022552742726375422,-0.0701963586148002,0.36660570928961306,0.2823502328877835,-0.3285340134148067,0.48439918244164043,-0.7600665629190937,0.09017519584736765,-0.0072009636558391255,0.3658965796373563,-0.3537061025360818,0.6333787878616973,0.3181735341886157,0.6103186923710493,0.07386285496448888,-0.07532606983206483,0.3611610664234861,-0.4372546772509561,0.5697955556592518,0.4185458805046056,0.5558423498490838,0.08309380027583646,-0.04206025265676401,0.36117156967868963,-0.4345000193849083,0.480059277063059,0.45133876286996866,0.6140408331627579,0.10543301327274182,0.014022080096093164,0.3664159824844007,-0.3537061025360818,0.6333787878616973,0.3181735341886157,0.6103186923710493,1336,0.0675848017996778,-0.12361273971676379,0.3718287891845034,-0.340464816423014,-0.015125842688757163,0.5664787721873236,0.7503044171015794,Static,Right
Nummer3,21,54,54,55,0.0,0.0,0.0,-1.0,0.0,-5.421010862427523e-20,0.0,0.02100620342840711,0.03747599419850611,0.40032143139776805,-0.28784713474042795,0.02328728606605756,0.6210305234962472,0.7286445074351284,0.041806551013955404,-0.024782100360403618,0.39274664023138944,-0.29654480970029995,0.061304763711126586,0.6626079205968001,0.6850209086944139,0.06572887944616013,-0.08043849581698935,0.3705209385965284,-0.33944302493578854,-0.014466154267131834,0.5642605954982159,0.7524487647482452,0.029362566133067165,0.01324188781386749,0.3973534423334045,-0.2836444666464584,0.03830132690509426,0.6640958771211689,0.6906920376613738,0.013548386061614865,0.05909457040537307,0.4068188412595093,-0.28784713474042795,0.02328728606605756,0.6210305234962472,0.7286445074351284,-0.020793673735367727,0.018629837528641544,0.39329029366136603,-0.31383424058460835,-0.14162490568999975,0.6866307019554729,0.640303626927972,0.026639000332691735,-0.03798265561267698,0.40533910592969397,-0.32158999125931836,-0.1321880887342065,0.7511996321332693,0.5610751281258777,0.05379000304669658,-0.09153811219197738,0.37654754051190586,-0.33944302493578854,-0.014466154267131834,0.5642605954982159,0.7524487647482452,-0.0021445762244777893,-0.0034356677249840675,0.39788413594550476,-0.318817756451569,-0.1424334540587375,0.7471407241777952,0.5655516666151427,-0.037026229842613334,0.039555669097495985,0.3949913205209595,-0.31383424058460835,-0.14162490568999975,0.6866307019554729,0.640303626927972,0.04715991569262183,-0.0812668107421178,0.3884064778253185,-0.33944302493578854,-0.014466154267131834,0.5642605954982159,0.7524487647482452,-0.0007599127509598132,-0.07107513675023244,0.362104537931447,0.3575989039752019,-0.3042183087511193,0.5454595510443695,-0.6942968548616779,-0.001622172992318864,-0.07281938807178777,0.4024430365475758,-0.10737876181728576,-0.3351358415933348,0.8981168576119787,0.26370415101643496,0.029304235077170154,-0.10572947499297682,0.38483190547205337,-0.2517356912308311,-0.24264232279646333,0.5093736239810568,0.7863156847862554,-0.013678732803441646,-0.05971556108428628,0.37511223469687166,0.16942642890123735,-0.39699624213233664,0.8024645930463896,-0.4119942303351703,0.018513991310430564,-0.08361701277038637,0.36595425858720976,0.3575989039752019,-0.3042183087511193,0.5454595510443695,-0.6942968548616779,0.002887500014964923,-0.05575893720914352,0.3600748013149079,0.28149432529506246,-0.327391300317935,0.4871597622617273,-0.7591121441104118,0.0118613003699712,-0.05436004317731494,0.40638664608140584,-0.2215813176092595,-0.2892722131008406,0.8819388181266589,0.2990104136909592,0.03732915333934412,-0.10110155712660951,0.3851354974804876,-0.33944302493578854,-0.014466154267131834,0.5642605954982159,0.7524487647482452,-0.011485284685286565,-0.03782894266836537,0.37644956811409874,0.1025733067052953,-0.38654216403659736,0.8004659738190097,-0.44645055373627873,0.022824205683095324,-0.07093388337398275,0.366591004043228,0.28149432529506246,-0.327391300317935,0.4871597622617273,-0.7591121441104118,0.09070763466945087,-0.008197086974173021,0.36610793826795296,-0.35459217519861824,0.6333523990785201,0.31553377252182063,0.6112017394179631,0.07412685792039254,-0.07623376198375252,0.3610595082111182,-0.4378633666571279,0.569911049712077,0.4157578517448958,0.5573351561387755,0.08348960127619111,-0.043004401358309664,0.3612217527109297,-0.43483719264656384,0.4802540236973661,0.44862984018356145,0.6156329711042263,0.1060265888423238,0.012979408972677735,0.36671228540530354,-0.35459217519861824,0.6333523990785201,0.31553377252182063,0.6112017394179631,1359,0.06768083105255193,-0.12455096587155863,0.37147384972094305,-0.33944302493578854,-0.014466154267131834,0.5642605954982159,0.7524487647482452,Static,Right
Nummer3,21,55,55,56,0.0,0.0,0.0,-1.0,3.469446951953614e-18,-3.469446951953614e-18,0.0,0.02005350493485941,0.037130308894757026,0.40056858008486823,-0.29002852942931995,0.023094987204558805,0.6204019591065851,0.7283210025941848,0.04105297672893369,-0.02504785221919852,0.392883845550945,-0.2987219354935662,0.06098663388028125,0.6620143380403211,0.6846771881492518,0.06511252451159778,-0.08061957144371408,0.370551582948931,-0.34145836115934425,-0.014408455774903912,0.5633799126943702,0.7521978848474924,0.028487791001272345,0.012927849605337414,0.3975565215041122,-0.2858240075825323,0.037993578376171,0.6634786123081347,0.6904036903879542,0.012537435224926449,0.0587171325771902,0.4071024585210626,-0.29002852942931995,0.023094987204558805,0.6204019591065851,0.7283210025941848,-0.021703823903791625,0.018147529479152276,0.39365076815339317,-0.31588176050385025,-0.1420750918074963,0.6855740898869636,0.6403292504208608,0.025963744756398822,-0.038308801097881526,0.4055077372771912,-0.32358130770238186,-0.13289127310023888,0.7502259619805663,0.5610668879997712,0.05321845419295286,-0.09176112160075417,0.3765900802250163,-0.34145836115934425,-0.014408455774903912,0.5633799126943702,0.7521978848474924,-0.0029633522155540597,-0.0038553847999529267,0.3981692557464613,-0.32080563683817254,-0.14312167483196733,0.7461507576326052,0.565560762827865,-0.038004945552858604,0.03901425223227421,0.39542191228266643,-0.31588176050385025,-0.1420750918074963,0.6855740898869636,0.6403292504208608,0.04657182676463304,-0.0815115032334407,0.38847342534133505,-0.34145836115934425,-0.014408455774903912,0.5633799126943702,0.7521978848474924,-0.0014610547645980132,-0.07143911659378208,0.36232832361309386,0.35806386416528796,-0.30599234766125316,0.5459244067190505,-0.6929108849630159,-0.002194901823601627,-0.07323070904565664,0.40266225839486763,-0.10900427368287964,-0.33625892413853303,0.8972454785862953,0.26457240107863533,0.02878304593843917,-0.10602652429445117,0.3849286220892698,-0.2536170999936307,-0.2424056826540953,0.5082450760038174,0.7865143319264416,-0.0143802952717836,-0.06013549705354998,0.3753840537729578,0.16914330939950653,-0.3988291456626258,0.8022553791639111,-0.4107458582359316,0.017865737866283794,-0.08392240261599056,0.366102921696417,0.35806386416528796,-0.30599234766125316,0.5459244067190505,-0.6929108849630159,0.0021490547354696132,-0.05612788729431512,0.3603111999835984,0.28228849205777234,-0.3290170119938919,0.4869643879588364,-0.7582392089111695,0.011241469652636473,-0.054732973808526764,0.40658369431166813,-0.2231956845622446,-0.2903569277948192,0.8810314206755842,0.2994330921202714,0.03679340906419215,-0.10137447407221754,0.3852136138845775,-0.34145836115934425,-0.014408455774903912,0.5633799126943702,0.7521978848474924,-0.01224325731399983,-0.03825279818056525,0.3767271653845793,0.1024359743908871,-0.3883943533903208,0.8000276804928593,-0.4456595200938933,0.02215174645452536,-0.07123502178921397,0.36678165370381416,0.28228849205777234,-0.3290170119938919,0.4869643879588364,-0.7582392089111695,0.09000811133096903,-0.008336909737688011,0.36611550048674196,-0.35543089472234585,0.633552437810198,0.31575064812199444,0.6103947213338009,0.07349588617509896,-0.07639188451953932,0.3610859734867726,-0.43857023343511803,0.5701233722335802,0.4156610989430093,0.556633938601633,0.08282119590534283,-0.04315216029652212,0.36123688078538174,-0.4356000077434529,0.48049635763292636,0.4484844285294067,0.615010244566744,0.10529211780197395,0.012866933148494835,0.36669835986288163,-0.35543089472234585,0.633552437810198,0.31575064812199444,0.6103947213338009,1381,0.06717895641575199,-0.1247141276399533,0.3714401559859891,-0.34145836115934425,-0.014408455774903912,0.5633799126943702,0.7521978848474924,Static,Right
Nummer3,21,56,56,57,0.0,0.0,0.0,-1.0,0.0,-5.421010862427522e-20,3.469446951953614e-18,0.019295690467871916,0.03720758977960527,0.3998979361114043,-0.29050555959542684,0.020051583770817512,0.623101447332819,0.7259125568304878,0.04071298193012815,-0.02488192861754295,0.39265854451880783,-0.2988572986313041,0.05792312765588539,0.6648222382267441,0.682158792288527,0.06512604096767623,-0.08038191937880149,0.3705311822058387,-0.3420302154787033,-0.01700401696035566,0.5647613692306025,0.7508467160023935,0.027892357400395244,0.013040994658841306,0.39706097860021045,-0.2860343496749544,0.03487675912004087,0.6661968564715507,0.6878587870389772,0.011615420285879762,0.05878173782101509,0.4062808475332352,-0.29050555959542684,0.020051583770817512,0.623101447332819,0.7259125568304878,-0.022218330433041025,0.018016353911118874,0.3929487726021263,-0.31573277714169734,-0.14472191510080346,0.6873549494201462,0.6378961939340724,0.025633030748044634,-0.038189930325074985,0.40524289141875863,-0.32313943209903484,-0.13535716616691978,0.7517309743749038,0.5587127053820524,0.053258687117492313,-0.0915673273152796,0.37654069640326737,-0.3420302154787033,-0.01700401696035566,0.5647613692306025,0.7508467160023935,-0.0034056301685365387,-0.0038886472950154863,0.3976383714034275,-0.32040175988998915,-0.1455954892381968,0.7476347120263407,0.5631935751996631,-0.038621334106008307,0.038817694054880766,0.39454918871306,-0.31573277714169734,-0.14472191510080346,0.6873549494201462,0.6378961939340724,0.04651418232948724,-0.08132721689299971,0.388376334058421,-0.3420302154787033,-0.01700401696035566,0.5647613692306025,0.7508467160023935,-0.0015589265388647154,-0.07141149879669748,0.36198377843441515,0.36015651570972995,-0.3067776966644644,0.5458371629776787,-0.6915464702632442,-0.0023510230656959737,-0.07324827851227883,0.4023428956369582,-0.1086050381998477,-0.3387847733243333,0.8964288687254787,0.26428224752477897,0.028854706484406835,-0.10593140774256166,0.38480211714903273,-0.2545963267766011,-0.24502560563252404,0.5089398298348115,0.784935291972523,-0.014543232487428243,-0.060193347273107184,0.3750486789096527,0.17082620840782026,-0.4004270265106047,0.8015870918958142,-0.4097984102786332,0.017825286722931235,-0.08381014742109304,0.36574171716595305,0.36015651570972995,-0.3067776966644644,0.5458371629776787,-0.6915464702632442,0.001981623337102268,-0.056086837187351794,0.35993782483405296,0.2841521760670295,-0.3294582961671118,0.48722806865979024,-0.757181339596458,0.010982373015894711,-0.054681007336565744,0.40628728646685247,-0.2226757875712099,-0.2926649272050168,0.880663988182092,0.2986530996538224,0.03684231513769638,-0.10124145489852149,0.3851113602937796,-0.3420302154787033,-0.01700401696035566,0.5647613692306025,0.7508467160023935,-0.01249564211856365,-0.03829662981880297,0.37637277989058454,0.10402036678831098,-0.3896353983210434,0.7996284163394397,-0.44492517960990585,0.02203744191560356,-0.0711356867663447,0.36637809971134594,0.2841521760670295,-0.3294582961671118,0.48722806865979024,-0.757181339596458,0.08969306726030789,-0.007989152448975318,0.36607909984125697,-0.3556492991229244,0.6318102524590249,0.31849514805013457,0.6106473790900595,0.0735291244944565,-0.07613134652700684,0.36109287135730544,-0.4385208367047821,0.5683116309968551,0.4183989214265759,0.5564743555623297,0.08269706496287428,-0.04284819003921416,0.3612281886756481,-0.4357417628896799,0.47844202124543955,0.4511067052986631,0.6145934337551593,0.10487458954220442,0.013285424596889741,0.3666913013798317,-0.3556492991229244,0.6318102524590249,0.31849514805013457,0.6106473790900595,1404,0.06739437986316149,-0.12446442550000118,0.3715108177143898,-0.3420302154787033,-0.01700401696035566,0.5647613692306025,0.7508467160023935,Static,Right
Nummer3,21,57,57,58,0.0,0.0,0.0,-1.0,0.0,0.0,0.0,0.018035094624278495,0.0365041527182728,0.40104761023251884,-0.2945717274007899,0.020421381701387766,0.6206923454214146,0.7263273896259071,0.03971798145470828,-0.025446115773463972,0.39341242264474424,-0.30303284947291415,0.05801599033519993,0.6625700994235381,0.6824998903704197,0.06425008074040296,-0.08073716925524435,0.370884949139894,-0.3458126670909424,-0.01642251319471682,0.5619137985160543,0.751263458033916,0.02673456149784318,0.012393497332398595,0.3980548344341391,-0.2901838391236157,0.03501099740218553,0.6639190520988455,0.6883161060389,0.01028980515051555,0.05801372246676924,0.4075699725501292,-0.2945717274007899,0.020421381701387766,0.6206923454214146,0.7263273896259071,-0.023380729117119588,0.017185370540153386,0.3943740815575353,-0.3193572950645374,-0.1443575234124975,0.6842816406896496,0.6394767077371573,0.02479184704410585,-0.03887943892479862,0.4060481126800548,-0.32683092233168604,-0.13551241360280314,0.7489405911947898,0.5602730805849598,0.052477469252663306,-0.09200505729036139,0.3769249447513829,-0.3458126670909424,-0.01642251319471682,0.5619137985160543,0.751263458033916,-0.0044444022182066195,-0.004664200131950928,0.3988209413509424,-0.324062902854988,-0.14571822809462207,0.7448231115711139,0.5647901959698719,-0.039853198853578256,0.03791075873442674,0.3962047104052616,-0.3193572950645374,-0.1443575234124975,0.6842816406896496,0.6394767077371573,0.04576026357187879,-0.08184341696234887,0.3888512974078385,-0.3458126670909424,-0.01642251319471682,0.5619137985160543,0.751263458033916,-0.0026130568135812812,-0.07199014421924786,0.36284508443601776,0.3600359656497624,-0.309984242059757,0.548867566973243,-0.6877705046293814,-0.0030428023594262534,-0.07406056374677336,0.403197271077461,-0.11212476007556028,-0.33981300182349844,0.8944701473382546,0.2681013194491633,0.028194710550967735,-0.10651794862674151,0.3852974873098681,-0.25778207263067154,-0.24400089110427395,0.5057801504609942,0.7862559427884852,-0.015528885857276867,-0.06090177547599153,0.37608674308316636,0.16931192172518322,-0.4034141728033893,0.8026545963401828,-0.4053838641547798,0.016856289675678565,-0.08432894238030479,0.3663523686021271,0.3600359656497624,-0.309984242059757,0.548867566973243,-0.6877705046293814,0.0008639801545081201,-0.056647312350934176,0.3608651750483944,0.28479766676303203,-0.33274158462889397,0.48935757716897177,-0.7541236559956858,0.010229445212181415,-0.05544586033034181,0.4071261570666753,-0.22615676759467257,-0.2939366010267319,0.8782903886674857,0.3017621318560333,0.03616165730522637,-0.10179015631039211,0.3855703210106365,-0.3458126670909424,-0.01642251319471682,0.5619137985160543,0.751263458033916,-0.0135666486910452,-0.039001889973352216,0.3774951415618488,0.10290456396687696,-0.392873996791587,0.8002151540247744,-0.44126679076143693,0.021035711223955332,-0.07163626777234777,0.36708131291983637,0.28479766676303203,-0.33274158462889397,0.48935757716897177,-0.7541236559956858,0.08851787682956737,-0.008226593297915523,0.36652372416161033,-0.35928372701947553,0.6324484030088744,0.3177667633184266,0.6082339230597471,0.07257727183966446,-0.0764125579240474,0.36141120995040477,-0.44201907304408355,0.5686047030698644,0.4171019537547878,0.5543769393526569,0.08161270153336488,-0.04309261794188796,0.3615992494023465,-0.4391867526010962,0.47897251113247774,0.44939705569320476,0.6129784794374356,0.10360161037834796,0.013119207406187591,0.36710977495300556,-0.35928372701947553,0.6324484030088744,0.3177667633184266,0.6082339230597471,1427,0.0667276390171262,-0.12480834907712185,0.37165455884173326,-0.3458126670909424,-0.01642251319471682,0.5619137985160543,0.751263458033916,Static,Right
Nummer3,21,58,58,59,0.0,0.0,0.0,-1.0,0.0,0.0,0.0,0.01735970113759923,0.03714074522594375,0.4002220113455466,-0.291773799445055,0.018664157943875447,0.6231792570865508,0.7253739123394898,0.03902971643487818,-0.02486357342202213,0.39300655349332375,-0.3000277714473021,0.056423974033917045,0.6650831906647532,0.6815159726739917,0.063726906804646,-0.08024448038449511,0.37086432151790283,-0.34360445850206645,-0.018588433768926,0.5645344341916297,0.7502608338700992,0.02605468448755066,0.013008198243925144,0.3973943797032124,-0.2872177839557404,0.03337176352413162,0.6664083703777338,0.6872351517998307,0.009593372574458213,0.05868485522036545,0.40660352920555476,-0.291773799445055,0.018664157943875447,0.6231792570865508,0.7253739123394898,-0.024076621806870833,0.01777238035695059,0.3933345856186776,-0.3169514845988312,-0.14631182147885635,0.6866964264817373,0.637638318455963,0.024005097495882845,-0.03824899953778562,0.40557465627128586,-0.3241848949569014,-0.13710354313885992,0.7511706238626731,0.5584348361145783,0.05190274664547452,-0.09148654579709814,0.3768502348808757,-0.34360445850206645,-0.018588433768926,0.5645344341916297,0.7502608338700992,-0.005174709150973053,-0.0040599935831868855,0.398003349918449,-0.3214513485587048,-0.147331273012283,0.7470504555053687,0.562919304546923,-0.04056413300945856,0.03850406097406875,0.3949593616445826,-0.3169514845988312,-0.14631182147885635,0.6866964264817373,0.637638318455963,0.04508966623107151,-0.08127867325595096,0.3886876061452474,-0.34360445850206645,-0.018588433768926,0.5645344341916297,0.7502608338700992,-0.0030920339475887515,-0.07149073285216904,0.36229055379947017,0.3615753860794523,-0.30781433590539664,0.5461557886057292,-0.6900923339416754,-0.0038175090198719827,-0.07343238356264196,0.40263695168624586,-0.10939335541349467,-0.34046178595690113,0.8953300171422425,0.26552406011223567,0.027545285220410855,-0.10596069053813396,0.38508697622330473,-0.25618083466109637,-0.2464586045493565,0.5081600661572387,0.7844761840610577,-0.016104648331621393,-0.06035275105564689,0.3753969567153282,0.17160574374855725,-0.4020579383107771,0.801373126460274,-0.40829155653904664,0.016344810687813252,-0.08382017691709326,0.3660017792937171,0.3615753860794523,-0.30781433590539664,0.5461557886057292,-0.6900923339416754,0.0003674078373715351,-0.05613942911962051,0.3602378494253542,0.28531035806567184,-0.33062348902939975,0.4882638769819236,-0.7555689872652568,0.0094289802760827,-0.05480734064028506,0.4066007185149739,-0.22336930325200519,-0.2942531035880429,0.8797215766124391,0.29935132041807083,0.03551151217028177,-0.1012346371119736,0.38540417678482286,-0.34360445850206645,-0.018588433768926,0.5645344341916297,0.7502608338700992,-0.014138314602326011,-0.038441299503950005,0.3767463697590904,0.10458066399060158,-0.39119075697812583,0.7996842520588802,-0.4433258095162015,0.02048494827798456,-0.07114723290559184,0.36658397841412244,0.28531035806567184,-0.33062348902939975,0.4882638769819236,-0.7555689872652568,0.08813828650716858,-0.007787639997357498,0.36655916006540046,-0.356262031382023,0.6307623567474422,0.31880478622279057,0.6112116839421575,0.07213696260522615,-0.07595949125809881,0.3614461392294888,-0.43930328845249245,0.5668892396835506,0.4192775594601359,0.5566466911955773,0.0812074038768772,-0.04264868552588095,0.3616428435964028,-0.4361739627897293,0.4771885627541693,0.45142697843457263,0.6150260424586476,0.10328980905315327,0.013507967934176975,0.36723018641725574,-0.356262031382023,0.6307623567474422,0.31880478622279057,0.6112116839421575,1449,0.06617523327783255,-0.12430838910038136,0.37180051602693165,-0.34360445850206645,-0.018588433768926,0.5645344341916297,0.7502608338700992,Static,Right
Nummer3,21,59,59,60,0.0,0.0,0.0,-1.0,0.0,0.0,0.0,0.01741093621691981,0.037260572596643414,0.40159160344536676,-0.29427081206604727,0.022219327084741797,0.6203604510539753,0.7266800543829441,0.03890710052605954,-0.024752140654996778,0.39393823659382243,-0.3028367326864518,0.05976455407365492,0.6623181823632784,0.6826805524717801,0.0632834398794067,-0.08010827529366879,0.3713874811830676,-0.3456289875000124,-0.014951891694802245,0.5617368076349833,0.7515110131478587,0.02603878511212777,0.01312447715441753,0.39859111094492267,-0.2899872384985834,0.03676574430419775,0.6637138168859407,0.6885053745820873,0.009744229308752295,0.05879266485713202,0.4081283248001485,-0.29427081206604727,0.022219327084741797,0.6203604510539753,0.7266800543829441,-0.024065104026794223,0.01805855051222211,0.39510131850776853,-0.31941485540874176,-0.14249332280412633,0.6838943294911873,0.6402798990990198,0.023980254362613466,-0.03814854486806802,0.40661165486881146,-0.3270990976768857,-0.1336737275414233,0.748544016837071,0.5610876666988606,0.05149729303844011,-0.09134791572556712,0.3774557327108807,-0.3456289875000124,-0.014951891694802245,0.5617368076349833,0.7515110131478587,-0.005177532859480773,-0.0038460753306473663,0.3994838397094932,-0.32431749441464164,-0.14387831933912495,0.7444451877442533,0.5656134320233046,-0.04047184745193791,0.0388320662547476,0.39698729063814375,-0.31941485540874176,-0.14249332280412633,0.6838943294911873,0.6402798990990198,0.04482223009504828,-0.08116436091285029,0.3893904216501931,-0.3456289875000124,-0.014951891694802245,0.5617368076349833,0.7515110131478587,-0.003651071549771418,-0.07114159099061337,0.3634907786847732,0.35873624750447075,-0.31039706560203306,0.5500701824087726,-0.6873025249603248,-0.003933190789928032,-0.07327270161615876,0.403836781637185,-0.11332506022242432,-0.3385941432315336,0.8943460328868829,0.26954890160114237,0.027197901472202607,-0.1058038204183496,0.3858856403630357,-0.25755507257554916,-0.24257175889128282,0.5059433859081144,0.7866674117025734,-0.01650004519645442,-0.06004903906696666,0.3767950029029697,0.1677820714184274,-0.4033253341132308,0.8036013553139445,-0.4042310145332541,0.015806983134768034,-0.08351828930495452,0.36692379655965507,0.35873624750447075,-0.31039706560203306,0.5500701824087726,-0.6873025249603248,-0.00016253944780694057,-0.05580005935779987,0.36148372688351266,0.28295682644285647,-0.33338298995407617,0.4910798467236276,-0.7534134326653368,0.009385410542272729,-0.05468386237069169,0.407728850888892,-0.22717729293286093,-0.2923156663149052,0.8781041704794896,0.3031090473560588,0.03517468708926383,-0.1010921398085458,0.3861385495377299,-0.3456289875000124,-0.014951891694802245,0.5617368076349833,0.7515110131478587,-0.014472109638030426,-0.03814075360759211,0.37820382886860077,0.1009180323696155,-0.39255867340417316,0.8013643770412574,-0.4399185991602063,0.019990779534538466,-0.07085756392952701,0.3675890503858549,0.28295682644285647,-0.33338298995407617,0.4910798467236276,-0.7534134326653368,0.08775378541454015,-0.0076718434143393,0.36703324279013855,-0.3585222556612411,0.6334050290564516,0.31604456472054915,0.608584993630446,0.07160514882885977,-0.07580773714717091,0.3618991759175784,-0.44174112470066174,0.5694034564798606,0.4158802780850271,0.554696382534538,0.0807291691599486,-0.042512573388072586,0.36209404575285165,-0.4386789988011491,0.4799706128199589,0.44811443609837176,0.6135001214346195,0.10292198792809441,0.013613784039868425,0.3676107671519498,-0.3585222556612411,0.6334050290564516,0.31604456472054915,0.608584993630446,1460,0.06566320739915574,-0.12418013631628251,0.37216922702115635,-0.3456289875000124,-0.014951891694802245,0.5617368076349833,0.7515110131478587,Static,Right
Nummer3,21,60,60,61,0.0,0.0,0.0,-1.0,0.0,0.0,0.0,0.017220990710559613,0.03727470734500867,0.4016375566120414,-0.2943035143609935,0.02204386274486546,0.620398470930307,0.7266396953218226,0.038736666851265776,-0.024731656779747063,0.3939895841201679,-0.30285896972620585,0.05958865704471949,0.662362301026164,0.6826432586551435,0.06313344150510664,-0.08008071021866162,0.371444942208931,-0.34567228697867536,-0.015120587647711695,0.5617761023351002,0.7514583479403921,0.025855845147249035,0.013141199000604778,0.39863964436386407,-0.29000930961812554,0.036588807728750936,0.6637538436637924,0.6884669160572269,0.00954616934562291,0.05880461498847825,0.40817301672438067,-0.2943035143609935,0.02204386274486546,0.620398470930307,0.7266396953218226,-0.024247481923036496,0.01806127857776358,0.3951385600400554,-0.31942809370951775,-0.14266572529701937,0.683910471621442,0.6402176587545175,0.023810498997108416,-0.03813237964930969,0.4066592349741853,-0.32709312865221063,-0.13384637957170192,0.7485632865307651,0.561024275697867,0.051350061000685066,-0.09132384566929055,0.37751018838091976,-0.34567228697867536,-0.015120587647711695,0.5617761023351002,0.7514583479403921,-0.00535563063145824,-0.0038386763250203206,0.3995243689771766,-0.3243126162586413,-0.14405088252140028,0.7444622386226447,0.565549861148636,-0.04066192830307584,0.03882898539669148,0.39702105878371124,-0.31942809370951775,-0.14266572529701937,0.683910471621442,0.6402176587545175,0.04466881934279317,-0.08114215165802914,0.3894430074514451,-0.34567228697867536,-0.015120587647711695,0.5617761023351002,0.7514583479403921,-0.003801632037868723,-0.0711340950349359,0.3635315575000462,0.35890007487296266,-0.31039740607999006,0.5499845703742177,-0.6872853547874296,-0.004092671829712031,-0.07326483767399565,0.40387846962037643,-0.11326139878702444,-0.3387560166457533,0.8943092190167599,0.2694944109118812,0.0270527797359272,-0.10578691956175416,0.3859338794200302,-0.2576111847490319,-0.2427371388646436,0.5059401971538335,0.7866000736155236,-0.016656338233382653,-0.06004424168042727,0.3768332042478179,0.16793471140044497,-0.40339567217049416,0.8035235066633202,-0.4042521968034878,0.01565925908678275,-0.08350393723079,0.36696979086678144,0.35890007487296266,-0.31039740607999006,0.5499845703742177,-0.6872853547874296,-0.00031712124078348003,-0.055790545209549874,0.36152521050590625,0.283122697379004,-0.33336648449479434,0.4909973858318662,-0.7534121663144898,0.009220306967542478,-0.054672047611895536,0.4077727870510082,-0.22711962957213047,-0.2924782332114777,0.8780881176268367,0.30304193545294955,0.035028090274493655,-0.10107381532202026,0.386189864261055,-0.34567228697867536,-0.015120587647711695,0.5617761023351002,0.7514583479403921,-0.014635362349135391,-0.03813633343959586,0.3782423483095111,0.10107574553629581,-0.39262452508341417,0.8012954590486918,-0.4399491598756059,0.019840093349815426,-0.07084199424902764,0.36763596035846574,0.283122697379004,-0.33336648449479434,0.4909973858318662,-0.7534121663144898,0.08758418999154516,-0.007638087763110464,0.3670953013944035,-0.35857312613231496,0.633287988444883,0.3161805852257891,0.6086061735091178,0.07145731454890568,-0.07577786662128569,0.36195773663894165,-0.4417718673124033,0.569279677129419,0.4160151425030634,0.5546978165333742,0.0805703293131761,-0.04247993369789501,0.36215466031847343,-0.43871497547232985,0.47983450708386843,0.4482370461420715,0.6134912929893337,0.10274587525232848,0.013652080616149906,0.36767656590879316,-0.35857312613231496,0.633287988444883,0.3161805852257891,0.6086061735091178,1472,0.06552610227230174,-0.12415288191406264,0.3722268542910797,-0.34567228697867536,-0.015120587647711695,0.5617761023351002,0.7514583479403921,Static,Right
Nummer3,21,61,61,62,0.0,0.0,0.0,-1.0,0.0,-3.469446951953614e-18,0.0,0.016233314062996995,0.03670195936164931,0.40191086483391814,-0.29231894488128013,0.018534705682687915,0.6202831903771868,0.7276364908965534,0.037854531801474633,-0.025259806262512174,0.39419884433071534,-0.30076346014390065,0.056251092652579854,0.662268168392176,0.6839430010988722,0.062489756637324756,-0.08050598198124577,0.37164856373951366,-0.3439486658200924,-0.01887387937508251,0.5617483938726423,0.7521847073288715,0.02490937224544778,0.012586321171866392,0.3988896830925769,-0.2878701944039475,0.03325151083423688,0.6635925808962305,0.6896883171263334,0.008491124895187527,0.05820321495919256,0.40846043563046397,-0.29231894488128013,0.018534705682687915,0.6202831903771868,0.7276364908965534,-0.02522019971237817,0.01742277807040064,0.3949893240073425,-0.31700632964674663,-0.14644332320570694,0.68413475519421,0.6403288036530339,0.022848807793982594,-0.0387213947872421,0.40670844553946045,-0.32440544034891744,-0.13729208785901856,0.7488118006883491,0.5614204129110455,0.050671717313475986,-0.09178199581744749,0.3775826152648838,-0.3439486658200924,-0.01887387937508251,0.5617483938726423,0.7521847073288715,-0.006323373941630876,-0.004457077229341161,0.3994541851308684,-0.32162803204323287,-0.14750610044456267,0.7446829209124766,0.565901675767883,-0.04168903245225694,0.03815334402719932,0.3967982204379663,-0.31700632964674663,-0.14644332320570694,0.68413475519421,0.6403288036530339,0.04388487402804497,-0.08164759919356282,0.38949917891758135,-0.3439486658200924,-0.01887387937508251,0.5617483938726423,0.7521847073288715,-0.004410801130747181,-0.07158710488195413,0.36325992644799837,0.3619704281100632,-0.30753068748318935,0.549747937564932,-0.6871531783911345,-0.004992596124999048,-0.07387549650008551,0.40359391113072873,-0.10951725066844546,-0.3405380906585709,0.8939736268655722,0.269909123753634,0.02632351105292253,-0.1062991306967619,0.3857711673828922,-0.2557194152597663,-0.24643529111538676,0.5053909956608761,0.7864204787878974,-0.017376152385364944,-0.06056650396203665,0.37650976547374865,0.17191360812197337,-0.40211477052798217,0.8034164348680951,-0.4040686264108516,0.015041669579957145,-0.08394603739640201,0.3667945633957643,0.3619704281100632,-0.30753068748318935,0.549747937564932,-0.6871531783911345,-0.0009334555847446795,-0.05623935224026423,0.36130257599312365,0.28580644786577963,-0.3305427015594381,0.49174650470927395,-0.7531544143868147,0.008269153499454947,-0.05528103922219295,0.40765354121719205,-0.2234517784066866,-0.2945914270756673,0.8782320608656969,0.303304535224915,0.03429159556410297,-0.10157778231066818,0.38610387241714444,-0.3439486658200924,-0.01887387937508251,0.5617483938726423,0.7521847073288715,-0.0153827892399257,-0.038672783227366246,0.3780004370548388,0.10484608454664168,-0.3913381459769169,0.8017116576292926,-0.43945440273125,0.019198817252821836,-0.07130232296369562,0.367468157910415,0.28580644786577963,-0.3305427015594381,0.49174650470927395,-0.7531544143868147,0.0869803789191819,-0.008050949987278752,0.3678493713252449,-0.35845228290717374,0.6300720505998717,0.31573089955945155,0.6122378385847185,0.07088617345409268,-0.07616318675336664,0.36224398399091207,-0.4415448296150529,0.5657726592665927,0.41669537270782214,0.5579466173663135,0.07997774165840575,-0.04286091574948458,0.3626769222894351,-0.43777770274088784,0.4763773721617119,0.4483112112666201,0.6167919747596177,0.10216327679487924,0.013217222420270111,0.368662834009649,-0.35845228290717374,0.6300720505998717,0.31573089955945155,0.6122378385847185,1486,0.06491994174465468,-0.12457376356894738,0.37228994917958597,-0.3439486658200924,-0.01887387937508251,0.5617483938726423,0.7521847073288715,Static,Right
Nummer3,21,62,62,63,0.0,0.0,0.0,-1.0,3.469446951953614e-18,-3.469446951953614e-18,0.0,0.01581519618439724,0.03626068745895218,0.402030873042921,-0.2910547369668739,0.018397712844100356,0.6194088156739723,0.7288905153153094,0.03738015001295182,-0.025723354787363185,0.3943426807860046,-0.29961267725743235,0.055524684313461956,0.6631057221489522,0.6836958785248312,0.06201084704957456,-0.08098887574970659,0.3718294601534322,-0.34282896653394773,-0.019539179799988027,0.5619997130956407,0.752491091401371,0.024435596960183506,0.012132813103358352,0.398950922630088,-0.2866465232665245,0.03320629607861753,0.6627332388245039,0.6910251563851609,0.008116154719151326,0.05776247372117947,0.408633048370032,-0.2910547369668739,0.018397712844100356,0.6194088156739723,0.7288905153153094,-0.02562628361881524,0.017072797815509713,0.39511973509385584,-0.3159056521953012,-0.1462132638468173,0.6832564927226252,0.64186125100266,0.02232897286105811,-0.0391730453036735,0.4068101356328361,-0.3231268296471024,-0.13762351721205357,0.7491991883924773,0.561559788076434,0.05016454983629812,-0.09225394717974206,0.37772729484176676,-0.34282896653394773,-0.019539179799988027,0.5619997130956407,0.752491091401371,-0.006785770828908046,-0.004873883622029836,0.3994951173277297,-0.32070079225586606,-0.14708551245453605,0.7437358362949429,0.5677797633617354,-0.04204531647195722,0.03783707277509194,0.3969953754032727,-0.3159056521953012,-0.1462132638468173,0.6832564927226252,0.64186125100266,0.04335615115264843,-0.08211618627770745,0.38963178014175587,-0.34282896653394773,-0.019539179799988027,0.5619997130956407,0.752491091401371,-0.004870413943604823,-0.0719754485085167,0.36328405142534925,0.36242859477348677,-0.30628460698077165,0.5496014800549905,-0.6875852429615648,-0.005545827121158642,-0.07429391698349902,0.4036120308189428,-0.1082626038675634,-0.34044127994616263,0.8941524742690803,0.26994498748988704,0.025776091436150856,-0.10674565231754526,0.3858497116657948,-0.25459454491942995,-0.24715357526453716,0.5056590016917337,0.7863877554612256,-0.017857085395587797,-0.06095045066607553,0.37651122724532005,0.17279728104103345,-0.4011933203912664,0.8035464011730475,-0.40434910720823963,0.01456074934622142,-0.08435456357670215,0.36686326297717603,0.36242859477348677,-0.30628460698077165,0.5496014800549905,-0.6875852429615648,-0.0013722980660370396,-0.056626328853905394,0.36134576967711596,0.2861531629463361,-0.32928519390468186,0.4917588174384052,-0.7535654542788868,0.007727578811210214,-0.055716088039949395,0.4077131128345533,-0.22221624215317293,-0.29455601146571486,0.8784899708205072,0.3034997018128953,0.033748990089642626,-0.10203334852178648,0.3862037738038831,-0.34282896653394773,-0.019539179799988027,0.5619997130956407,0.752491091401371,-0.0158430500856886,-0.039057253162005846,0.378023354164027,0.10570040126495152,-0.39038581014654095,0.8019456054610716,-0.4396698651151025,0.01872969093318693,-0.07171093881279661,0.3675530353120957,0.2861531629463361,-0.32928519390468186,0.4917588174384052,-0.7535654542788868,0.0866403558918674,-0.008582070777513022,0.3682453440969761,-0.35800000175938496,0.6290292431492621,0.31505162437905465,0.6139223761840465,0.07043882963442513,-0.07665317434960338,0.3624500354419375,-0.44100932595685516,0.5647588465645578,0.41641827942824106,0.5596016763772016,0.07957948891752888,-0.04336653712924558,0.3629774597782109,-0.4368949048779173,0.47542551189412235,0.4478538307102279,0.6184823126412767,0.10186247827935785,0.012653949397249887,0.36915094343295296,-0.35800000175938496,0.6290292431492621,0.31505162437905465,0.6139223761840465,1493,0.06438436642584462,-0.12505836823518965,0.3724533542489506,-0.34282896653394773,-0.019539179799988027,0.5619997130956407,0.752491091401371,Static,Right
Nummer3,21,63,63,64,0.0,0.0,0.0,-1.0,0.0,0.0,0.0,0.015307291029485895,0.03597173814371617,0.40198558578294646,-0.2902189939192984,0.01700518587839691,0.6209397361982009,0.7279543963956949,0.03694773109714699,-0.026010550310144907,0.3944978281947017,-0.2986104270744173,0.05438129913816195,0.6641655136464886,0.6831973782364625,0.061613642143136256,-0.08127755404512135,0.3720199659202446,-0.34186206959815374,-0.020511544024224497,0.5622472418581272,0.7527201611188171,0.023966644124724025,0.011845357684814298,0.3990021542143823,-0.2856858584212097,0.03185852827963878,0.6642124905376077,0.6900654982592742,0.007559141220485437,0.057481947079719445,0.40850040973043483,-0.2902189939192984,0.01700518587839691,0.6209397361982009,0.7279543963956949,-0.02603649619718861,0.01681129610444203,0.39508696551400246,-0.3145942169680393,-0.1473076359902822,0.6842106319955401,0.6412384502612771,0.021855481859816287,-0.03946067544841453,0.40691580672275457,-0.32189010367872817,-0.13822472145426232,0.7495526539609911,0.5616506979187547,0.049744242351486744,-0.09254029594233126,0.37787796929535644,-0.34186206959815374,-0.020511544024224497,0.5622472418581272,0.7527201611188171,-0.007216361020589023,-0.005137929578467088,0.3995374250245743,-0.3193758072530504,-0.14789538413040793,0.7444385718817694,0.5673951548867977,-0.042461067653152225,0.03757884036255375,0.3968762759888278,-0.3145942169680393,-0.1473076359902822,0.6842106319955401,0.6412384502612771,0.04290797052437928,-0.08240365459487294,0.389769126459354,-0.34186206959815374,-0.020511544024224497,0.5622472418581272,0.7527201611188171,-0.0052472829739536875,-0.07221192299610413,0.36330166383956464,0.3632209329496035,-0.30506983048206004,0.5492937547545553,-0.6879529950400023,-0.006028094530736302,-0.07456347632934794,0.40362162716089844,-0.10693534702722225,-0.3406757850427959,0.894225922206524,0.26993488306540575,0.025323712585471614,-0.1070219122561615,0.385925500897418,-0.25362853677949765,-0.24816053454195564,0.5058372055584457,0.7862681704735125,-0.01826680280328732,-0.06119269062526611,0.37650143638953937,0.17396471820073284,-0.4004509773628547,0.8035298240058844,-0.4046172431861336,0.014168272771254577,-0.08459814906464999,0.36693178944119115,0.3632209329496035,-0.30506983048206004,0.5492937547545553,-0.6879529950400023,-0.0017382430637220905,-0.056854804468565064,0.36139363725706725,0.28690226977225536,-0.3279986110891456,0.49149690212759234,-0.7540124627100665,0.007243866489340201,-0.055995932065432505,0.4077691946032806,-0.22094710513674973,-0.2948551127522586,0.8786441732065822,0.3036894072990768,0.03329836095828673,-0.10231402715057406,0.38630303389272425,-0.34186206959815374,-0.020511544024224497,0.5622472418581272,0.7527201611188171,-0.01624949505644131,-0.03929368729661159,0.3780422698218373,0.10689350296834979,-0.38961013571640596,0.8020092851518997,-0.4399532108080793,0.01834190694102145,-0.07194765334675651,0.36765784171789656,0.28690226977225536,-0.3279986110891456,0.49149690212759234,-0.7540124627100665,0.08632943053589547,-0.008902348859299771,0.3686754047480458,-0.35786362602929034,0.6276836144767094,0.3146656461524902,0.6155748828648372,0.07007274372722541,-0.07694291245426169,0.36266810446549397,-0.44066310774156775,0.5634592113398496,0.4163248931812855,0.5612515709995025,0.07924149406658833,-0.04366533677422906,0.36330279106069097,-0.4362470496710528,0.4741354834700964,0.44758843732984666,0.6201198640073595,0.10156981203239415,0.012315788284031359,0.3696834588180098,-0.35786362602929034,0.6276836144767094,0.3146656461524902,0.6155748828648372,1506,0.06395942302819792,-0.1253475937903811,0.3726225145826024,-0.34186206959815374,-0.020511544024224497,0.5622472418581272,0.7527201611188171,Static,Right
Nummer3,21,64,64,65,0.0,0.0,0.0,-1.0,0.0,0.0,0.0,0.015601909248423956,0.036382401561923794,0.40303180244044134,-0.28907430579596594,0.016699422487258853,0.6199923549354766,0.7292233230216478,0.03711135265781168,-0.025622091206188625,0.39535167341890604,-0.29753338963159137,0.05425547712498427,0.6629496941093458,0.6848561369635239,0.061677647164068344,-0.08086226194295491,0.37269105312278916,-0.34064546356198155,-0.02092043588758838,0.5610019790701616,0.7541881615328353,0.024216253155386787,0.012247574295853091,0.39998671264053487,-0.2845719968889092,0.03162080482549009,0.6633283963753316,0.6913858125901761,0.00788821854620906,0.05788806959059406,0.4096034333941085,-0.28907430579596594,0.016699422487258853,0.6199923549354766,0.7292233230216478,-0.0257775759771664,0.017326648488175132,0.3959709526858109,-0.3131184409114357,-0.14763117442262458,0.6837592640690205,0.6423668321913734,0.02197391541309064,-0.03908451026690972,0.40770107812908,-0.32050351509170605,-0.13829954876711775,0.7489894659260645,0.5631744947673508,0.04977519620730528,-0.09211817836263872,0.37849006129444585,-0.34064546356198155,-0.02092043588758838,0.5610019790701616,0.7541881615328353,-0.00701048305654697,-0.004671877186309133,0.40039811401762365,-0.3179018348490897,-0.14812089105213663,0.7441329063014464,0.5685638423192827,-0.04216364799726406,0.03812302979578362,0.3977869213696607,-0.3131184409114357,-0.14763117442262458,0.6837592640690205,0.6423668321913734,0.0429440338221043,-0.08200984522580976,0.3904119033778616,-0.34064546356198155,-0.02092043588758838,0.5610019790701616,0.7541881615328353,-0.005129010139171048,-0.0716333734291705,0.3639422604193546,0.3635053480312098,-0.30314105557341836,0.5500977608471759,-0.6880129474722596,-0.005987999449902364,-0.07410971057466394,0.40424225483257875,-0.10534343896498066,-0.340034710430426,0.8942638393131139,0.2712403754356956,0.025308069666447275,-0.10657145649402237,0.38645393240656895,-0.2519643969094556,-0.24848188729291235,0.5047453753613677,0.7874025656731879,-0.01815152997992992,-0.06062160086763361,0.3771464644108879,0.17492842803733716,-0.3988635482423291,0.8043672313650693,-0.40410552093978946,0.014250213510782067,-0.08407303474673944,0.36758765121174936,0.3635053480312098,-0.30314105557341836,0.5500977608471759,-0.6880129474722596,-0.0015828055596483013,-0.05627465018977368,0.3620875063828894,0.2871597876018598,-0.3264032289165101,0.4927759076594957,-0.7537719107048839,0.007322738913509697,-0.055589318905110804,0.40847578452151906,-0.21944573272113285,-0.2946306348368421,0.8785872277483852,0.3051570786390702,0.033293010687157634,-0.10188426667232954,0.38685853897003036,-0.34064546356198155,-0.02092043588758838,0.5610019790701616,0.7541881615328353,-0.016089662087065852,-0.0387405716578184,0.37876811403753285,0.10781392462087547,-0.3882945055935376,0.8030025081353891,-0.4390791574556788,0.018457310363533375,-0.07142520564310906,0.3683372804780746,0.2871597876018598,-0.3264032289165101,0.4927759076594957,-0.7537719107048839,0.0866235470053973,-0.008556264391855532,0.3697582368573558,-0.3580592366578575,0.6267902895641594,0.3121707175638887,0.6176382104822503,0.0701630976750368,-0.0765136108551296,0.36336773926224253,-0.4409379512947394,0.5623871945379675,0.4145050209166524,0.5634535953941531,0.07942233279397841,-0.043265091937890236,0.3641901362601251,-0.4359800271339001,0.47322264306031075,0.4455077944888567,0.6224986354081525,0.10194297477381745,0.012598354570582832,0.37090512412391763,-0.3580592366578575,0.6267902895641594,0.3121707175638887,0.6176382104822503,1520,0.06391411547416184,-0.12493617892699932,0.3731227627259912,-0.34064546356198155,-0.02092043588758838,0.5610019790701616,0.7541881615328353,Static,Right
Nummer3,21,65,65,66,0.0,0.0,0.0,-1.0,0.0,0.0,0.0,0.014799945218508546,0.03715470182211114,0.4027354435644313,-0.28990714301163195,0.016810205169513807,0.6196354777760628,0.7291934860612941,0.03644043700105597,-0.024816424144831206,0.3951518529373689,-0.298409839869806,0.05371184127522892,0.6641610104356821,0.6833423430409937,0.0610679317505845,-0.08010301799332202,0.37267049839646216,-0.3411831273438873,-0.02059442401590721,0.562206343341813,0.7530564194145916,0.023433714680896903,0.013030117000388265,0.3996625569655113,-0.2854194334671267,0.031713358150939744,0.6629164255352985,0.6914273806189611,0.007072483846717079,0.05864881304862215,0.4093273348961999,-0.28990714301163195,0.016810205169513807,0.6196354777760628,0.7291934860612941,-0.026508871813977455,0.018040980062233727,0.3955986116438533,-0.3139941820076332,-0.14700450977934443,0.6839059272248547,0.6419267952629831,0.021322648086183536,-0.03825482542099568,0.40754995353649837,-0.3209859908894467,-0.1385514765149565,0.7504991402743055,0.5608230758945052,0.049178743479723924,-0.09135429910259538,0.37850984139547694,-0.3411831273438873,-0.02059442401590721,0.562206343341813,0.7530564194145916,-0.007722250462497868,-0.003938799740252243,0.40003477012054933,-0.3187660348534618,-0.14763097075037176,0.7443222994787114,0.5679591763479378,-0.04290271415538513,0.03883094432409174,0.397414681377023,-0.3139941820076332,-0.14700450977934443,0.6839059272248547,0.6419267952629831,0.04233945430077405,-0.08121374811754686,0.3903988787512233,-0.3411831273438873,-0.02059442401590721,0.562206343341813,0.7530564194145916,-0.005703131973910501,-0.07103493152429974,0.36394092596192895,0.3636140597672494,-0.3035860772527747,0.5473870196654353,-0.6899186618288013,-0.0065996808314338785,-0.07332419419105139,0.404214732121624,-0.10598496974703552,-0.34019658560881927,0.8947361623744017,0.269222341322836,0.02473062944118649,-0.1058090235059776,0.3865272965641033,-0.2528942233778761,-0.24826703505987358,0.5058827536673305,0.7864417528505461,-0.018761098957676935,-0.05996163360897346,0.3770555650164092,0.17479419857844242,-0.39930471287537694,0.8028713130510459,-0.40669446652065766,0.013677710652102477,-0.08343559827612758,0.36771259723814476,0.3636140597672494,-0.3035860772527747,0.5473870196654353,-0.6899186618288013,-0.0021538219735981034,-0.0556986553099386,0.3620163804575295,0.28735434029211415,-0.3269340400293125,0.4901509796182515,-0.7551778822003886,0.006690052208088824,-0.05477438866648639,0.40838329743106033,-0.21995387441614012,-0.2949150041794544,0.8791744042363667,0.3028164466715624,0.0327103882317678,-0.10111169411164843,0.38691476037571837,-0.3411831273438873,-0.02059442401590721,0.562206343341813,0.7530564194145916,-0.01671994457088341,-0.03809894351677624,0.37857620129830155,0.10782896799797752,-0.3888886010066225,0.801378045244503,-0.44151081330778585,0.017900973197263692,-0.07077934908532033,0.3683863923812188,0.28735434029211415,-0.3269340400293125,0.4901509796182515,-0.7551778822003886,0.08594718328345607,-0.007788442831174724,0.3695565155316648,-0.35738320858459405,0.6271552313048778,0.3130356846865373,0.617221368863341,0.06954674398997054,-0.07577607278989491,0.3633321543132869,-0.4405083870559304,0.5626782352967321,0.4155391978544018,0.5627368297021782,0.07877045018054861,-0.042516168009042836,0.3640726778298265,-0.4355926472677154,0.47356465911062934,0.446454644532349,0.6218310137515103,0.10125961776013537,0.013373465690012593,0.37065245902396143,-0.35738320858459405,0.6271552313048778,0.3130356846865373,0.617221368863341,1536,0.06335526172045017,-0.12417263337900211,0.3732478357044516,-0.3411831273438873,-0.02059442401590721,0.562206343341813,0.7530564194145916,Static,Right
Nummer3,21,66,66,67,0.0,0.0,0.0,-1.0,0.0,0.0,0.0,0.013245706413554013,0.03820720246168409,0.4020228686177663,-0.29220709848529947,0.01497110611781215,0.6224896671792836,0.7258770500790314,0.03530272613580315,-0.023655752125957077,0.3947676564458336,-0.30036801429565113,0.05225229727308311,0.6657480090870115,0.6810494415344994,0.06001201438191413,-0.07899721863833793,0.37251436166439483,-0.34212726836947327,-0.020068233655271814,0.5637444509554713,0.751490779885498,0.022062646402530008,0.014127743825823089,0.39912160216418857,-0.2874959811813021,0.029796547145964445,0.6654963177296849,0.6881663154143839,0.005344963120955603,0.05968835318230008,0.40845120589443806,-0.29220709848529947,0.01497110611781215,0.6224896671792836,0.7258770500790314,-0.02781114842309318,0.018912794303848332,0.3946100175629212,-0.3149735744946656,-0.14811121445395267,0.6874179378987054,0.6374255204948419,0.02021764152662795,-0.037067202215398436,0.40723699062342494,-0.32175329044303547,-0.139280686518254,0.7530007212601323,0.5568353654661351,0.04814894548182254,-0.09024363106513904,0.37841327358083987,-0.34212726836947327,-0.020068233655271814,0.5637444509554713,0.751490779885498,-0.00893906786189236,-0.0029279275409740575,0.3993595620240929,-0.3193679658995242,-0.14884942142222443,0.7476817106384496,0.562867667996867,-0.04430528509624377,0.03964560902268602,0.39615362737170645,-0.3149735744946656,-0.14811121445395267,0.6874179378987054,0.6374255204948419,0.04130041559574398,-0.08006291535735671,0.39026285918864934,-0.34212726836947327,-0.020068233655271814,0.5637444509554713,0.751490779885498,-0.006682684651735113,-0.07019846881512441,0.3638699710925009,0.36386167256159196,-0.3039876461975028,0.5427895696448375,-0.6932356578283859,-0.007642233829494955,-0.0722020425448297,0.4040793596813006,-0.10698769698466054,-0.34027449128348086,0.8954613655413729,0.2663002930874594,0.02373476427413516,-0.10470838905729968,0.38651428896080464,-0.254357396441246,-0.24787355222137197,0.5073193038075812,0.7851675878237593,-0.01980437993376264,-0.059019103662467855,0.37683267134010295,0.1747234337980522,-0.39978268032205083,0.8004243660472614,-0.4110551841713889,0.012692415308780002,-0.08253754105342895,0.36786500098199465,0.36386167256159196,-0.3039876461975028,0.5427895696448375,-0.6932356578283859,-0.0031102241718161845,-0.054916026350125775,0.3618416011993554,0.2878045730557479,-0.32758513169198317,0.48564743207102756,-0.7576299102763574,0.005616451957035002,-0.05360865754101676,0.4081549104801562,-0.22066911107837803,-0.295372639682649,0.880112129435286,0.2991033045014195,0.03170602323480408,-0.09999344024819246,0.38687442964089164,-0.34212726836947327,-0.020068233655271814,0.5637444509554713,0.751490779885498,-0.017783551780831165,-0.03720599993812378,0.378189221924241,0.10807054470422907,-0.3897310067271088,0.7986168498517743,-0.445692300691446,0.016963941979858115,-0.06987953913395738,0.36842432316546325,0.2878045730557479,-0.32758513169198317,0.48564743207102756,-0.7576299102763574,0.0847528350728202,-0.006655560753249095,0.3691240745117814,-0.3566864722641045,0.6278163582703149,0.31431815771746896,0.6162998268059827,0.06847351318680277,-0.07469514764596372,0.36314914452054603,-0.44017286852177817,0.5631962396168171,0.41697899579398673,0.5614146048736395,0.07763264992556701,-0.041414180751350206,0.36376636713861943,-0.4354103066433028,0.4741156586298289,0.447830163567882,0.6205484281742666,0.10004502249467256,0.014525005203252785,0.37013688081963125,-0.3566864722641045,0.6278163582703149,0.31431815771746896,0.6162998268059827,1549,0.062383153952980316,-0.12305962717251556,0.37328876485509205,-0.34212726836947327,-0.020068233655271814,0.5637444509554713,0.751490779885498,Static,Right
Nummer3,21,67,67,68,0.0,0.0,0.0,-1.0,0.0,0.0,0.0,0.012919742789652909,0.03941159546455114,0.4017353773694667,-0.29288407798183524,0.017197092413513113,0.6239150837013715,0.7243294452161682,0.03488420704215432,-0.022510365917112855,0.39470125320591243,-0.30102873181997214,0.054580734405882306,0.6666805274070596,0.6796614748732039,0.05945912929078544,-0.07796693080011495,0.37257915070974085,-0.3428197866775719,-0.01770157477013585,0.564610206101334,0.7505841480335237,0.02170799915190611,0.015309761022043504,0.3989344511624295,-0.28821980055063584,0.03194893766973243,0.6668650270688695,0.6864398354005713,0.005057786399589417,0.06093235304035009,0.4080749426609067,-0.29288407798183524,0.017197092413513113,0.6239150837013715,0.7243294452161682,-0.028178686276232257,0.020104472250076028,0.3944934352613382,-0.3160575750861908,-0.14604941634496008,0.6888214286706854,0.635847636324937,0.01983240932467527,-0.035855749927753644,0.40727967524846725,-0.322976317348124,-0.1371695845996909,0.7539603863372231,0.5553508254492989,0.047604783447205715,-0.08917758724188946,0.3785640346489083,-0.3428197866775719,-0.01770157477013585,0.564610206101334,0.7505841480335237,-0.009311234224481832,-0.001723230319647032,0.39932303023427324,-0.3205208103442061,-0.14691573248844217,0.7489763734291967,0.560996051437554,-0.04465034436061759,0.04085996696725218,0.39596720118453416,-0.3160575750861908,-0.14604941634496008,0.6888214286706854,0.635847636324937,0.04080718367328898,-0.07894084655683856,0.39039773852642146,-0.3428197866775719,-0.01770157477013585,0.564610206101334,0.7505841480335237,-0.007249526173354892,-0.06913316596538935,0.36416122406410023,0.36225152159078544,-0.30562343147946736,0.5417733516374786,-0.6941540093461745,-0.008075528109104994,-0.07097360025438855,0.404363597295416,-0.10917170769865535,-0.33932730669780775,0.8958788727028378,0.2652160677863689,0.02320190635023072,-0.10358169976441295,0.3868119554067973,-0.2553803516116038,-0.24564793410318791,0.5085336069612484,0.7847493479274463,-0.020327585261778774,-0.05788883599075177,0.37711043438369746,0.1725807505269846,-0.40055525715354584,0.7998527433083308,-0.4123190021528684,0.012130532438799572,-0.08146329823010617,0.3681599412989197,0.36225152159078544,-0.30562343147946736,0.5417733516374786,-0.6941540093461745,-0.0036344446440088624,-0.05389533660704784,0.36206772006786614,0.28640678039260165,-0.329052818599244,0.4837701416243852,-0.7587238290641461,0.005218196866546945,-0.05237855024307787,0.4083163791447697,-0.22262106230305598,-0.294220764189097,0.8804851042119091,0.2976910912338264,0.031179703216277978,-0.09887442795176737,0.38712488230873976,-0.3428197866775719,-0.01770157477013585,0.564610206101334,0.7505841480335237,-0.018268422063819942,-0.03609559293146871,0.37835252169269845,0.10613003894957707,-0.39041974078375274,0.7975851917863225,-0.4473999359433165,0.016449625424427926,-0.06882337098249365,0.3686994419537437,0.28640678039260165,-0.329052818599244,0.4837701416243852,-0.7587238290641461,0.0842789796751727,-0.005668009062396461,0.3687771765567664,-0.35537544141826544,0.6299900819552691,0.3145883966448809,0.6146990588663445,0.06789483480492589,-0.07371275106222772,0.3631676831708045,-0.4392780037964164,0.5654898121616873,0.41704734114826936,0.5597567533876963,0.07710198343017201,-0.040442321717504344,0.36360282729680665,-0.434810922252887,0.47646469298841404,0.4481927587905891,0.6189055737289261,0.09960529091319,0.01549448490414981,0.36963790122314827,-0.35537544141826544,0.6299900819552691,0.3145883966448809,0.6146990588663445,1561,0.061782950655258316,-0.12202694218360047,0.3735168101112053,-0.3428197866775719,-0.01770157477013585,0.564610206101334,0.7505841480335237,Static,Right
Nummer3,21,68,68,69,0.0,0.0,0.0,-1.0,0.0,0.0,0.0,0.012705322702625498,0.04033110203738864,0.40146980320127673,-0.29386218539864134,0.01916186644538261,0.6249916917964525,0.7229545103618014,0.034624164811503606,-0.021625788782088883,0.39460956606329034,-0.3019953710107319,0.05658238813784036,0.6674075268959143,0.6783542011983037,0.05911165305267895,-0.0771608103401979,0.3725810059383378,-0.3438601281158206,-0.015679013607055783,0.5651947372028066,0.7497128049211457,0.02148136082009966,0.01621646202875864,0.3987471651028839,-0.28924363118903695,0.03382098654268186,0.6679153825553589,0.6848965647685705,0.004870130641127608,0.06188173766845775,0.4077418209991103,-0.29386218539864134,0.01916186644538261,0.6249916917964525,0.7229545103618014,-0.028421801501210986,0.020982849219561586,0.3943931420804055,-0.3174053731273117,-0.1442973984092691,0.6898354601687091,0.6344754745583584,0.01961810455800117,-0.034927524770143076,0.407289148444913,-0.3244162225190791,-0.13545723110804542,0.7546618868995452,0.553977336691864,0.047277691805141284,-0.0883496565916298,0.37864505003065757,-0.3438601281158206,-0.015679013607055783,0.5651947372028066,0.7497128049211457,-0.00954235636409021,-0.000821626409431564,0.3992790931504729,-0.3219130279386071,-0.14533140000024744,0.7499233706398563,0.5593440129164899,-0.04488683698655787,0.04174648584318511,0.3958195507274583,-0.3174053731273117,-0.1442973984092691,0.6898354601687091,0.6344754745583584,0.04052235590769618,-0.07807162763828156,0.3904697675641477,-0.3438601281158206,-0.015679013607055783,0.5651947372028066,0.7497128049211457,-0.007619728750836684,-0.06833990271383664,0.3644001153853097,0.361064285900635,-0.307436001144191,0.5409201360404524,-0.6946373824331024,-0.008305757923894347,-0.07005053692648772,0.40459407216446025,-0.1114087022379162,-0.33884683479098093,0.8960094896685735,0.26445778120838026,0.02290012119383268,-0.10272149044999926,0.38703209305177594,-0.2566877650147854,-0.2437069132561997,0.5093563198616113,0.7843943339544756,-0.020664433493221463,-0.05705444762529259,0.37734730479569745,0.17074756848855094,-0.40168168075411353,0.7992551528251841,-0.41314440076587006,0.011777547244843013,-0.08064510507639713,0.36838871222678954,0.361064285900635,-0.307436001144191,0.5409201360404524,-0.6946373824331024,-0.003972296857167842,-0.05314736238900761,0.3622551808736075,0.28549667820721003,-0.33064860788257827,0.48193461655573816,-0.7595407627002224,0.005004765249630489,-0.05144516118879779,0.40843570781954747,-0.22464075589237256,-0.2935504787288267,0.8805962155849671,0.2965045570098614,0.030879370812245156,-0.09801501882701268,0.3872981125794189,-0.3438601281158206,-0.015679013607055783,0.5651947372028066,0.7497128049211457,-0.01858608754036671,-0.0352831541679867,0.37848777368879427,0.1045367225565559,-0.391456920850542,0.7964963000629408,-0.44880641343611843,0.01613736076872449,-0.06802237770769766,0.3689282757656444,0.28549667820721003,-0.33064860788257827,0.48193461655573816,-0.7595407627002224,0.0839399326196383,-0.0048791943211450705,0.3683968021408262,-0.35456698185100904,0.6319412263895388,0.3150576244347825,0.6129202517912615,0.06751705962537018,-0.07294167506876516,0.3631271638141478,-0.43878757313499744,0.5675351323291398,0.4172035746678116,0.5579520736755487,0.07674158495401974,-0.03967433802478986,0.36339228352985115,-0.43466149379933444,0.4785296426713888,0.44863039346977457,0.6170976721298497,0.0992769065700874,0.01628125982722459,0.3691128491211225,-0.35456698185100904,0.6319412263895388,0.3150576244347825,0.6129202517912615,1576,0.06142763646429262,-0.12121573014836443,0.3736513565973094,-0.3438601281158206,-0.015679013607055783,0.5651947372028066,0.7497128049211457,Static,Right
Nummer3,21,69,69,70,0.0,0.0,0.0,-1.0,0.0,0.0,0.0,0.011679363782778594,0.04075366718148073,0.4013219304958186,-0.29565905195120407,0.017865907500172536,0.626286635909423,0.7211321543446585,0.03391651801646321,-0.021109855860783705,0.39464573012535675,-0.303602894648251,0.0552940373719892,0.668477760585593,0.6766870291314729,0.05864513157374508,-0.07655668921169455,0.37266853822350254,-0.3456984740269488,-0.01660769687378523,0.5655121502513047,0.7486072116792178,0.020583564516618368,0.0166764227761497,0.39867948330856123,-0.29090766278850394,0.03242585399216035,0.6691434782299699,0.6830580511684986,0.0037264036492856614,0.06228265368275795,0.407520840669623,-0.29565905195120407,0.017865907500172536,0.626286635909423,0.7211321543446585,-0.029349676600243763,0.021150286565024067,0.3942498477294297,-0.31896391949179326,-0.14606599995921615,0.6906848726156565,0.6323615646592079,0.018976434659959483,-0.034465033099452314,0.407347446711097,-0.325781096363249,-0.13720400696508633,0.7551668083608629,0.5520550962314831,0.046865130048298835,-0.08779286881376833,0.3787517963152182,-0.3456984740269488,-0.01660769687378523,0.5655121502513047,0.7486072116792178,-0.010356226543644709,-0.0005352731041669868,0.3992241383101487,-0.32326280564602394,-0.14716878252413473,0.7505757970083307,0.5572059591224183,-0.0459303141067183,0.041828676725259764,0.39558736530312993,-0.31896391949179326,-0.14606599995921615,0.6906848726156565,0.6323615646592079,0.0400699580275407,-0.07753255504103185,0.3905684063406569,-0.3456984740269488,-0.01660769687378523,0.5655121502513047,0.7486072116792178,-0.008112662498547073,-0.06807271102689341,0.3645292356267653,0.36242407811056376,-0.3085820663541656,0.5390157714244032,-0.6949013556513305,-0.008787777442281864,-0.06971794172777024,0.4047044918145438,-0.11237694530353731,-0.34048430009770464,0.8955045115306878,0.2636541927969408,0.022558922302303056,-0.10226626903651342,0.38716638329264874,-0.2587240214821599,-0.24455062660190655,0.5091924504483128,0.7835687079913009,-0.02121015458151519,-0.056810985860121475,0.37744367353186536,0.17134586416558448,-0.403394053390372,0.7979139744066575,-0.4138201565525857,0.011329435250543118,-0.08028667794730565,0.36858169268167595,0.36242407811056376,-0.3085820663541656,0.5390157714244032,-0.6949013556513305,-0.0044758994744674915,-0.05291616919631409,0.36236021062815593,0.2875005589526166,-0.33165931938108667,0.47922244437882666,-0.7600601116182785,0.004439054226371839,-0.05104761915145269,0.40851929821924404,-0.2254056858180275,-0.2956336461011327,0.8802944563240139,0.29474513441117844,0.030517021630027483,-0.0975226997427746,0.387424040905715,-0.3456984740269488,-0.01660769687378523,0.5655121502513047,0.7486072116792178,-0.019209609437835475,-0.03507858197068962,0.37851347412763453,0.10572328397842645,-0.39338598148233206,0.7946605510532591,-0.4500940628332371,0.015699371578933797,-0.06765491181433483,0.36913673038106243,0.2875005589526166,-0.33165931938108667,0.47922244437882666,-0.7600601116182785,0.08312534617771362,-0.004163865349733769,0.368388432823541,-0.35590110473683934,0.6314616977765581,0.3169937769751763,0.6116416215785649,0.06702536009357792,-0.07230958213486255,0.36320517854348916,-0.4398930785090424,0.5669530597699797,0.41873855078818434,0.5565216380169836,0.07609258112133213,-0.03899877316317196,0.36342777568047957,-0.4359916786896877,0.47786839408542486,0.4500186653434247,0.6156592035291019,0.09835117438304643,0.017078171434106275,0.36907206630405254,-0.35590110473683934,0.6314616977765581,0.3169937769751763,0.6116416215785649,1589,0.06116444413959956,-0.12060111283315852,0.3737893776627388,-0.3456984740269488,-0.01660769687378523,0.5655121502513047,0.7486072116792178,Static,Right
Nummer3,21,70,70,71,0.0,0.0,0.0,-1.0,0.0,0.0,0.0,0.010939311262616989,0.04051670210878601,0.40060782485658913,-0.29454655017595044,0.015728434487799477,0.6278306911938883,0.7202940853033667,0.033297113718824156,-0.021326200024120674,0.3941486094933318,-0.3022998954679594,0.05335675037402675,0.6697578901069909,0.6761598916151538,0.05820619821700277,-0.07674714646289817,0.3723227950917396,-0.34485537000229755,-0.018749163943596568,0.566583346314448,0.7481353850147159,0.01989493749996441,0.01644897053426677,0.3980606700607778,-0.2896351458682825,0.030361414733857263,0.6706230183321438,0.6822422106966871,0.0029191620521315503,0.062045244087450824,0.4067192849042717,-0.29454655017595044,0.015728434487799477,0.6278306911938883,0.7202940853033667,-0.02999561347824944,0.02083350507228094,0.39326200972947645,-0.3173728611227451,-0.14812198366813123,0.6927052956609404,0.6304710289460334,0.01831465511614186,-0.03469557633207,0.4067842993184009,-0.32406705362340754,-0.1387856053697317,0.7566666627319358,0.5506129875040322,0.046414472353656124,-0.08799685909348613,0.37835875465860824,-0.34485537000229755,-0.018749163943596568,0.566583346314448,0.7481353850147159,-0.011005969004663165,-0.0008143885057113436,0.3984143307018841,-0.3215228831317797,-0.14887881077350795,0.7522652794322667,0.5554773484904564,-0.04661373599613845,0.041490956120584045,0.3944192323387415,-0.3173728611227451,-0.14812198366813123,0.6927052956609404,0.6304710289460334,0.039552812238917844,-0.07774277389869272,0.39013654440404544,-0.34485537000229755,-0.018749163943596568,0.566583346314448,0.7481353850147159,-0.008580377130158573,-0.068293273148066,0.3638533305647042,0.3641697149529054,-0.30754687646732404,0.5383820223006422,-0.6949389437567757,-0.00938529723611408,-0.06998976907631563,0.4040282980094759,-0.11088852992623725,-0.34174337547647843,0.8952478813630603,0.2635269059578031,0.022095146484580275,-0.10250443205263626,0.3866643955194109,-0.2581155891706419,-0.24676338213547186,0.5098965814853309,0.7826171810366349,-0.021737696289034575,-0.05707127368278396,0.3767411167808347,0.17322997587602565,-0.40327916628868055,0.7975872127919443,-0.41377763048076455,0.010866899627024043,-0.08047892850757887,0.3679678603299047,0.3641697149529054,-0.30754687646732404,0.5383820223006422,-0.6949389437567757,-0.004903864944913549,-0.053197720334063794,0.3616723229096481,0.28914622235803267,-0.33031180711720515,0.4782400663718888,-0.7606411841937413,0.0037957416018163104,-0.051297914873760786,0.4078953129594611,-0.22355701532663813,-0.29701283219041474,0.8806819406631509,0.2936068081674204,0.030043599405818043,-0.09774907962025962,0.38695782081272745,-0.34485537000229755,-0.018749163943596568,0.566583346314448,0.7481353850147159,-0.019731107958080467,-0.03538275446280416,0.3777658017639653,0.1077585166449717,-0.3929922777079539,0.7941805262189042,-0.4508020225409977,0.015262751117962962,-0.06790405535288473,0.3685447865062583,0.28914622235803267,-0.33031180711720515,0.4782400663718888,-0.7606411841937413,0.082542072919778,-0.004301523332169439,0.3680658664276395,-0.3555250487516544,0.6300297244769142,0.3187739108061272,0.6124113648317158,0.06661695803484807,-0.07248901521722376,0.36289149764222967,-0.4392821140322902,0.5655685988383268,0.4205844083511949,0.5570207713822254,0.0756129327506116,-0.03915965190613778,0.3631153931334248,-0.4354860329383818,0.4762765766507567,0.45186026787178657,0.6159016447195638,0.09771904099911975,0.016972862417764054,0.3687900838547046,-0.3555250487516544,0.6300297244769142,0.3187739108061272,0.6124113648317158,1603,0.060791968322760646,-0.12079000742037778,0.3734887614893246,-0.34485537000229755,-0.018749163943596568,0.566583346314448,0.7481353850147159,Static,Right
Nummer3,21,71,71,72,0.0,0.0,0.0,-1.0,0.0,0.0,0.0,0.010971264353299384,0.040972102846087155,0.400206074387758,-0.2948473246557012,0.01498077683874641,0.6285741907683917,0.7195381283632889,0.033447067628214436,-0.02083992234083248,0.39386329207721527,-0.30250460752690883,0.05262865515711209,0.6704374228100797,0.6754515890699518,0.05847362823016523,-0.07621368696702545,0.37206275097017266,-0.34536946081187564,-0.01956010602011726,0.5667701681098362,0.7477358586638362,0.01997500512032013,0.016916996181895336,0.3977083409002443,-0.2898650619391901,0.02958247883989102,0.6713695490395829,0.6814440926701648,0.002904495981481653,0.062495679497821595,0.40627480416855677,-0.2948473246557012,0.01498077683874641,0.6285741907683917,0.7195381283632889,-0.02990446500585804,0.02120523879701689,0.39288062081664826,-0.3175377929863746,-0.1489770903826494,0.6931833876147679,0.629660517820021,0.018480672406907865,-0.03423599337734895,0.40648939851840504,-0.324205918035689,-0.1395049885845511,0.7568873105286958,0.5500458890231779,0.04670144823417611,-0.08748541423362774,0.37809555583767607,-0.34536946081187564,-0.01956010602011726,0.5667701681098362,0.7477358586638362,-0.010885273798626464,-0.0004060585051561226,0.3980717791401689,-0.32165221098309005,-0.14964075668566873,0.7525503898519724,0.5548111479069924,-0.04656082671330093,0.04183550030537278,0.3939894949157568,-0.3175377929863746,-0.1489770903826494,0.6931833876147679,0.629660517820021,0.03981640179943257,-0.077244916167251,0.38986712858493283,-0.34536946081187564,-0.01956010602011726,0.5667701681098362,0.7477358586638362,-0.00833755367179593,-0.06787202504035247,0.3635493824732642,0.3650067406061387,-0.3077537032083617,0.5378971581616327,-0.6947836963510745,-0.009148257685015595,-0.06958568325999928,0.403718559444036,-0.11099487932270359,-0.34257091874445067,0.8948980908269993,0.2635957310521419,0.022408824459750683,-0.10204139320909955,0.38638548106169573,-0.2587076702533237,-0.24754000971346088,0.509829840483569,0.782219802034988,-0.021519627995525523,-0.056676939244173635,0.3764353245629938,0.17377257748452213,-0.40390393812424025,0.797255339435116,-0.4135802507667817,0.01112708981202054,-0.08002230837298904,0.3676826523633846,0.3650067406061387,-0.3077537032083617,0.5378971581616327,-0.6947836963510745,-0.004684628747415022,-0.05277744646195723,0.3613706305283457,0.28988276002022495,-0.33044291822434196,0.4777236708660396,-0.7606283964806424,0.003993784617722689,-0.05086661938104249,0.4075924646582312,-0.22360952061593523,-0.2977173923787416,0.8804942138187248,0.29341621631542436,0.03034948488990275,-0.09727089495447408,0.3866847006058983,-0.34536946081187564,-0.01956010602011726,0.5667701681098362,0.7477358586638362,-0.0195456250392642,-0.0349847552707247,0.37745599335879143,0.10826935901973558,-0.39348640603856794,0.7938510100018694,-0.4508289787483927,0.015499856244351493,-0.06744944696445775,0.3682637648569206,0.28988276002022495,-0.33044291822434196,0.4777236708660396,-0.7606283964806424,0.08259982567850241,-0.003702393082021029,0.3677831597739995,-0.3563356844878285,0.6294793690589673,0.32004901239569633,0.6118408563950717,0.066878007358369,-0.07193771465022462,0.3626335899674447,-0.43980482370555796,0.5650388723128472,0.4214607990798358,0.5564832294505698,0.07578914258447704,-0.03858603493814258,0.3628474973415998,-0.4363294258111425,0.475514138206322,0.4529011212092582,0.6151288571873496,0.09770462546376649,0.01762426484040507,0.3685010227880249,-0.3563356844878285,0.6294793690589673,0.32004901239569633,0.6118408563950717,1617,0.061152069604671455,-0.12025487771527993,0.3732439009518421,-0.34536946081187564,-0.01956010602011726,0.5667701681098362,0.7477358586638362,Static,Right
Nummer3,21,72,72,73,0.0,0.0,0.0,-1.0,0.0,0.0,0.0,0.010958931349643597,0.04158252711461412,0.3998287770851871,-0.2946148993148296,0.014782719639496941,0.6295539918410342,0.7187804279881249,0.03346482989799286,-0.020234878659829914,0.3936494691264303,-0.3021950344033844,0.052469118063633136,0.6713446947628193,0.6747010105560676,0.05853636516855033,-0.07560811127075875,0.3719123078951848,-0.3453793082724477,-0.01989471474707425,0.5672272610596523,0.7473757877086622,0.01997590597119907,0.017525759072263256,0.39739847997768035,-0.2895838524383159,0.02937842147651416,0.67233790259602,0.6806172533012346,0.002876663172750076,0.06311646295720032,0.4058404212233707,-0.2946148993148296,0.014782719639496941,0.6295539918410342,0.7187804279881249,-0.02988323759849343,0.021789198080317363,0.39255498678356987,-0.3173102682113444,-0.14921818049369714,0.6939194341277494,0.6289069464059205,0.018496268717509937,-0.033629769037368404,0.4062755091216094,-0.32401293352229205,-0.1395687865954586,0.7573422000118231,0.5495170286713615,0.04676903129387998,-0.086882377637142,0.37794854102370756,-0.3453793082724477,-0.01989471474707425,0.5672272610596523,0.7473757877086622,-0.01086542775034729,0.00018705931929052094,0.39779274150569044,-0.32145282836981265,-0.14973799581913763,0.7530601091626931,0.5542085200797519,-0.046548163981412594,0.042416257760579536,0.39360575773805395,-0.3173102682113444,-0.14921818049369714,0.6939194341277494,0.6289069464059205,0.039872912584918555,-0.07664003468228925,0.3897068218736913,-0.3453793082724477,-0.01989471474707425,0.5672272610596523,0.7473757877086622,-0.00829209007465703,-0.06729446396883391,0.3633453324460645,0.3652746944314014,-0.3077169854767021,0.5374169965614826,-0.6950306657004517,-0.009107322891012154,-0.06899855935673783,0.4035124328189326,-0.11103311244887734,-0.3427596195381264,0.894860572859903,0.2634616600092702,0.02248385888048856,-0.10145004542367095,0.38623296907355986,-0.25885011431473476,-0.247908888407249,0.5101946805085965,0.7818178747948027,-0.021481308953614286,-0.05610072771624074,0.376224892495629,0.17389997809867325,-0.404049409144355,0.7970774709773556,-0.41372741974362987,0.011175139153899092,-0.07943194610221291,0.3675049795013752,0.3652746944314014,-0.3077169854767021,0.5374169965614826,-0.6950306657004517,-0.004647101651783647,-0.05220090235750021,0.3611608264877307,0.2899263586483461,-0.33034976839515023,0.47728830312706677,-0.7609254975227644,0.004019157745182958,-0.05026853819990758,0.407381238134826,-0.22358628741864808,-0.2976830163569699,0.8805868857092471,0.29319060450132306,0.03042102194114854,-0.09667384193699237,0.38653396210061236,-0.3453793082724477,-0.01989471474707425,0.5672272610596523,0.7473757877086622,-0.019513691868360848,-0.03439965780997171,0.3772321670009379,0.10828003682819805,-0.39344895152694676,0.7937100381963571,-0.45110722830959793,0.01553454972290736,-0.06686449207264228,0.36808013139909374,0.2899263586483461,-0.33034976839515023,0.47728830312706677,-0.7609254975227644,0.08253599539133469,-0.0030633346519869636,0.3675581887532524,-0.35658751600187477,0.6292300268276888,0.3211955943447377,0.6113495783457854,0.06693705246117654,-0.07133229878409678,0.36248175597122967,-0.4397844760359789,0.5649270818645504,0.42216846080511644,0.556076251529592,0.07580883456843193,-0.037968370680947314,0.362662959639126,-0.43667011719274,0.4751504905666952,0.45390177228691253,0.6144301434499347,0.09759293372314633,0.018297732527706206,0.36825522391495563,-0.35658751600187477,0.6292300268276888,0.3211955943447377,0.6113495783457854,1632,0.061249616678980476,-0.11964926081302332,0.3731390915912927,-0.3453793082724477,-0.01989471474707425,0.5672272610596523,0.7473757877086622,Static,Right
Nummer3,21,73,73,74,0.0,0.0,0.0,-1.0,0.0,0.0,0.0,0.010810272737645423,0.04226369708061758,0.3978816054084626,-0.28860910922800204,0.013571647090395735,0.6346478984119435,0.7167584233946446,0.03303431967378009,-0.019736751909477903,0.3925634416457476,-0.29587771411029806,0.05167241405688728,0.6761978699472163,0.6727130001696459,0.05812260022088306,-0.07538410972986867,0.37156944755697896,-0.3403912665333839,-0.021865476885317973,0.5723247242999717,0.7457211922316128,0.019719118930111516,0.018133854900591082,0.39579287735388125,-0.2833566647065265,0.028457126773089415,0.6772852956384957,0.6783684992790342,0.002780506502490371,0.0638985494114558,0.4035932303814094,-0.28860910922800204,0.013571647090395735,0.6346478984119435,0.7167584233946446,-0.030104678097755508,0.022561832433270014,0.39039626075679007,-0.31213863688520177,-0.15051407231621663,0.6990515497903169,0.6254933382011301,0.017855300346191445,-0.032966526711926014,0.4051112567913896,-0.3187890374017524,-0.139879970907058,0.7616318986219854,0.5465564878152802,0.04623503502856485,-0.08656049948395625,0.37755311306092476,-0.3403912665333839,-0.021865476885317973,0.5723247242999717,0.7457211922316128,-0.01124827802899967,0.0009170866415612079,0.39602725800943833,-0.3162644321156981,-0.1501326503862367,0.7574380291663517,0.5511121739166466,-0.046695742775396065,0.04326365840535462,0.39104589394857336,-0.31213863688520177,-0.15051407231621663,0.6990515497903169,0.6254933382011301,0.03924497719896156,-0.0761969375809302,0.3891464761718148,-0.3403912665333839,-0.021865476885317973,0.5723247242999717,0.7457211922316128,-0.008610781974496298,-0.06680112429874539,0.3621075543608712,0.36570160340244123,-0.3038987759450019,0.533761427519149,-0.699290075534276,-0.009866242020570347,-0.06823977985779885,0.40229193305776184,-0.10666870431263525,-0.3419076977213819,0.8970736291379531,0.2588045935921348,0.02179282974880118,-0.10096058892097476,0.3856559438790874,-0.25504272747459056,-0.2505484504441782,0.5153912899890614,0.7788135202638397,-0.02188159877584249,-0.05547276070403186,0.3747840224687898,0.17585255383961193,-0.40069427868771246,0.7958134616999272,-0.4185700759875209,0.010755599780198025,-0.07899533966196629,0.3665615672040085,0.36570160340244123,-0.3038987759450019,0.533761427519149,-0.699290075534276,-0.004899589603758192,-0.05173303455795554,0.3598285715283601,0.28921121349189516,-0.32611020151689263,0.474506024692921,-0.7647568522002783,0.0032935567699285623,-0.04953484530441187,0.4061715346026495,-0.21898506475870735,-0.29622561358986826,0.8836101908518756,0.28901376764549286,0.029746208158143377,-0.09621560720244042,0.3860163746887924,-0.3403912665333839,-0.021865476885317973,0.5723247242999717,0.7457211922316128,-0.019820429995847745,-0.03375828979048099,0.3756526197315835,0.10974349226763874,-0.3893480146963522,0.7929843753837658,-0.45556587861047154,0.015130394372026687,-0.06646715539949674,0.3670329665728218,0.28921121349189516,-0.32611020151689263,0.474506024692921,-0.7647568522002783,0.08246397599999232,-0.002968325592592169,0.36688249962004066,-0.35064318610305534,0.6279229924500975,0.3243922832850562,0.6144360976839828,0.06665028357830038,-0.07121652212313752,0.36220388665034625,-0.4338453581300507,0.5643574998569714,0.42600955176799155,0.5583857800720141,0.07564718747987843,-0.037886069500155425,0.3622053471019078,-0.43072775581854594,0.47436056020075806,0.45804352764354206,0.6161588967769612,0.09761119378368274,0.01832964467952588,0.3675741373152452,-0.35064318610305534,0.6279229924500975,0.3243922832850562,0.6144360976839828,1645,0.060635626851098315,-0.11942742221692446,0.3731806717261692,-0.3403912665333839,-0.021865476885317973,0.5723247242999717,0.7457211922316128,Static,Right
Nummer3,21,74,74,75,0.0,0.0,0.0,-1.0,3.496552006265752e-18,0.0,0.0,0.010622115648874976,0.04220298583101424,0.39699734467511133,-0.28518362351291554,0.013263959898709269,0.6367489133370082,0.7162717288934336,0.03261990672893314,-0.019906687302216258,0.39203935164553,-0.2923494313335163,0.05158516487686283,0.6781919361008252,0.6722547720703893,0.05764516985149787,-0.07569766864432394,0.3713572646490252,-0.3374610399135265,-0.0226502971367092,0.5744740215747959,0.7453768235703206,0.019443064113435722,0.018029667669179295,0.39505129091628066,-0.2798555399154487,0.028320518351498757,0.6793300761288744,0.6777827621632708,0.002649318458741349,0.06389156584745667,0.40258374412693854,-0.28518362351291554,0.013263959898709269,0.6367489133370082,0.7162717288934336,-0.030360672773979504,0.02260340832679309,0.3893930666854812,-0.30914084579428297,-0.15088413263433714,0.7013162172815551,0.6243568525760488,0.017321658638133973,-0.03304931890786433,0.4045335970741494,-0.31582532465018814,-0.13972919856828406,0.7635087988549848,0.545696279488954,0.04568543210330939,-0.08681671028574477,0.37730390865812,-0.3374610399135265,-0.0226502971367092,0.5744740215747959,0.7453768235703206,-0.011612066778571746,0.0009098885628557422,0.3951929900022686,-0.3133131900207614,-0.1500184347069955,0.7593539114360214,0.5501917405722228,-0.046889027438174656,0.04336047042522492,0.38986919181233765,-0.30914084579428297,-0.15088413263433714,0.7013162172815551,0.6243568525760488,0.038662510354409915,-0.07639762038381145,0.38882436019980304,-0.3374610399135265,-0.0226502971367092,0.5744740215747959,0.7453768235703206,-0.009027952601626131,-0.06689239216072058,0.3614594563361694,0.36561928476330685,-0.3015307444334133,0.5325305251779906,-0.7012937961541176,-0.010499954364240812,-0.06823840796836575,0.40165083970694215,-0.10419574866246699,-0.3409957689576918,0.8982245165087208,0.25701721626438817,0.02114825429245935,-0.10111254172950422,0.38530179302902384,-0.25256483824702314,-0.25165066177859824,0.5177146390881744,0.7777239223409873,-0.02232380163640573,-0.055494372038715004,0.3740487375603975,0.17673649027935492,-0.39848062282639957,0.7956528472031487,-0.42061140376022044,0.010272363716259876,-0.0791420193767674,0.36604373033511756,0.36561928476330685,-0.3015307444334133,0.5325305251779906,-0.7012937961541176,-0.005269191886493696,-0.051837523368262334,0.3591474880128053,0.28850667360530907,-0.3236145286250658,0.4738176001179093,-0.7665079373147294,0.0026987766205885224,-0.04956543914091363,0.4055553245076688,-0.21640391503374615,-0.2950534386386445,0.8851137162326735,0.28755264429729244,0.029114976920607816,-0.096393350479207,0.3856962046278201,-0.3374610399135265,-0.0226502971367092,0.5744740215747959,0.7453768235703206,-0.020190674147991153,-0.033775749044076576,0.3748735595623693,0.110329679974682,-0.3867889802725234,0.7931365959966097,-0.45733574816248146,0.014668355387263087,-0.0666383182058337,0.366471092308699,0.28850667360530907,-0.3236145286250658,0.4738176001179093,-0.7665079373147294,0.08225165273949304,-0.0033747707966895746,0.36657900065428145,-0.3476066676200174,0.6273058837806006,0.32525066094266986,0.6163350877215275,0.06623994350018268,-0.07158531173166026,0.36202933290877637,-0.43082686291252825,0.5641246844123579,0.42727612257488035,0.55998809782618,0.07534113407975679,-0.038283067936802154,0.3619743941964988,-0.427599647749312,0.47406487120508134,0.4594509323513335,0.6175158944476365,0.09747026468568826,0.01787099247163713,0.3672887305869601,-0.3476066676200174,0.6273058837806006,0.32525066094266986,0.6163350877215275,1659,0.06000333684385145,-0.11974596234597773,0.37311412446386827,-0.3374610399135265,-0.0226502971367092,0.5744740215747959,0.7453768235703206,Static,Right
Nummer3,21,75,75,76,0.0,0.0,0.0,-1.0,3.4965520062657526e-18,-1.680513367352532e-18,3.469446951953615e-18,0.010116162821509676,0.04264514250333831,0.3977414327558027,-0.2834927933168543,0.012567497593149273,0.6359560098100863,0.717658587162508,0.031982733505127925,-0.019500037679120223,0.3926428984930873,-0.29071472253372727,0.05098512830630815,0.677436354185655,0.6737695843694455,0.05697192099305282,-0.07529766279888975,0.3719468648468301,-0.33585838572144444,-0.02363922373074938,0.5744367318513341,0.7460983668002172,0.01888709726935576,0.018457846366994726,0.3957420147093689,-0.2781756565076307,0.027726224007414563,0.6785964937758602,0.6792321836190834,0.0021798754786440354,0.06433402480079929,0.40337706057338935,-0.2834927933168543,0.012567497593149273,0.6359560098100863,0.717658587162508,-0.030915337341462804,0.023114057789574836,0.38982513960308385,-0.30728004402751996,-0.15162125036849725,0.7016622002972105,0.624708033927223,0.016622008327441,-0.032636157583657954,0.40506672684304396,-0.3139459680601611,-0.1402454729218577,0.7638441411212648,0.5461787844089241,0.0449753855658787,-0.08640551795407686,0.37783954510253204,-0.33585838572144444,-0.02363922373074938,0.5744367318513341,0.7460983668002172,-0.012222860964979676,0.001383246106872002,0.39566549271959345,-0.3114255561163846,-0.150554660755328,0.7597084011361526,0.5506274260928161,-0.04741202395898694,0.043896936671317034,0.39026282445550314,-0.30728004402751996,-0.15162125036849725,0.7016622002972105,0.624708033927223,0.037938716881865786,-0.07599547524791328,0.38935535869460114,-0.33585838572144444,-0.02363922373074938,0.5744367318513341,0.7460983668002172,-0.009640787214139706,-0.0663632550609804,0.3618808369471959,0.36640197185056606,-0.2993169562247669,0.5320102904264562,-0.7022278872422512,-0.011251047176450018,-0.06777170325435644,0.4020352954485922,-0.10230505378573121,-0.3406801031271535,0.8984341843472401,0.25746215197477124,0.020393321940340912,-0.10067477921593165,0.3857366575463902,-0.250841316857201,-0.2526725740619025,0.5177115255762258,0.7779524280827297,-0.022970095564332563,-0.05495474144424217,0.37442288534297946,0.17824444448194052,-0.39685971020948957,0.7957777914500339,-0.4212706909561487,0.009617810087855633,-0.07864587503521384,0.36655491156450154,0.36640197185056606,-0.2993169562247669,0.5320102904264562,-0.7022278872422512,-0.005829242701041702,-0.05134022392314955,0.3595883719297014,0.2889509731593438,-0.3215125376535503,0.47362251256953314,-0.7673452539953349,0.0019669245443621856,-0.04912851118896598,0.40601363859628226,-0.21437915955231449,-0.29486852538232755,0.8856214399111528,0.2876956618689118,0.028366577591376313,-0.095969613967459,0.38616455976395525,-0.33585838572144444,-0.02363922373074938,0.5744367318513341,0.7460983668002172,-0.020781865706002788,-0.03326370463141814,0.3752661160776063,0.11166093503207068,-0.385138993424369,0.7933985528685388,-0.4579503549926958,0.014051742150237467,-0.06617740067057608,0.36699214660947355,0.2889509731593438,-0.3215125376535503,0.47362251256953314,-0.7673452539953349,0.08165814841819996,-0.0029912789598519392,0.36732149549556126,-0.3472790012823591,0.6264060830323858,0.3251392061061733,0.6174926809776765,0.06559673383783148,-0.07118083317147382,0.3626495294107295,-0.4302540585374933,0.5633674444163868,0.4271822682455413,0.5612609708329621,0.07473903507303525,-0.03788992707483574,0.3626583832018988,-0.42703962836298387,0.4731401450550358,0.45953621789718163,0.6185483193620839,0.09689226073736426,0.01824189806084938,0.3680950395826331,-0.3472790012823591,0.6264060830323858,0.3251392061061733,0.6174926809776765,1667,0.059255415987724824,-0.11935575115663792,0.37364503058378346,-0.33585838572144444,-0.02363922373074938,0.5744367318513341,0.7460983668002172,Static,Right
Nummer3,21,76,76,77,0.0,0.0,0.0,-1.0,0.0,0.0,3.469446951953614e-18,0.009428293427623718,0.04297865406070016,0.39739529432942877,-0.2827563834886638,0.012421291280186613,0.6373238459561135,0.7167376469078854,0.03127696776345799,-0.01919088773496141,0.3925105432933844,-0.28989140608609104,0.05093993375463264,0.6786277849112562,0.6729282468234966,0.05627734015091112,-0.07507334929538052,0.3720577443544383,-0.33514486349940803,-0.023623107167426605,0.5760554426998685,0.745171118746277,0.018192656805174567,0.01878098295132711,0.3954802007367134,-0.277384397345339,0.0276526320856988,0.6798051443008226,0.678349610326588,0.0014877084070654672,0.06468687569154548,0.4029490469488198,-0.2827563834886638,0.012421291280186613,0.6373238459561135,0.7167376469078854,-0.031572825649156235,0.023449298144999096,0.3893737495299792,-0.3065980396374717,-0.151339358904723,0.7032649487430188,0.6233076707423438,0.015884824654627865,-0.03227559916204212,0.40495047019780456,-0.3131734514982963,-0.1398871429282429,0.765367077404972,0.5445798502924888,0.04426287742828673,-0.08615481897918317,0.37796487065524054,-0.33514486349940803,-0.023623107167426605,0.5760554426998685,0.745171118746277,-0.012910953177753353,0.0017284031677277031,0.3953461941925478,-0.3106738774299465,-0.150215648920619,0.7612541283574641,0.5490074250506248,-0.048051925844089245,0.044248620076350775,0.3896967386340473,-0.3065980396374717,-0.151339358904723,0.7032649487430188,0.6233076707423438,0.037208187761008434,-0.07570025942881997,0.38943036389828534,-0.33514486349940803,-0.023623107167426605,0.5760554426998685,0.745171118746277,-0.010344329766692315,-0.06609993265255358,0.361846857167512,0.3661975294081368,-0.29916041465965365,0.5307726772570585,-0.7033368899989645,-0.012001202925370578,-0.06740642323681953,0.4019871538740547,-0.10222952375225204,-0.3404049238398861,0.8988801036868889,0.2562970376239202,0.019657438214655244,-0.10038244338443963,0.3858632614968765,-0.2505698525780137,-0.2528493372814961,0.5193648277844733,0.7768797444107712,-0.02368825625648174,-0.05464674833002755,0.37433452150914687,0.17818086895289462,-0.396576818412266,0.7951213090378277,-0.42280079109572094,0.00890026108120024,-0.07837861910753842,0.3665874420509818,0.3661975294081368,-0.29916041465965365,0.5307726772570585,-0.7033368899989645,-0.006472851775925506,-0.05113393843055215,0.359522149849585,0.288795077630239,-0.3209426482079137,0.47150414431937604,-0.7689454217221718,0.0012197252287804803,-0.048756589131582054,0.40592561862442295,-0.21396331488824966,-0.29448454227928306,0.8864127818536154,0.2859561756757977,0.027632425580196886,-0.09567993861514507,0.38628952129349436,-0.33514486349940803,-0.023623107167426605,0.5760554426998685,0.745171118746277,-0.02146145973191053,-0.03298313392506121,0.3750815771637646,0.11182312012610984,-0.38458931508954847,0.7923368286248692,-0.46020538733145877,0.01338108932652357,-0.06594412442632203,0.367052212164811,0.288795077630239,-0.3209426482079137,0.47150414431937604,-0.7689454217221718,0.08101131718798749,-0.002796044097855008,0.36720285822671667,-0.3456209749322444,0.6265636328393045,0.32652718352822274,0.6175306908221035,0.06492514125081977,-0.07099524829831841,0.36276390540628667,-0.4285836905153232,0.563799094981033,0.428471752675481,0.5611225872142696,0.07408885480493926,-0.03770988458355543,0.3626627853094216,-0.42557620774909777,0.4734578235379514,0.4610593479495513,0.6181802798512238,0.09625351113741379,0.018433680260403762,0.36792350743432667,-0.3456209749322444,0.6265636328393045,0.32652718352822274,0.6175306908221035,1680,0.05853253861093298,-0.11912591308713016,0.37391127619385484,-0.33514486349940803,-0.023623107167426605,0.5760554426998685,0.745171118746277,Static,Right
Nummer3,21,77,77,78,0.0,0.0,0.0,-1.0,0.0,0.0,0.0,0.0088956039684958,0.043465484883769,0.3981752261992886,-0.2832658859950629,0.011836055961495543,0.636686488262594,0.7171127256398077,0.03081864178016972,-0.01866796638655761,0.39317410269092756,-0.290411361602708,0.050331562192383134,0.6780185198637876,0.6733638404466445,0.05589698437325505,-0.0744818275036783,0.3726375660553945,-0.33569600665669075,-0.02427213040972384,0.5755034053201912,0.7453287095402862,0.01768876139744098,0.019282620154716917,0.39621507265271144,-0.2778869848587535,0.02705011607858713,0.6791898666903211,0.6787843839183617,0.000928718948967849,0.06515399106823411,0.40376817252229574,-0.2832658859950629,0.011836055961495543,0.636686488262594,0.7171127256398077,-0.032090135407345934,0.023874899554102554,0.39005707713335985,-0.3069316183230142,-0.15203781323944215,0.7028465543861188,0.6234454314585557,0.01544697009141784,-0.03179302744296936,0.40559591527036554,-0.31342355961622487,-0.14066411226798448,0.7650551863212824,0.5446740692196227,0.043899686776933275,-0.0855906455943441,0.37853241940503674,-0.33569600665669075,-0.02427213040972384,0.5755034053201912,0.7453287095402862,-0.013397112587481427,0.0021755380382629304,0.3960151500316149,-0.3109200595007266,-0.15099334126420064,0.7609420656964253,0.5490873338072866,-0.04859979683074132,0.04464976318697591,0.390400697156598,-0.3069316183230142,-0.15203781323944215,0.7028465543861188,0.6234454314585557,0.03683400850294383,-0.0751650033791422,0.39001408635409396,-0.33569600665669075,-0.02427213040972384,0.5755034053201912,0.7453287095402862,-0.010738676261410878,-0.06559071840670018,0.36246235913822233,0.3669258930356046,-0.2992160444623813,0.530902916878473,-0.7028351446863196,-0.012387364425390257,-0.06696131677609675,0.40258394375857054,-0.10228551819567114,-0.34102511756578324,0.8984181762417364,0.2570687117390201,0.01931961054183115,-0.09986788768574438,0.38641248435020775,-0.2509806583624512,-0.25339471001324143,0.5186214958408251,0.7770660037069445,-0.0241018640476095,-0.05416968781298654,0.37495772521402226,0.1788127316342814,-0.3969598712224567,0.7950549065472337,-0.4222991394967633,0.00852162307921208,-0.07784805343954766,0.3671951038178059,0.3669258930356046,-0.2992160444623813,0.530902916878473,-0.7028351446863196,-0.006854366263975516,-0.05064829861488151,0.360164877776189,0.289792752669822,-0.320897213500624,0.47109517163747655,-0.7688396959883371,0.000805991277681925,-0.048297575404904904,0.4065488024346744,-0.21391095187738074,-0.2953320595835137,0.8860660615332319,0.28619576140827124,0.027287210148081224,-0.09515447029328133,0.3868451782361253,-0.33569600665669075,-0.02427213040972384,0.5755034053201912,0.7453287095402862,-0.02189038075934472,-0.03252899985555644,0.3757138339329658,0.11268828267467544,-0.3850402708304894,0.7920097795237021,-0.4601802363481427,0.01301638390398584,-0.06542329424808871,0.36771625366414273,0.289792752669822,-0.320897213500624,0.47109517163747655,-0.7688396959883371,0.08048332417885365,-0.002149955393598444,0.3678675717142341,-0.34672508213814773,0.62611415847656,0.3267346104629887,0.6172578653181205,0.06453263105547224,-0.07037564364870157,0.3633460215374449,-0.42955446125632285,0.5632211067511366,0.4285500520131245,0.5609008848668037,0.07363469643002046,-0.037074300818020545,0.36328587512524313,-0.4266287487584444,0.4727990969057846,0.4611088862412339,0.6179219365965635,0.09567999910522504,0.019109915866862018,0.36860916268696536,-0.34672508213814773,0.62611415847656,0.3267346104629887,0.6172578653181205,1694,0.05822208136296123,-0.1185360170849143,0.37443219396361965,-0.33569600665669075,-0.02427213040972384,0.5755034053201912,0.7453287095402862,Static,Right
Nummer3,21,78,78,79,0.0,0.0,0.0,-1.0,3.469446951953614e-18,0.0,3.469446951953614e-18,0.008392031325900925,0.043867439919783924,0.3988777443115989,-0.28367099708939925,0.011240325198725391,0.6360580517402693,0.7175197386247336,0.03038241475308672,-0.01823305241629567,0.3937649270508434,-0.29082636788732824,0.04971376141279463,0.6774337343727105,0.673819041881053,0.055535026712526185,-0.07397770806679888,0.37314346408080434,-0.3361751800087508,-0.024977041576059646,0.5749473435452357,0.7455185764891902,0.017212093851539503,0.01969771937941432,0.3968754458712402,-0.2782844986728076,0.026439584790022713,0.6785964751367792,0.6792389197377415,0.0004012932945831639,0.06553774051825251,0.40450898499965854,-0.28367099708939925,0.011240325198725391,0.6360580517402693,0.7175197386247336,-0.032586002339714384,0.024214239619890904,0.3906636420556009,-0.3071984034219942,-0.15280199733524003,0.7024103163382823,0.6236188243205085,0.015027525438356431,-0.03139873912865684,0.4061653665803254,-0.31359985528090983,-0.14150285606631235,0.7647354010291453,0.5448044042641924,0.04355564188127971,-0.08511251622774489,0.3790222971524124,-0.3361751800087508,-0.024977041576059646,0.5749473435452357,0.7455185764891902,-0.013863685688730752,0.0025368753044199555,0.3966076351204222,-0.3110933011483653,-0.15183277016328042,0.7606189237684305,0.5492054448842543,-0.049124914636658856,0.04496512018906667,0.39102708343709874,-0.3071984034219942,-0.15280199733524003,0.7024103163382823,0.6236188243205085,0.0364781848432258,-0.07471605230732732,0.3905201639904811,-0.3361751800087508,-0.024977041576059646,0.5749473435452357,0.7455185764891902,-0.011103590544722356,-0.0651700255041671,0.3629936199973788,0.3676772145741508,-0.29916684455276576,0.5309886906676714,-0.7023985160764274,-0.012756675591916344,-0.06660238955195179,0.4030978635267281,-0.10220622585070988,-0.34163660754063646,0.8979995890903691,0.25774998308245745,0.018999152926173782,-0.09943915675095889,0.3868796971369086,-0.25131446882176117,-0.2539977180208319,0.5178733428000879,0.7772601866930461,-0.02448887654052586,-0.05377964414077492,0.37549323827983183,0.17952059126680947,-0.3972494639773056,0.7949693526659445,-0.4218873653036407,0.008169231495943933,-0.07740893593240895,0.36772344749087993,0.3676772145741508,-0.29916684455276576,0.5309886906676714,-0.7023985160764274,-0.007208461262623904,-0.05024801546830326,0.3607237807155531,0.29083557742598193,-0.3207593232230764,0.4706809922271244,-0.7687571313652052,0.00040984816543518897,-0.04792585868087827,0.40709145699238375,-0.21374771817666582,-0.29620874061306857,0.8857453967585588,0.28640423718882363,0.026959801503280853,-0.09471501898292607,0.3873212484707852,-0.3361751800087508,-0.024977041576059646,0.5749473435452357,0.7455185764891902,-0.02229538282441016,-0.03216010986211489,0.376260317735434,0.11364373756196708,-0.38542938964853496,0.7916791390540455,-0.46018846931963653,0.012679361931966976,-0.06498879443944769,0.3683002253899737,0.29083557742598193,-0.3207593232230764,0.4706809922271244,-0.7687571313652052,0.07997222172271709,-0.0015910798319040097,0.36847089970810604,-0.3478689856606998,0.6255950853472185,0.3269204158031387,0.6170421377312129,0.06416057493951254,-0.06984203108702691,0.36385535707760297,-0.43055496241503816,0.5625683431507121,0.42861792650069896,0.5607369764039905,0.07319872966685012,-0.03652382699756319,0.3638410260781644,-0.4276947841026065,0.47206886369965245,0.4611334659533197,0.6177249275807336,0.0951248032031955,0.019700358447627266,0.36923950589229804,-0.3478689856606998,0.6255950853472185,0.3269204158031387,0.6170421377312129,1710,0.057929828572428864,-0.11803435755064315,0.37487598458847166,-0.3361751800087508,-0.024977041576059646,0.5749473435452357,0.7455185764891902,Static,Right
Nummer3,21,79,79,80,0.0,0.0,0.0,-1.0,3.469446951953614e-18,0.0,0.0,0.0063308529397460315,0.04536585482648315,0.3981475907084178,-0.28257127597995363,0.012093549628006458,0.6370570014247147,0.7170534129227801,0.028164877106619305,-0.016800750772721862,0.39317996623053153,-0.2897240854940143,0.050703310008710326,0.6781667673147227,0.6734827127318983,0.05332138452959564,-0.0726635021629267,0.3728845050780004,-0.3355598228209886,-0.02458548886994213,0.5771338968464113,0.7441180176264037,0.015090449131429581,0.021169610918831225,0.3962023492529506,-0.27719914896538517,0.02741241658929853,0.679371916290995,0.6788689053010916,-0.0016128729997918062,0.06706991638419119,0.40371867508192405,-0.28257127597995363,0.012093549628006458,0.6370570014247147,0.7170534129227801,-0.03480344883816927,0.025618855007270604,0.38968667749627445,-0.3067801657330713,-0.1528573314951124,0.7048366245805289,0.6210683527365642,0.012782632922582703,-0.02989456674197028,0.405622194536833,-0.3131663368992956,-0.14128149752507907,0.7666623164710603,0.5423977105347845,0.041326144018751336,-0.08376125459118006,0.37880094565728445,-0.3355598228209886,-0.02458548886994213,0.5771338968464113,0.7441180176264037,-0.016090819616045967,0.003980428846677949,0.3958006926980806,-0.31069352223660657,-0.15162774482033994,0.762562874829864,0.5467873665074228,-0.05135107096879496,0.046365272150204494,0.38986865428987144,-0.3067801657330713,-0.1528573314951124,0.7048366245805289,0.6210683527365642,0.03423617181905686,-0.07330315064795867,0.3902345914065778,-0.3355598228209886,-0.02458548886994213,0.5771338968464113,0.7441180176264037,-0.013345191900495483,-0.06379566003109588,0.3625969651380659,0.36769821919348905,-0.29941020208338026,0.5289961254315313,-0.7037859403034094,-0.015015213973049703,-0.06509867685414808,0.40268701291099857,-0.10268296294174241,-0.3416694048016619,0.8983406816339432,0.25632449486041203,0.016749071375844783,-0.09803503245557729,0.38669025714708766,-0.25132303421371516,-0.25386427812003376,0.5201323807406012,0.7757911879322426,-0.02674717153135276,-0.05236459889713922,0.375041511225643,0.17925969710654147,-0.39755180132177603,0.7940133233311819,-0.4235107656620482,0.005924137238715266,-0.07600478039558392,0.367419257689354,0.36769821919348905,-0.29941020208338026,0.5289961254315313,-0.7037859403034094,-0.009424946020424358,-0.04892968314062566,0.3602221880260432,0.2900656624753657,-0.32083742139802823,0.4689977757720914,-0.7700430811352197,-0.0018460930662342308,-0.04640947875810028,0.4066080941481518,-0.21380393653684185,-0.29556508579129903,0.8866237976692373,0.2843015972327831,0.024712949390454722,-0.09331227209428344,0.38712050188930475,-0.3355598228209886,-0.02458548886994213,0.5771338968464113,0.7441180176264037,-0.024503232267996517,-0.030767794681024835,0.3756802233933627,0.11288646095042647,-0.38517590338220187,0.790924298301067,-0.46188193810188927,0.010443365347695669,-0.06365313121499616,0.3678802987056266,0.2900656624753657,-0.32083742139802823,0.4689977757720914,-0.7700430811352197,0.07780309117421702,-0.00030259084036218103,0.36771226056186895,-0.34527002450965966,0.6267284405624697,0.32916675711247173,0.6161568939623194,0.06196260283059253,-0.06857925802545056,0.36358861980009344,-0.42818332064042386,0.564039178121611,0.4307267667536143,0.5594580429944815,0.07101632508139535,-0.0352654699430454,0.36333544198526757,-0.42562828505079087,0.4735179776149796,0.46346648215207253,0.6162954711513993,0.0929648517458797,0.020985954978416863,0.3683348666085122,-0.34527002450965966,0.6267284405624697,0.32916675711247173,0.6161568939623194,1722,0.05568971071553101,-0.11671173455394684,0.3748469882763225,-0.3355598228209886,-0.02458548886994213,0.5771338968464113,0.7441180176264037,Static,Right
Nummer3,21,80,80,81,0.0,0.0,0.0,-1.0,-2.7105054312137617e-20,0.0,0.0,0.005935366850761638,0.04510696891777741,0.39753146911961257,-0.28241464135227584,0.012101868962794304,0.6378713025589708,0.7163907568423779,0.027779895835490502,-0.017066787950209817,0.3926969147083178,-0.28951291169653454,0.05074413653134342,0.6789055377221663,0.6728258150657265,0.053011516835303786,-0.07296169497545296,0.3725867848141279,-0.3356878498399127,-0.02476399449553709,0.5783638936560314,0.7430986600455664,0.014698125991098578,0.02090843210623767,0.3956381898404256,-0.27701105726713837,0.027437037939985823,0.6801145929003382,0.6782007251727391,-0.0020147425993169866,0.0668202984504544,0.40305348526746504,-0.28241464135227584,0.012101868962794304,0.6378713025589708,0.7163907568423779,-0.035222907807328334,0.025278036440725602,0.3890021548453142,-0.30694753286190485,-0.15302407980144317,0.7058451750287313,0.6197978960593294,0.012398384492265942,-0.030140650136360834,0.40516095924994966,-0.3132272220998228,-0.14145583328695716,0.7676070069785049,0.5409791469199366,0.04102216425487769,-0.08405449823094625,0.37852490241460957,-0.3356878498399127,-0.02476399449553709,0.5783638936560314,0.7430986600455664,-0.016497299147996785,0.0036767313809538318,0.3952037793141328,-0.31077300049045553,-0.1518094589983916,0.7635111510870394,0.5453666220906069,-0.05179038247945156,0.04600935136940976,0.38910517579595144,-0.30694753286190485,-0.15302407980144317,0.7058451750287313,0.6197978960593294,0.033910997009271276,-0.07357095110431167,0.3899205720328746,-0.3356878498399127,-0.02476399449553709,0.5783638936560314,0.7430986600455664,-0.013643825274903591,-0.06419876581929432,0.3622194352601021,0.368046269937745,-0.2996941367690529,0.527206173342882,-0.7048255233462533,-0.015360134831208662,-0.06538131634434634,0.40230153724793,-0.10284893471280111,-0.3421197207202517,0.8985930266595615,0.25476806267966096,0.016453975831647403,-0.09833117660687926,0.38643118846754376,-0.25182830674487555,-0.25415107028746287,0.5212498210877448,0.7747827833720496,-0.02707660134957415,-0.05274100359675136,0.3746060477421096,0.17941352143745531,-0.3979675233737619,0.7929664629606972,-0.425013914224896,0.005630087369965,-0.07636875569282019,0.367121586913841,0.368046269937745,-0.2996941367690529,0.527206173342882,-0.7048255233462533,-0.009722223518194887,-0.049350860485695786,0.3597943486912817,0.2904232300374485,-0.32105559147632046,0.46723000340989884,-0.7708915478522199,-0.0022139142681417987,-0.046666895119835225,0.4061810306605758,-0.2138460118869037,-0.2960213141737775,0.8870418620669487,0.2824853973140852,0.02441157890840713,-0.09359946691899744,0.38685555588187953,-0.3356878498399127,-0.02476399449553709,0.5783638936560314,0.7430986600455664,-0.024848144127984556,-0.031158216145940016,0.3751693107931374,0.11315104392895159,-0.3855632924418792,0.7898013997037371,-0.46341292364929176,0.01015539523638425,-0.06402021176344952,0.367534564562785,0.2904232300374485,-0.32105559147632046,0.46723000340989884,-0.7708915478522199,0.07741443193662217,-0.0005862353054732657,0.36718744947383036,-0.34443310810530364,0.6269163821667755,0.33070454467453214,0.6156104189692148,0.06165633194476743,-0.0688953022389679,0.36328667579133406,-0.4273876047307034,0.5643286694803012,0.43215904567995084,0.5586694437340736,0.07067168929603428,-0.035571006479657996,0.3629261026711484,-0.4250140707907734,0.47376113013609517,0.4649492162930521,0.615415028635556,0.09255208611606291,0.020722068470197953,0.3677468895040192,-0.34443310810530364,0.6269163821667755,0.33070454467453214,0.6156104189692148,1735,0.05542457231940655,-0.11700228755309029,0.3746802132559909,-0.3356878498399127,-0.02476399449553709,0.5783638936560314,0.7430986600455664,Static,Right
Nummer3,21,81,81,82,0.0,0.0,0.0,-1.0,0.0,0.0,0.0,0.00573837890271214,0.045255402169934636,0.3969025138695979,-0.28241690756927434,0.012368112493635064,0.6389172142709694,0.7154526632982624,0.02759541506641094,-0.016927476870866823,0.3922439630932499,-0.2894540041166966,0.051032141540580035,0.6798615536509146,0.6718633550789613,0.052900504784983184,-0.0728665229846244,0.37235530926203425,-0.3359963605565731,-0.024673367478512568,0.5798275912516799,0.7418204870811282,0.014506320421716205,0.021052969516284156,0.39507752615324615,-0.2769844817165664,0.027706893705193678,0.6810774252108122,0.6772336862543274,-0.0022178079866541026,0.0669833003408931,0.4023611360633331,-0.28241690756927434,0.012368112493635064,0.6389172142709694,0.7154526632982624,-0.035446641861057684,0.0253331161733873,0.38834289440611575,-0.3073729354402108,-0.15293819768642264,0.7070022648528088,0.6182876221794318,0.01222173465413665,-0.029972268624370822,0.4047475760786622,-0.31354595739907853,-0.14140742607803175,0.7686853341211322,0.5392733347345895,0.04092052417256548,-0.08395172928159127,0.3783284236824837,-0.3359963605565731,-0.024673367478512568,0.5798275912516799,0.7418204870811282,-0.016701990734960294,0.003775548943389528,0.3946403636029459,-0.3111149527373844,-0.1517651454614937,0.7645937805534359,0.5436645818381691,-0.0520338221169165,0.0460493030518956,0.388360483447196,-0.3073729354402108,-0.15293819768642264,0.7070022648528088,0.6182876221794318,0.03379291421550089,-0.07343456058501684,0.389681327844316,-0.3359963605565731,-0.024673367478512568,0.5798275912516799,0.7418204870811282,-0.0137455867837273,-0.06423061054681459,0.36192767276177495,0.3681955523066916,-0.30029196170831257,0.5251149167620446,-0.7060531829748624,-0.015495016737377253,-0.06525433028964955,0.4020037357136843,-0.10333769014175763,-0.3425191327180071,0.8989336687312903,0.252824493947033,0.016364540248628053,-0.0982268202786654,0.3862748544254386,-0.2525977173481767,-0.25419277794431466,0.5226187137786807,0.773595569299463,-0.027205144465761735,-0.05273670637024956,0.3742504979566695,0.17926006294192884,-0.3985780084768869,0.7917267739555723,-0.4268139130751908,0.0055341776256010505,-0.07635453651491135,0.3669165521390407,0.3681955523066916,-0.30029196170831257,0.5251149167620446,-0.7060531829748624,-0.009825362209370712,-0.0494011010792572,0.359439089783807,0.2906136667846339,-0.3215950772988642,0.4651609773093805,-0.7718455597616075,-0.0023725621115571567,-0.04651059725733778,0.4058205429667065,-0.21420561281610706,-0.2964109395915878,0.8875178168316495,0.28030097241160395,0.02431687856548504,-0.0934847812729676,0.3866860701385257,-0.3359963605565731,-0.024673367478512568,0.5798275912516799,0.7418204870811282,-0.024997183343485375,-0.03116669249212186,0.37472048729685664,0.1131355617615015,-0.38615863729367045,0.7884580377435756,-0.465205088349166,0.010065735123748996,-0.064005848689305,0.36726434608192,0.2906136667846339,-0.3215950772988642,0.4651609773093805,-0.7718455597616075,0.07721519754654521,-0.0004806117266175705,0.3666577678397339,-0.34344020475788695,0.6273569522500909,0.3324447036462353,0.6147784960755417,0.06154355852528096,-0.0688247123822701,0.36304403335069857,-0.42648284697609185,0.5648852579517248,0.4337572682242265,0.557558659556676,0.07051710713274735,-0.03549103059738552,0.3625437833596986,-0.4243319357382657,0.4742850883145593,0.46660871392696,0.6142250169135863,0.09232573181090538,0.020848923068208007,0.36713151532724164,-0.34344020475788695,0.6273569522500909,0.3324447036462353,0.6147784960755417,1749,0.055364093776865145,-0.11689685254566287,0.37461507960996976,-0.3359963605565731,-0.024673367478512568,0.5798275912516799,0.7418204870811282,Static,Right
Nummer3,21,82,82,83,0.0,0.0,0.0,-1.0,0.0,0.0,3.469446951953615e-18,0.005006638314087569,0.045588558308033024,0.39841469411680464,-0.28279656495131406,0.012523456015151447,0.6348729188671134,0.7188919548794003,0.026750824005345633,-0.016579850655095443,0.3930792890134124,-0.29012004832872806,0.05108972789073909,0.6760803300016742,0.6753781049505634,0.052221026017365904,-0.0723583104047448,0.3729404731737549,-0.3372579078198482,-0.026069389414753508,0.5781022258033627,0.7425465016210895,0.013731499723042101,0.021391204534963387,0.39632582701345553,-0.277532795102814,0.027833541567232972,0.6773077716932833,0.6807753109581193,-0.002896141576616852,0.06727351797103995,0.4041153172768491,-0.28279656495131406,0.012523456015151447,0.6348729188671134,0.7188919548794003,-0.03642094609937715,0.025557711555132215,0.3895752139835015,-0.30835580112907196,-0.15428743119069116,0.7046050070005205,0.6201966402653455,0.011424152735335842,-0.0297251214243905,0.40553635079310085,-0.3145456280844084,-0.1428906154474194,0.7664789672393493,0.5414363421952237,0.04027809358328835,-0.08350473990222365,0.3788704916672158,-0.3372579078198482,-0.026069389414753508,0.5781022258033627,0.7425465016210895,-0.01760679385307973,0.0040097147912777215,0.3956994086014127,-0.31208293559876216,-0.1532325607811933,0.762364207210779,0.5458249162399764,-0.053063255752452854,0.04622744390751169,0.3897505533462751,-0.30835580112907196,-0.15428743119069116,0.7046050070005205,0.6201966402653455,0.033121041791880995,-0.07305630399566378,0.39027164063394826,-0.3372579078198482,-0.026069389414753508,0.5781022258033627,0.7425465016210895,-0.014470825359226197,-0.06386004715922886,0.3625655883660829,0.3699487260907544,-0.3008447408345485,0.5267557744626699,-0.7036751637270243,-0.01618468164250719,-0.06508142589777167,0.40265799287887427,-0.10326777986552635,-0.34445408302296265,0.8976560700223841,0.25475621735773923,0.015767157643222143,-0.09788709571184387,0.3867695415915712,-0.2534006491735021,-0.2553118753347474,0.5204952448661383,0.7743956723686161,-0.027957477121901168,-0.05248274895764766,0.3749675295393281,0.18059920123992568,-0.39990265509758993,0.7922097389238802,-0.4241055582181829,0.004863687062910066,-0.07593701933517075,0.36745923694968397,0.3699487260907544,-0.3008447408345485,0.5267557744626699,-0.7036751637270243,-0.010580798460735827,-0.049040564106372996,0.3601527639267288,0.2924079247725425,-0.3218766534943601,0.46622995157938874,-0.7704042170937071,-0.0031177149961241655,-0.046313503567974285,0.40654741495483915,-0.2142100555486641,-0.29819889918784176,0.8864450781037579,0.2817917531274118,0.02370480606203132,-0.09312276686274537,0.3871964551624773,-0.3372579078198482,-0.026069389414753508,0.5781022258033627,0.7425465016210895,-0.025802167598460844,-0.030917497896501014,0.3755159285982963,0.11447756785594236,-0.3872705113570878,0.7888357308670773,-0.4633083500201696,0.009359489569358791,-0.06361275586101936,0.3679140464072654,0.2924079247725425,-0.3218766534943601,0.46622995157938874,-0.7704042170937071,0.07636446595233078,0.00011717451818755997,0.3674858738032628,-0.3452656457463062,0.6265948713142,0.33191374321235256,0.6148201104200252,0.060852601984380236,-0.06825142345556647,0.3636456121789723,-0.42830558543418495,0.5637475355485208,0.4334385030021538,0.5575608538662856,0.069737257089965,-0.03489318950536671,0.36325297318633293,-0.4259321852281444,0.47324120057754004,0.46590062394227594,0.6144600461160223,0.09143240327078932,0.021475834876271256,0.368024644324935,-0.3452656457463062,0.6265948713142,0.33191374321235256,0.6148201104200252,1765,0.054816931667080154,-0.11638744879310069,0.3750069449584101,-0.3372579078198482,-0.026069389414753508,0.5781022258033627,0.7425465016210895,Static,Right
Nummer3,21,83,83,84,0.0,0.0,0.0,-1.0,3.469446951953614e-18,5.421010862427522e-20,0.0,0.003721865280045331,0.04618257824967111,0.40108382824423405,-0.28316083297039196,0.013079890603841803,0.6270661270395577,0.7255597366536506,0.02518941254717226,-0.015958378266697854,0.3944596157956165,-0.29105023470570274,0.05146254440054,0.668798234728622,0.6821658805785122,0.05099280250051559,-0.071445575528942,0.3739241620656275,-0.33951489430388987,-0.028781223958341286,0.5753119260018357,0.7435842020197423,0.01233810704685026,0.021995210210249708,0.3984917558799773,-0.2782373133210482,0.02834223946163325,0.6700565080389445,0.6876081667438515,-0.004058611374244075,0.06778481493577186,0.4072476337400084,-0.28316083297039196,0.013079890603841803,0.6270661270395577,0.7255597366536506,-0.038225273955769856,0.0259429302570571,0.391676387143371,-0.31016657897323824,-0.15683564491893434,0.7002386001015113,0.6235905521243694,0.009948070669120169,-0.029281785079549434,0.4068318061294094,-0.31638935646520544,-0.14566993980857096,0.7624289989385356,0.5453256507164166,0.03911589342730634,-0.08270386907608379,0.37977503749355307,-0.33951489430388987,-0.028781223958341286,0.5753119260018357,0.7435842020197423,-0.019284526330120524,0.004419394027758596,0.3974858588549413,-0.31387057434119564,-0.15597983649406827,0.7582688934248994,0.54971250525542,-0.05497195620405414,0.0465243170597482,0.39213454317902624,-0.31016657897323824,-0.15683564491893434,0.7002386001015113,0.6235905521243694,0.03189283887313495,-0.07237438567781301,0.39125061528433597,-0.33951489430388987,-0.028781223958341286,0.5753119260018357,0.7435842020197423,-0.015785118690304682,-0.06322188792440016,0.36358945391224917,0.3732849018520294,-0.3020196961897429,0.5295707693987158,-0.6992834084698624,-0.017453095224516123,-0.06478011703684838,0.40371698174931436,-0.10304214995467963,-0.3482700124409851,0.8953352754633992,0.2578081811695522,0.014685195656423865,-0.09728283327313549,0.38758111745528045,-0.2549293924310626,-0.2575460119687237,0.5169356631393969,0.7755376049995045,-0.029329004027809025,-0.052061727681870174,0.37612637292473333,0.18315877138121642,-0.4025035530613076,0.7928629561902485,-0.4192995193658187,0.0036519866737336733,-0.07520083667791465,0.36830969107026834,0.3732849018520294,-0.3020196961897429,0.5295707693987158,-0.6992834084698624,-0.011952426878036358,-0.0484253662253816,0.3613118663546257,0.29576420897849914,-0.32236264496476136,0.4678091338651447,-0.7679586395705105,-0.004495187440133429,-0.04596273943593661,0.40773227153663255,-0.21412553937662362,-0.30156072450110216,0.8845976994966294,0.284074449520388,0.022594949040839585,-0.09247413154169287,0.38803854291996764,-0.33951489430388987,-0.028781223958341286,0.5753119260018357,0.7435842020197423,-0.027275795999584913,-0.030499486228722835,0.376804907602559,0.11702724095990358,-0.389317910870488,0.7892866052457592,-0.46017697022816834,0.008076374818591095,-0.06292773251329165,0.36897584473719314,0.29576420897849914,-0.32236264496476136,0.4678091338651447,-0.7679586395705105,0.07482670270863474,0.0011853759011286602,0.3688692473055007,-0.34820204693704826,0.6251538300355957,0.33126864973132475,0.6149789467988804,0.059606856790673665,-0.06722782962963614,0.36466203870134983,-0.43127712678481706,0.5616355119204742,0.43325976440157266,0.5575406426555409,0.06832652881146922,-0.03382465665620711,0.3644447136983402,-0.42847134996845826,0.4713284132346391,0.46496278912821803,0.6148751368042399,0.08981613639478697,0.022595332988146546,0.3695212452353286,-0.34820204693704826,0.6251538300355957,0.33126864973132475,0.6149789467988804,1777,0.05383760707714975,-0.11546698627607638,0.3756694244392626,-0.33951489430388987,-0.028781223958341286,0.5753119260018357,0.7435842020197423,Static,Right
Nummer3,21,84,84,85,0.0,0.0,0.0,-1.0,3.4694469519536134e-18,-8.131516293641281e-19,-2.7105054312137605e-20,0.0035258612786066967,0.04650074684732103,0.3996404372306253,-0.28434969164974,0.013520440999147523,0.6309468357832305,0.7217122286264903,0.02520333868084063,-0.015632263131421867,0.3936696753481641,-0.29196271708359217,0.05189040816302732,0.6724627357072923,0.6781290632754986,0.05107303622663871,-0.07119611046127179,0.3734812855214822,-0.34076941297260616,-0.027757378648975466,0.5777496193100936,0.7411552553277112,0.012224367072891745,0.022317978259559706,0.39730320481223536,-0.2792807834245119,0.028700524786894877,0.6737118022144197,0.683586813392232,-0.004329292011875261,0.06814024339381788,0.4055732114549816,-0.28434969164974,0.013520440999147523,0.6309468357832305,0.7217122286264903,-0.03827598941731526,0.02609563573218448,0.3905249828933596,-0.3115933768935566,-0.15596430310264076,0.7027017506844196,0.6203184288886067,0.010006585050912484,-0.028900725798667277,0.4061556812171032,-0.3176639925226953,-0.14490651024667775,0.764657433903409,0.5416555177591422,0.039236107038492465,-0.08243976145377307,0.3794425839332073,-0.34076941297260616,-0.027757378648975466,0.5777496193100936,0.7411552553277112,-0.019292600865547006,0.004660706732809923,0.39651934181524295,-0.315194277433071,-0.1552234877157171,0.7605088140389022,0.546062798681576,-0.05506034235003229,0.04664965790725781,0.39081483295217073,-0.3115933768935566,-0.15596430310264076,0.7027017506844196,0.6203184288886067,0.032028026250373126,-0.07205619500313731,0.3908585174525116,-0.34076941297260616,-0.027757378648975466,0.5777496193100936,0.7411552553277112,-0.015682235658527457,-0.0632511616477215,0.36317713189842266,0.37212583872596633,-0.3042737054031282,0.5270359240444403,-0.7008373613894807,-0.01731990890379394,-0.06448024824057412,0.4033286481523452,-0.10488832979685608,-0.3483036955249212,0.8961676720287051,0.2540993458605524,0.014870829295028455,-0.09702782533372226,0.3873886286548521,-0.25700775343818694,-0.25674103238507784,0.519286709348044,0.7735453254056809,-0.029226331578328907,-0.05200705154990401,0.3756387875999485,0.18139241193801647,-0.40389852284382055,0.7910551715526873,-0.42213089403126774,0.0037765095401148937,-0.07517111920791225,0.36795772454552894,0.37212583872596633,-0.3042737054031282,0.5270359240444403,-0.7008373613894807,-0.01189933594163823,-0.048434905179914466,0.3607646292534244,0.2950208007664412,-0.32463824302590955,0.4654892213658204,-0.7686953382663516,-0.004398347678495084,-0.04560659882887618,0.4071937276321445,-0.2159210452582709,-0.30175278426871255,0.8852405799135123,0.2804861406113389,0.022770674941221345,-0.09219894448504089,0.387801274405546,-0.34076941297260616,-0.027757378648975466,0.5777496193100936,0.7411552553277112,-0.02723704244828853,-0.030439071423847344,0.3761617513072323,0.115581598442642,-0.3909700838742679,0.7873919520044703,-0.4623820947391689,0.008176498817798054,-0.06284974426798423,0.36846905510983086,0.2950208007664412,-0.32463824302590955,0.4654892213658204,-0.7686953382663516,0.07449153184574801,0.001514463245917426,0.367735539868464,-0.3480315588817136,0.6266237697272532,0.33531955442496447,0.611373438787959,0.05963542854545622,-0.0670133020041944,0.36415853028549866,-0.43097297288028996,0.5633668617390724,0.43613550742575213,0.5537742273738241,0.0681980266974698,-0.03357266120212907,0.3636334753984819,-0.4291748794030372,0.4727303592840861,0.46837113646750134,0.610707302088872,0.08934535259484096,0.023024847676537945,0.36815224936047286,-0.3480315588817136,0.6266237697272532,0.33531955442496447,0.611373438787959,1791,0.05404848322377472,-0.11521157979249821,0.3755623657023241,-0.34076941297260616,-0.027757378648975466,0.5777496193100936,0.7411552553277112,Static,Right
Nummer3,21,85,85,86,0.0,0.0,0.0,-1.0,0.0,-8.673617379884035e-19,0.0,0.0032949036064165143,0.04623791243935779,0.39892631567555775,-0.2848607563375541,0.013386757663201503,0.6309656667697244,0.7214966885411882,0.025025708890291567,-0.01587529473480373,0.39293931231377394,-0.2924633482640681,0.05176980790515636,0.6723795802434731,0.6780049977568342,0.051034100570262676,-0.0714271055600673,0.37293310474573776,-0.34162587327920557,-0.028190662691845513,0.5790144185623051,0.7397562790136836,0.012014082402338666,0.022062671433394833,0.39658221639686764,-0.27978334004101785,0.028581372218642778,0.6736221469571403,0.6834746454159397,-0.004580392631284452,0.0678710669425582,0.4048576788754564,-0.2848607563375541,0.013386757663201503,0.6309656667697244,0.7214966885411882,-0.03854320425663714,0.025705355041812268,0.3896721720546716,-0.31240364266419035,-0.15638917462493845,0.7034894622407031,0.6189094979288668,0.009855841060921794,-0.029143307632211804,0.405459153438711,-0.3184012247634509,-0.14532871256904195,0.7652606400367474,0.5402558451166513,0.039228562999877835,-0.0826838915064681,0.378934083235213,-0.34162587327920557,-0.028190662691845513,0.5790144185623051,0.7397562790136836,-0.01951429189545254,0.004329245431454487,0.39572774909375935,-0.3159505297311186,-0.15564539896031487,0.7611073468739918,0.5446699726252064,-0.05537316013265011,0.04622383159480592,0.3898962281987593,-0.31240364266419035,-0.15638917462493845,0.7034894622407031,0.6189094979288668,0.03200048885263004,-0.07228855753215788,0.39031545655676086,-0.34162587327920557,-0.028190662691845513,0.5790144185623051,0.7397562790136836,-0.015710326793898336,-0.06371465804751872,0.36254435611096847,0.37250663942867757,-0.30557150522679805,0.5258375698577927,-0.7009705478128402,-0.01737441401257955,-0.06480344369283556,0.4027311686935455,-0.10535624746548101,-0.3494604439507844,0.8962589835131801,0.25198669350907044,0.014912466722286815,-0.09731747584304545,0.38691577762194584,-0.2582956190534467,-0.25724161769086823,0.5202750364993984,0.7722849277961675,-0.029279973562905244,-0.05247162747789859,0.3749785542827433,0.18129416988203584,-0.4051928767449102,0.7899877029678063,-0.42293094680055837,0.0037807445783315614,-0.07557412196009952,0.36734623912379105,0.37250663942867757,-0.30557150522679805,0.5258375698577927,-0.7009705478128402,-0.012011071601073474,-0.048866052064443194,0.3600488296379104,0.2950874321230046,-0.3260281323585967,0.46534706926157093,-0.7681674097769857,-0.00450589659928106,-0.04588307978600662,0.4065421735763556,-0.21649809744624682,-0.3026439741423142,0.885387916155355,0.2786098286916309,0.022798666188057252,-0.09246629834734756,0.38731788816808466,-0.34162587327920557,-0.028190662691845513,0.5790144185623051,0.7397562790136836,-0.027363068081373162,-0.030880877031681114,0.3754452849802863,0.11521848469856143,-0.39218882826846424,0.7867710342503171,-0.46249752802567834,0.008108939321021032,-0.06324033683065035,0.36771307375946527,0.2950874321230046,-0.3260281323585967,0.46534706926157093,-0.7681674097769857,0.07407670316893714,0.00137606374750961,0.366802902770935,-0.3484382589572296,0.6268469772047385,0.33861401165445837,0.6090929304920647,0.059570848874175325,-0.06724359028769256,0.3635878187489663,-0.43099995024605703,0.5638190713002792,0.4384102249956098,0.5514921326232006,0.06799341496321734,-0.03377099784090808,0.3628916733854184,-0.4300581454746913,0.4727579725131161,0.47115591191426387,0.6079161106636307,0.08880133189876038,0.02297673207241966,0.367091148648777,-0.3484382589572296,0.6268469772047385,0.33861401165445837,0.6090929304920647,1806,0.05414510068150126,-0.11543480565048067,0.3751718072851769,-0.34162587327920557,-0.028190662691845513,0.5790144185623051,0.7397562790136836,Static,Right
Nummer3,21,86,86,87,0.0,0.0,0.0,-1.0,0.0,0.0,0.0,0.00354227176733426,0.04687850036284999,0.39873604841355476,-0.28535535912427235,0.013755434486109058,0.6314923224434786,0.7208332357321614,0.025305306321324793,-0.015232036702547025,0.39283625990465315,-0.2929290960882178,0.05212468382050492,0.6728459897212019,0.6773136910750059,0.05139055950232838,-0.07079047266944725,0.372957674582886,-0.34241807141879516,-0.02803963909936518,0.5798618900824059,0.7387312308512956,0.012273611453950822,0.02270494828487379,0.39642525975807685,-0.28027112714352537,0.02892670767006237,0.674092634331135,0.6827960612170954,-0.004341725663322859,0.06851757098128357,0.40463543510064615,-0.28535535912427235,0.013755434486109058,0.6314923224434786,0.7208332357321614,-0.03833777700431147,0.026223968353921403,0.3894621575700779,-0.31330801516531914,-0.15641844368189195,0.7041206375597706,0.6177260605411798,0.010163930897612694,-0.028492168394871738,0.40539721125319406,-0.31919368272352433,-0.14547492044348323,0.765879717709791,0.5388698344054224,0.03960750388251376,-0.08205176336535969,0.378995613148532,-0.34241807141879516,-0.02803963909936518,0.5798618900824059,0.7387312308512956,-0.019268292180573132,0.004898768481273288,0.39557658967361925,-0.3167616222168479,-0.15579109507345318,0.7617243796626061,0.5432929033348249,-0.05520208958227295,0.04671296540320212,0.3896389998370158,-0.31330801516531914,-0.15641844368189195,0.7041206375597706,0.6177260605411798,0.032371730203286556,-0.07164014295139723,0.3903544982442869,-0.34241807141879516,-0.02803963909936518,0.5798618900824059,0.7387312308512956,-0.015346848435529668,-0.06324729702045388,0.36256882494183557,0.3722807236188795,-0.30676156334246435,0.5249936333137296,-0.7012033164906881,-0.017008865593681564,-0.06420454550631419,0.4027760483637821,-0.10603397738370081,-0.3499245628265144,0.8964713982436959,0.250297079691031,0.015322764238435815,-0.09670582364593892,0.3870287923269455,-0.2593974047321836,-0.2571422356418648,0.5209963356677301,0.771462037489927,-0.0289241562004833,-0.05198680113377557,0.3749774132677425,0.18078069686365694,-0.4060755228661985,0.7891592498003127,-0.4238498411289568,0.00416486245442875,-0.07507024262750474,0.3673774775929837,0.3722807236188795,-0.30676156334246435,0.5249936333137296,-0.7012033164906881,-0.01168829519017536,-0.04839503458746865,0.3600094613934821,0.294790939555723,-0.32720869613969394,0.46485071493869434,-0.7680798031112395,-0.004169920107982475,-0.04525326581962127,0.4065315773614047,-0.2171833874673011,-0.3029800217687002,0.8856426146230539,0.276896445952105,0.023202254986936302,-0.09183995059650833,0.3874139286808776,-0.34241807141879516,-0.02803963909936518,0.5798618900824059,0.7387312308512956,-0.02704687600828305,-0.030393527096055445,0.37538003146392046,0.11463076249893103,-0.39305591040856935,0.7860564548712811,-0.4631221106112279,0.008460635695503323,-0.0627372545535718,0.367659347118645,0.294790939555723,-0.32720869613969394,0.46485071493869434,-0.7680798031112395,0.07425730760976575,0.0020498951828761217,0.3665228652516619,-0.3482231461761024,0.6274555196698451,0.3404504465870594,0.6075637453977427,0.05990971749088436,-0.06661437555200302,0.36359435706014354,-0.4307460328173431,0.5645419288929754,0.4397794455145771,0.5498584409071215,0.06826326990755024,-0.03312708508948747,0.3627575413688912,-0.43023127966345387,0.47334712314213917,0.4727351423852224,0.6061064528333542,0.08892273127599698,0.02369195375736645,0.36670715672805687,-0.3482231461761024,0.6274555196698451,0.3404504465870594,0.6075637453977427,1820,0.054580477905759144,-0.11478919942518345,0.375310820871054,-0.34241807141879516,-0.02803963909936518,0.5798618900824059,0.7387312308512956,Static,Right
Nummer3,21,87,87,88,0.0,0.0,0.0,-1.0,0.0,0.0,3.442341897641477e-18,0.0034550226780642596,0.04804437175399687,0.3985609603649834,-0.2859379095535723,0.013989901341016242,0.6323641711481476,0.7198328622595096,0.025283289765241895,-0.01405653260104367,0.3928081652828549,-0.293449547491603,0.052341462440390125,0.67365737394845,0.6762643543108366,0.05156844887381476,-0.06961033157355409,0.3731847769322439,-0.3437130955957611,-0.028403635397624687,0.5815233311540015,0.7368074081710441,0.012212181803305376,0.023874130346285643,0.3963073809126088,-0.28082492838051,0.02912805887190734,0.6749024405513004,0.6817592034760768,-0.004449491501353767,0.06968910815579982,0.40440793348650894,-0.2859379095535723,0.013989901341016242,0.6323641711481476,0.7198328622595096,-0.038519433398621,0.02712810058002141,0.3891782876517772,-0.3147431335760056,-0.15711230960015996,0.7052635377366276,0.6155126516799446,0.010185744045605977,-0.02731445510883904,0.40542533628196525,-0.3203433720080159,-0.14638634831113478,0.7670653653022106,0.5362479709914539,0.03982487724264243,-0.08088521821253915,0.37927197231448356,-0.3437130955957611,-0.028403635397624687,0.5815233311540015,0.7368074081710441,-0.01937107160650347,0.005909422891312162,0.39541354697443964,-0.31794718942854944,-0.15670212611900355,0.7629003740836156,0.5406820208101518,-0.05546155579440103,0.047554221632472894,0.38925736025770175,-0.3147431335760056,-0.15711230960015996,0.7052635377366276,0.6155126516799446,0.03255166595744353,-0.07045089577838946,0.3905825778659585,-0.3437130955957611,-0.028403635397624687,0.5815233311540015,0.7368074081710441,-0.015146415878666289,-0.062415585638179755,0.36271408784395676,0.37238024398476294,-0.3086552076867548,0.5232634122061636,-0.701612655319199,-0.016859151917790173,-0.06313482158897554,0.4029573548076038,-0.10672077546929461,-0.35120027802670695,0.89681327389009,0.24697164325431137,0.015593155469338843,-0.09559082705869802,0.38736573993932805,-0.2612753878984752,-0.25759147712260083,0.5223132779070306,0.7697861016635145,-0.028761604251554034,-0.05113016410875369,0.37505968902307923,0.18049613033452008,-0.4076211371419827,0.7874354428931218,-0.42568953330456005,0.004403773890361029,-0.07416127937753295,0.36755298354197874,0.37238024398476294,-0.3086552076867548,0.5232634122061636,-0.701612655319199,-0.011563254138174908,-0.0475631150414136,0.3600476199342154,0.2947327179272363,-0.3289497031316431,0.4636309654617243,-0.7680957268842584,-0.004088321660658087,-0.044120871283920116,0.40663075967780254,-0.21788694942981224,-0.3039886811555145,0.8861923468723757,0.27345801019961447,0.02345387666402007,-0.09069617780443126,0.38773099187593446,-0.3437130955957611,-0.028403635397624687,0.5815233311540015,0.7368074081710441,-0.026963549651771286,-0.029537689649847324,0.37534781642141707,0.11421691133239549,-0.39449612863198935,0.7845316982271285,-0.46458294860758553,0.008633527105223065,-0.06183644307813199,0.36769917155219206,0.2947327179272363,-0.3289497031316431,0.4636309654617243,-0.7680957268842584,0.07413108583479885,0.0032979830018265224,0.36624064911485915,-0.34755367525222786,0.6281021362767918,0.3439400307100948,0.6053093461184442,0.060072458812091334,-0.06544499926967293,0.3638029736531329,-0.4299983785875838,0.565392770703002,0.4425950459355016,0.5473043344997215,0.06829802023333689,-0.03193284700144457,0.3627280933544975,-0.4301363692230909,0.4739862065567605,0.4758134854617408,0.6032589053783282,0.08869508217948638,0.025009781466003446,0.3662608956675514,-0.34755367525222786,0.6281021362767918,0.3439400307100948,0.6053093461184442,1833,0.054917587869281095,-0.11358733644793989,0.37573981944995166,-0.3437130955957611,-0.028403635397624687,0.5815233311540015,0.7368074081710441,Static,Right
Nummer3,21,88,88,89,0.0,0.0,0.0,-1.0,0.0,0.0,0.0,0.003773223809450949,0.04820645242056385,0.39926487896646723,-0.28521687304272725,0.0142270100325425,0.6313910319241725,0.7209676083729363,0.025480636495500926,-0.013923095086184601,0.3933551822666193,-0.2928206090949707,0.052593321033649214,0.6727511610361581,0.6774185624829034,0.051737728533219264,-0.06947956083074933,0.37371635842974443,-0.3432187173954447,-0.028618343552820426,0.5814608185988939,0.7370788416960717,0.012483940961855008,0.02402470957955423,0.396950944252157,-0.2801608731718762,0.029396755337007772,0.6740116138337187,0.6829012083284772,-0.00408753875439071,0.06985115189309546,0.4051708287341761,-0.28521687304272725,0.0142270100325425,0.6313910319241725,0.7209676083729363,-0.03832858890376922,0.027271620314028674,0.3896891262058686,-0.31437980940345134,-0.1574972148248057,0.7051180350829058,0.615766611113903,0.010364431441097492,-0.027177551041511615,0.40595150427272575,-0.31991081775271174,-0.14679947773976398,0.7670534154527424,0.5364103278856649,0.03998475160370122,-0.08075051040022717,0.379790416718607,-0.3432187173954447,-0.028618343552820426,0.5814608185988939,0.7370788416960717,-0.019184979921538538,0.006050845808764114,0.3959306770173394,-0.31751276333650746,-0.1571176508880485,0.76288485809839,0.5408385916167926,-0.05526970886836897,0.047697895916396574,0.3897730628554959,-0.31437980940345134,-0.1574972148248057,0.7051180350829058,0.615766611113903,0.03271366888309862,-0.07032064757712156,0.39110291063291946,-0.3432187173954447,-0.028618343552820426,0.5814608185988939,0.7370788416960717,-0.014978061949412097,-0.06221816694144562,0.3631585038625504,0.3721281000463807,-0.3086022362977092,0.5246290986060728,-0.7007493459174281,-0.01670220663386691,-0.06297897052280095,0.40344057029437164,-0.10615841199376966,-0.35117805595933477,0.8968457524595737,0.24712762061494667,0.015741764454770203,-0.0954473085919294,0.3878565922069748,-0.26072784271975097,-0.25781524932202243,0.5222817997748298,0.769918184531118,-0.028575298179810693,-0.05095112929401199,0.3755404565577454,0.1804472260175387,-0.40739445479308256,0.7880892841492593,-0.4247161840988995,0.004573624112859746,-0.07398888755729015,0.36793163253315014,0.3721281000463807,-0.3086022362977092,0.5246290986060728,-0.7007493459174281,-0.011395530007448404,-0.04737922800612128,0.360472991219028,0.2940902680709965,-0.3289425298794309,0.4655892504998938,-0.7671599416558431,-0.003921772408356794,-0.04397548566491058,0.40713600372813064,-0.21727739476196017,-0.30381906941451037,0.8863917226052962,0.27348532114607554,0.0236059061247222,-0.09055751236990844,0.388231365074236,-0.3432187173954447,-0.028618343552820426,0.5814608185988939,0.7370788416960717,-0.026752377688132063,-0.02936712352272194,0.3758325965001343,0.11390941043823125,-0.3940843129448654,0.7854044873718891,-0.46353208273051405,0.00879575846430335,-0.0617125493292314,0.36802759204891805,0.2940902680709965,-0.3289425298794309,0.4655892504998938,-0.7671599416558431,0.07430961579437655,0.0034296581465244353,0.36679680818470894,-0.347541660185009,0.6279993527408986,0.3438790839679883,0.6054574989230851,0.060245484320163606,-0.06531119743418251,0.36433883220670044,-0.42997413356748376,0.5652899264491155,0.44256163135452414,0.5474566156060839,0.06847492773917038,-0.031800164728583345,0.3632742726650903,-0.4300948764601914,0.4738763288953888,0.4757791567595371,0.6034018695268568,0.08887646147147772,0.025139444081225298,0.36682617975220355,-0.347541660185009,0.6279993527408986,0.3438790839679883,0.6054574989230851,1847,0.05506393839024497,-0.1134627794335806,0.3762542519110741,-0.3432187173954447,-0.028618343552820426,0.5814608185988939,0.7370788416960717,Static,Right
Nummer3,21,89,89,90,0.0,0.0,0.0,-1.0,0.0,0.0,0.0,0.003908683202397229,0.04813509534605196,0.3999449132988815,-0.2842750097477093,0.014372649617051887,0.6302637178692002,0.7223218062010993,0.025475834268357752,-0.014024556562047676,0.3938518602413465,-0.2919818827550266,0.05276407654953299,0.6717025120815378,0.67880650234957,0.05169725171849666,-0.06958073475108845,0.3741776332188405,-0.34251299871191304,-0.028966003367830093,0.5812657514477189,0.7375472476771824,0.012563662597720583,0.023941193552402727,0.39755873776766254,-0.27928006653130816,0.029587810532577963,0.6729782692725792,0.6842714775533467,-0.0039037249888333207,0.06977946956810782,0.40591730785962443,-0.2842750097477093,0.014372649617051887,0.6302637178692002,0.7223218062010993,-0.03832638934308036,0.027199993119946586,0.3901512799148524,-0.3137712986183433,-0.1579706695263651,0.7048759517751852,0.6162326933405735,0.010331374758337761,-0.027278946586400465,0.4064159307295165,-0.31923460717740504,-0.14728393456084338,0.7669694898512404,0.5368002513392605,0.03992694975081845,-0.080848297030241,0.38022796105087486,-0.34251299871191304,-0.028966003367830093,0.5812657514477189,0.7375472476771824,-0.019196020955404382,0.005967754957174621,0.39639355337498977,-0.3168335689409674,-0.15760429459545416,0.7627986356974619,0.5412167932495161,-0.05526206370857469,0.04763143648137087,0.390245018673385,-0.3137712986183433,-0.1579706695263651,0.7048759517751852,0.6162326933405735,0.03265809517558534,-0.07042627534874762,0.3915443281903147,-0.34251299871191304,-0.028966003367830093,0.5812657514477189,0.7375472476771824,-0.015015072081137792,-0.06222997018299474,0.3635128880499588,0.371950690616167,-0.3082546802755303,0.5261488809565008,-0.6998564787916227,-0.016764813154825933,-0.06305100770013933,0.40383315194505853,-0.10531330229262806,-0.35110026352258905,0.8968818871949883,0.24746836916290202,0.01566632774560167,-0.09553332680955419,0.3882512805821332,-0.25991373115840305,-0.258164712046176,0.5221291071232341,0.7701798681503735,-0.02859537820459258,-0.050984349940059,0.3759311947358532,0.180589291957932,-0.4069342229521438,0.7888701108446259,-0.4236460716641374,0.004532745444221184,-0.07403331027311366,0.36822131068522207,0.371950690616167,-0.3082546802755303,0.5261488809565008,-0.6998564787916227,-0.011425022089253122,-0.047403481756017427,0.3608189444758507,0.2935148016958754,-0.3286435236245614,0.4676943140256087,-0.7662274624373487,-0.003971412441129107,-0.044064578751924224,0.4075639974220465,-0.21639211797131735,-0.30362194234977447,0.8866063046478438,0.27371048201033965,0.02353400337870107,-0.09065234905414672,0.38864029765573266,-0.34251299871191304,-0.028966003367830093,0.5812657514477189,0.7375472476771824,-0.026742585909495083,-0.02940886072824722,0.37623888123576477,0.11378958097900362,-0.39344252483157227,0.7864104095672919,-0.4623998038915943,0.0087510591934755,-0.06180742160217978,0.36827931343327275,0.2935148016958754,-0.3286435236245614,0.4676943140256087,-0.7662274624373487,0.07431047115738217,0.0033241805385651035,0.367330020261229,-0.347502479078604,0.6277521547742552,0.34359155212582954,0.6058994178230143,0.06021365160513838,-0.06540794807646479,0.36480990348646175,-0.4299101784845174,0.5650426844491124,0.44236669266408746,0.5479194397056815,0.06845914884680501,-0.03190024193437903,0.36377703353661445,-0.42995633031564684,0.4736292185226591,0.47556764064207946,0.6038611898087537,0.08888832078732596,0.02502504098787784,0.36738656162843586,-0.347502479078604,0.6277521547742552,0.34359155212582954,0.6058994178230143,1860,0.054984831026103693,-0.11357355307371006,0.3766737242286009,-0.34251299871191304,-0.028966003367830093,0.5812657514477189,0.7375472476771824,Static,Right
Nummer3,21,90,90,91,0.0,0.0,0.0,-1.0,0.0,0.0,2.7105054312137605e-20,0.0037668922636722225,0.04800497488928321,0.39940521417046265,-0.2827912417394952,0.014679364189966964,0.6308747587765892,0.7223646368704613,0.02517977017219558,-0.014216056203120216,0.39339872871948267,-0.29049979470971016,0.05320108987700064,0.6721540251509625,0.6789613242172746,0.051350860016104845,-0.06983708289915751,0.37386724030562307,-0.3414097764524073,-0.029047354169522675,0.5822860259829444,0.737250703426899,0.012361976404126227,0.023786828352469938,0.3970536544880477,-0.27779934241557785,0.030016687521867813,0.673452643838837,0.6843888224760599,-0.004001533968715315,0.06967531248303255,0.4053408107238759,-0.2827912417394952,0.014679364189966964,0.6308747587765892,0.7223646368704613,-0.03856361662268812,0.02709449333726903,0.3895284968673986,-0.3127354888473335,-0.15798861366310413,0.7058492567444582,0.615640267300252,0.009990958129164857,-0.027427334469740598,0.4059538650900447,-0.3182524899867401,-0.1470684506024851,0.767709798405283,0.5363840870935157,0.039556297409607255,-0.08107828996000518,0.37991952167189835,-0.3414097764524073,-0.029047354169522675,0.5822860259829444,0.737250703426899,-0.01947393600980714,0.005845111087481418,0.39583419913602835,-0.31585797595116866,-0.1573964499941715,0.7635466630262252,0.5407925572146672,-0.055475375288079255,0.04754677716064516,0.38954955040955025,-0.3127354888473335,-0.15798861366310413,0.7058492567444582,0.615640267300252,0.032289307902711895,-0.0706317306938517,0.391205420484373,-0.3414097764524073,-0.029047354169522675,0.5822860259829444,0.737250703426899,-0.015307242381468224,-0.06243412625521466,0.3630155150657102,0.3713520441455022,-0.30789077222341654,0.5262952403337658,-0.7002244295157438,-0.017150188927833626,-0.06316778337119214,0.40337586552582655,-0.10429243511817031,-0.35072463043275665,0.8975816928076039,0.2458910862995337,0.015269164415391504,-0.0957209675949624,0.3879191281372187,-0.2590497816462372,-0.2583925913848608,0.5232488868871733,0.769634381844904,-0.028883500630058484,-0.05115458849872575,0.37540988209140075,0.18045675786297846,-0.4061988401025465,0.7888867899044936,-0.4243765940236477,0.004221344904350702,-0.07426713970435034,0.3677268743528721,0.3713520441455022,-0.30789077222341654,0.5262952403337658,-0.7002244295157438,-0.011720032182065939,-0.04760028602236446,0.36028811375098185,0.2927347799317946,-0.3281425321171216,0.468137057708402,-0.7664701706095078,-0.004337541112530712,-0.04419162194692862,0.40710129040915216,-0.21545480619863283,-0.30309683120655523,0.8873673211140045,0.2725633409272234,0.023142751753062154,-0.09085022474296928,0.3883169541115198,-0.3414097764524073,-0.029047354169522675,0.5822860259829444,0.737250703426899,-0.02701234176239443,-0.02957017520921491,0.37569090066650257,0.11351637151390209,-0.39257282362679763,0.7866508574635942,-0.46279697492506694,0.008425891134850918,-0.062048287288779896,0.3677430497074183,0.2927347799317946,-0.3281425321171216,0.468137057708402,-0.7664701706095078,0.07396550885270264,0.0030519328368525424,0.36686822744429654,-0.346690314314263,0.6277959816496311,0.34466575547015166,0.605709128535672,0.0598772110106088,-0.06568608743438499,0.36450040416048013,-0.42895073800178957,0.5653285112313375,0.4431622941375578,0.5477336212169345,0.06813137000575735,-0.03218250008915331,0.3633962396422812,-0.42925236679313045,0.47376007710687296,0.47663027467042796,0.6034213919060031,0.0885337834518312,0.024761048411941752,0.36688508424743266,-0.346690314314263,0.6277959816496311,0.34466575547015166,0.605709128535672,1876,0.05458665835471907,-0.113836092916024,0.37645699003243327,-0.3414097764524073,-0.029047354169522675,0.5822860259829444,0.737250703426899,Static,Right
Nummer3,21,91,91,92,0.0,0.0,0.0,-1.0,0.0,0.0,0.0,0.003583462865938939,0.04714325956486283,0.3988257159618578,-0.2845523831211011,0.015357368241879516,0.6293996474205443,0.7229454864149024,0.025056559630995286,-0.015034433824805859,0.39258174118140793,-0.29236278039024033,0.05374055629962615,0.6707811435575257,0.6794767212338868,0.051205890588995266,-0.0706627239099472,0.37308790711387907,-0.3426336415785182,-0.027933101584729284,0.5826356136918004,0.7364493676774256,0.012202369372597568,0.022942511053150955,0.396380823509754,-0.27964052546545864,0.030581281470259545,0.6720822696376444,0.6849608635387511,-0.004189662940512914,0.06878816513046661,0.4048470880856482,-0.2845523831211011,0.015357368241879516,0.6293996474205443,0.7229454864149024,-0.038726513352278,0.026264328377538518,0.3889563474973158,-0.3144683046991538,-0.15655498913749122,0.7049412328114038,0.6161640033287716,0.009916453075064087,-0.02823276261049195,0.4052084511147191,-0.3199571105429106,-0.14604891545976806,0.7671530784618313,0.5364450725960604,0.039446467595566845,-0.08190391490040956,0.3792100613897505,-0.3426336415785182,-0.027933101584729284,0.5826356136918004,0.7364493676774256,-0.019601975293053298,0.00502466322114078,0.39519362367088445,-0.31755781654226073,-0.15636740038453775,0.7629939983387894,0.5408756120855155,-0.055638934477710005,0.04671435702831789,0.38906949279481673,-0.3144683046991538,-0.15655498913749122,0.7049412328114038,0.6161640033287716,0.03221804084440517,-0.07144702966843147,0.39049609931048807,-0.3426336415785182,-0.027933101584729284,0.5826356136918004,0.7364493676774256,-0.015445938520465403,-0.06340724130755529,0.3623302636186874,0.3695940020038351,-0.3105439034080815,0.5280495363395086,-0.6986604646825892,-0.01719473239993785,-0.0640062158186798,0.4027873702194089,-0.10558111755002798,-0.35082608657728886,0.8978827326323224,0.24409072705546417,0.015215241282385945,-0.09656177452995147,0.38731503445818577,-0.2604694679408688,-0.2572964480417739,0.5236317284167145,0.7692619885910206,-0.028965745122358756,-0.0521239089716746,0.3747813040107779,0.17840326843482476,-0.40754683631405214,0.7890363519201621,-0.4236737959453019,0.004123856844501821,-0.07523721300173225,0.3668760171412926,0.3695940020038351,-0.3105439034080815,0.5280495363395086,-0.6986604646825892,-0.01197130640207237,-0.0484736569459764,0.35960175949418194,0.2913657356018338,-0.33044909809821194,0.4697271988554062,-0.7650266402804116,-0.004391864309559632,-0.04500897146572017,0.40643452536476826,-0.2173532952181471,-0.302789104837606,0.8870638478907934,0.2723858161039846,0.023085442534545583,-0.09168097077968111,0.38767973707930553,-0.3426336415785182,-0.027933101584729284,0.5826356136918004,0.7364493676774256,-0.027189109808852547,-0.030449278862450923,0.3750830830543533,0.11158110430492184,-0.39387624002552385,0.7868976315989481,-0.46173940928776747,0.008223251550407778,-0.06293524101712894,0.36689906785116616,0.2913657356018338,-0.33044909809821194,0.4697271988554062,-0.7650266402804116,0.07345773937615739,0.0022958058204222906,0.36562974654064934,-0.34821265749690355,0.6288683982644081,0.34780916666902756,0.6019146670453368,0.05967756810464776,-0.06651476370224668,0.36367165801000967,-0.4295217007656982,0.5670590133628727,0.44416067769114154,0.5446801596608908,0.06783148399549407,-0.03299340889245842,0.3623710303302736,-0.4311189325440312,0.4748739663269318,0.47863785997248437,0.5996140267772123,0.08785808973228888,0.024114925291804666,0.3654610541750841,-0.34821265749690355,0.6288683982644081,0.34780916666902756,0.6019146670453368,1889,0.05451964402536755,-0.11466124642525723,0.37578474612143803,-0.3426336415785182,-0.027933101584729284,0.5826356136918004,0.7364493676774256,Static,Right
Nummer3,21,92,92,93,0.0,0.0,0.0,-1.0,0.0,0.0,0.0,0.004023677556934832,0.047204349579436596,0.3986867940849059,-0.2846364016280541,0.016375584255001015,0.6294049503232352,0.7228854457084791,0.0254131211428522,-0.015002374200229773,0.3924420239782368,-0.2924942527842184,0.05476918587601354,0.6706920327198003,0.6794259677204448,0.051490626554708686,-0.07064681348182081,0.3729143868059642,-0.3428991471471363,-0.027133736305616385,0.5824743709574011,0.7364832261617666,0.012609394804090523,0.02299111741168724,0.39624084287064176,-0.27977528370007504,0.03161237502988529,0.6720186186090868,0.6849214733224878,-0.0037149853533909585,0.0688621124653499,0.4047069748245434,-0.2846364016280541,0.016375584255001015,0.6294049503232352,0.7228854457084791,-0.03833669619340602,0.0263550092440858,0.3889419049468939,-0.31487407759504193,-0.15559501469686127,0.7046395451840297,0.616544903492843,0.01028599044668185,-0.02818813780164373,0.40509726799597934,-0.3204408693837258,-0.14517095585731174,0.7668979451423134,0.5367593357740263,0.03973695113093605,-0.08188049648470459,0.37906406990538666,-0.3428991471471363,-0.027133736305616385,0.5824743709574011,0.7364832261617666,-0.019221167067858275,0.0050972071807459576,0.3951413932069203,-0.31803563356875786,-0.15548754050381997,0.7627449552074236,0.5411996801867284,-0.05522812898160513,0.04682237682807293,0.3890936038055125,-0.31487407759504193,-0.15559501469686127,0.7046395451840297,0.616544903492843,0.0325403529880756,-0.07141997982501283,0.3903613241462404,-0.3428991471471363,-0.027133736305616385,0.5824743709574011,0.7364832261617666,-0.01514218086239649,-0.06339040646693395,0.3622473540906646,0.3686629601298596,-0.3113271926386316,0.5288841719531228,-0.6981722807513184,-0.01684923987605043,-0.0639476623412718,0.4027296377393722,-0.1060495555309717,-0.35046890636865885,0.8980723275249,0.24370295848521897,0.015517474656070653,-0.09652630653783204,0.3872142227365398,-0.260711484807064,-0.25649941258669656,0.5236048982762374,0.7694644134289168,-0.02863480030391844,-0.05209416713020262,0.37471759785145564,0.17753834799864998,-0.40770931263978855,0.7892203216631251,-0.4235381154638325,0.004433568659620664,-0.07523479046584833,0.3667289859739755,0.3686629601298596,-0.3113271926386316,0.5288841719531228,-0.6981722807513184,-0.01166665917573578,-0.04844771769300596,0.3595214215509502,0.2908582271274306,-0.3310483428636052,0.46996272102540787,-0.7648160087537025,-0.004030211871353283,-0.044956482939019174,0.40635006228992465,-0.21793816718176898,-0.30252618703915807,0.8870413883135349,0.27228374328959903,0.023390629067421356,-0.09164956072270358,0.3875651242464494,-0.3428991471471363,-0.027133736305616385,0.5824743709574011,0.7364832261617666,-0.026861407720505062,-0.030414247652216148,0.3750160541683815,0.11093336127627862,-0.3941505616221862,0.7869011974146286,-0.4616553147493111,0.008535685195085343,-0.06291347792379583,0.36678696157685653,0.2908582271274306,-0.3310483428636052,0.46996272102540787,-0.7648160087537025,0.07369324405369763,0.0023150565483598187,0.3653395683333795,-0.3485901694547436,0.6296020538680903,0.34794792645513145,0.6008480573324425,0.059938952815686945,-0.06650254584374662,0.36347738828248893,-0.42986448717082365,0.5678524226422689,0.44394200377351895,0.543760651439789,0.0680821261072331,-0.03297995540923215,0.36212868694281025,-0.43165948990901376,0.4756452598496116,0.47855305747826454,0.5986807519306852,0.08807533242830357,0.02414726910945024,0.36511618151103575,-0.3485901694547436,0.6296020538680903,0.34794792645513145,0.6008480573324425,1902,0.0547937482621169,-0.11465079079349522,0.37562534396897923,-0.3428991471471363,-0.027133736305616385,0.5824743709574011,0.7364832261617666,Static,Right
Nummer3,21,93,93,94,0.0,0.0,0.0,-1.0,0.0,0.0,0.0,0.0038450848294563863,0.0471378617730158,0.39886326375228187,-0.2864722807847016,0.017909808173420534,0.6286167428751341,0.7228096994992943,0.02525735419067866,-0.015050336224890583,0.392515235036558,-0.2944158877957226,0.05613875541258949,0.6700105900390214,0.6791564874090097,0.05127681180970131,-0.07070297942797293,0.37294490402959013,-0.34448059775540224,-0.02541603686890402,0.5822039748317435,0.7360201590514202,0.012440350556742506,0.02293246470435618,0.396376173318489,-0.2817035449205569,0.03299392338753337,0.6713592236298973,0.6847125722854454,-0.003879716184306655,0.06878847136436836,0.4049256451012738,-0.2864722807847016,0.017909808173420534,0.6286167428751341,0.7228096994992943,-0.038550030587136734,0.026256885330242195,0.3892833722283619,-0.3169612151219288,-0.1541673853761335,0.7038964024886175,0.6166829493007727,0.01019656197977057,-0.028228418947286813,0.405256604772247,-0.3225625481614646,-0.14409180075240344,0.7663165921450807,0.5366095750940925,0.03955959188897331,-0.0819355826831936,0.3791653839499902,-0.34448059775540224,-0.02541603686890402,0.5822039748317435,0.7360201590514202,-0.019387238275111247,0.005021559728668301,0.39541124995244575,-0.3201539409284592,-0.15439688403290022,0.7621673049664626,0.5410767556909715,-0.055456286437784746,0.04671284443716936,0.38951404976986287,-0.3169612151219288,-0.1541673853761335,0.7038964024886175,0.6166829493007727,0.03241200288046912,-0.07146574383030238,0.3904815834339158,-0.34448059775540224,-0.02541603686890402,0.5822039748317435,0.7360201590514202,-0.015428156711663851,-0.0634904813428897,0.3625481128930732,0.3670082339052725,-0.31372152449177576,0.5302068820514124,-0.6969680218931201,-0.016925933848768396,-0.06400904614678432,0.40306285860610624,-0.10847148034089428,-0.35002490792214735,0.89788394674274,0.24396909633891725,0.015392255252946692,-0.09658758858409812,0.3874467846165937,-0.2623317441931467,-0.25474380752286185,0.5234683815980633,0.769589827105609,-0.028850991513150546,-0.05219459870028571,0.3750939427666412,0.17521619957164036,-0.4091123727428775,0.7896067507693803,-0.4224305019950451,0.004181447972409567,-0.07533071148210092,0.3668911861580413,0.3670082339052725,-0.31372152449177576,0.5302068820514124,-0.6969680218931201,-0.01196579377914861,-0.04856380850599745,0.35978524935248213,0.2894157222892506,-0.3333455835673982,0.4707377141221414,-0.7638882549895392,-0.004102469680147945,-0.04500456565164672,0.4065985702496138,-0.22023538048238744,-0.30190856051035014,0.8866993648570283,0.27223488872018026,0.023263479656784734,-0.09170503620577262,0.3877546509144105,-0.34448059775540224,-0.02541603686890402,0.5822039748317435,0.7360201590514202,-0.027081474065268542,-0.030520136941066138,0.3753455723550643,0.10872235634571419,-0.3954832635308106,0.7869696095891862,-0.46092436590041413,0.008278684409743015,-0.06302848277888878,0.36693484976359936,0.2894157222892506,-0.3333455835673982,0.4707377141221414,-0.7638882549895392,0.07333839895334883,0.002277567742642747,0.36508016440384317,-0.3494112731849098,0.6311866691839846,0.3485459247477223,0.5983568242758519,0.05967382204139195,-0.06656341140702031,0.3634589532723497,-0.43063757156674276,0.569543464244321,0.4437884528852898,0.5415010003475131,0.06777267742722885,-0.03303608163950122,0.3619862852516004,-0.4328325956286276,0.4773327816387915,0.47859385368142143,0.596453923578951,0.08766626219896856,0.02414206649625247,0.36472642570336505,-0.3494112731849098,0.6311866691839846,0.3485459247477223,0.5983568242758519,1915,0.05462742761859444,-0.11470311896237384,0.37570556348965445,-0.34448059775540224,-0.02541603686890402,0.5822039748317435,0.7360201590514202,Static,Right
Nummer3,21,94,94,95,0.0,0.0,0.0,-1.0,0.0,0.0,0.0,0.003919732438831818,0.04702204949699895,0.39892865689958873,-0.2858115022396935,0.017470724095727072,0.6288381810761935,0.722889411326411,0.025310218905006825,-0.015176334834174392,0.3926022190130637,-0.29373598009588403,0.055770816372780974,0.6701569555889437,0.6793367684101771,0.051317501223757556,-0.07085001278889094,0.37308364707792224,-0.34376288833981844,-0.025763044361425645,0.5825774245406007,0.7360481550558614,0.012505750714026329,0.02281221028481193,0.3964500876554325,-0.28101840389781374,0.03262398787376939,0.6715016627442937,0.6848721406347219,-0.003804401612432247,0.06867535125934945,0.4049799926981285,-0.2858115022396935,0.017470724095727072,0.6288381810761935,0.722889411326411,-0.03847727887371315,0.02617534215380695,0.38930339582722057,-0.31636113990044545,-0.15434116428203473,0.7038877136686508,0.6169574707508422,0.01021840801409535,-0.028341533639484988,0.4053237159945361,-0.3218892231262274,-0.1442952858905833,0.7664780663196209,0.5367285835092851,0.039583999099545394,-0.08207295557931754,0.3792911390854821,-0.34376288833981844,-0.025763044361425645,0.5825774245406007,0.7360481550558614,-0.01933347203773016,0.0049283153508300585,0.395449259221419,-0.3194803373553941,-0.1546043901818797,0.7623289888596665,0.5411878687886224,-0.05536960203229857,0.04664222315798969,0.3895320577316649,-0.31636113990044545,-0.15434116428203473,0.7038877136686508,0.6169574707508422,0.03242811528236242,-0.07159691255488691,0.39059340697052436,-0.34376288833981844,-0.025763044361425645,0.5825774245406007,0.7360481550558614,-0.015338660859732282,-0.06362318274756662,0.36257013401837146,0.36698705872076015,-0.31320546796613524,0.5301949557122412,-0.6972202969685366,-0.016923678181205343,-0.06410330985081242,0.4030943765906313,-0.10751270126549696,-0.3499679206724257,0.8982492361031615,0.24312914964459045,0.015396598992431176,-0.09670766379357738,0.3875380159817287,-0.26167735994094965,-0.25514850236131625,0.5238590187895007,0.7694127172525898,-0.028775748742177074,-0.05230994646694427,0.37508479166843395,0.1756651327570655,-0.40849824957981395,0.7894676277344521,-0.4230978680908324,0.004259145844790842,-0.07547766705679415,0.36692923256445037,0.36698705872076015,-0.31320546796613524,0.5301949557122412,-0.6972202969685366,-0.011877179978895272,-0.048682410309806246,0.3598134354358889,0.2894237097262444,-0.3326911262074901,0.47073839640064113,-0.7641700680772857,-0.004093077472666181,-0.04510652586279591,0.4066460313557624,-0.21941280584459322,-0.3018501168126393,0.8870562244302596,0.2718009976271831,0.023271316358207103,-0.09183150763739978,0.3878576744709306,-0.34376288833981844,-0.025763044361425645,0.5825774245406007,0.7360481550558614,-0.02700614301823532,-0.030624374600841938,0.3753438503913257,0.10915916532092557,-0.39487170244492387,0.7869407686102713,-0.4613944537310367,0.00834861342842732,-0.06316300016975185,0.3669843628063443,0.2894237097262444,-0.3326911262074901,0.47073839640064113,-0.7641700680772857,0.07340561405740362,0.0021196870420305824,0.3652622287900836,-0.34902772493973083,0.6308243918671818,0.3485523155846984,0.5989586940260078,0.05972724405232507,-0.06671711675704327,0.36360791148920435,-0.4302720185995298,0.5691718077318875,0.44394911837893547,0.5420503884179654,0.06784102565300687,-0.033191471046520885,0.36215479008031365,-0.43248336502897317,0.4768789946487857,0.4788332654967078,0.5968779333245104,0.08774828388436749,0.023976516308611334,0.3649347144449967,-0.34902772493973083,0.6308243918671818,0.3485523155846984,0.5989586940260078,1932,0.05463780663953299,-0.11485323918530811,0.37586414750979297,-0.34376288833981844,-0.025763044361425645,0.5825774245406007,0.7360481550558614,Static,Right
Nummer3,21,95,95,96,0.0,0.0,0.0,-1.0,1.3552527156068808e-20,0.0,3.469446951953615e-18,0.004497972749987051,0.046623683720683054,0.3990863550366689,-0.28488017163779383,0.01712214684461355,0.6291195610903587,0.7230205375703563,0.0258214007452554,-0.015598091302153453,0.3927631422031383,-0.2927967751547983,0.05557109653206475,0.6701908959246111,0.6797249919702392,0.05176313881349278,-0.07131103290151253,0.37328290685175297,-0.3426748617145806,-0.02589450761709887,0.5828825546886128,0.7363092699836377,0.013059188135961648,0.02240425593707174,0.3966096673394835,-0.28006909777245875,0.03242374567196623,0.6715375036964892,0.6852352751563572,-0.0032160156751262735,0.06828546474980488,0.4051210651559365,-0.28488017163779383,0.01712214684461355,0.6291195610903587,0.7230205375703563,-0.03792128141184973,0.025860474126337803,0.38945328902969145,-0.3156001864191045,-0.15422065413636918,0.7034820521730556,0.617839392107984,0.01068836215699017,-0.028738399297973196,0.4054592002473138,-0.3210443249195423,-0.14428673480736331,0.7664182412740146,0.5373220254540394,0.04000293393883961,-0.08251607681819953,0.3794742676174735,-0.3426748617145806,-0.02589450761709887,0.5828825546886128,0.7363092699836377,-0.01881020564330832,0.004581324491824537,0.39559372401436943,-0.31862863526596635,-0.1545996862655396,0.7622723302303612,0.541770822728873,-0.05478167408570409,0.04635332923998297,0.3897138080781042,-0.3156001864191045,-0.15422065413636918,0.7034820521730556,0.617839392107984,0.032851162662923025,-0.07203090458724651,0.3907658434997066,-0.3426748617145806,-0.02589450761709887,0.5828825546886128,0.7363092699836377,-0.014785712877044811,-0.06405325296054595,0.36264952211314155,0.3666923402858645,-0.31242853176477825,0.5301964139650212,-0.6977226545939387,-0.016510048538480183,-0.06445550768306679,0.4031848743586187,-0.10605637239920078,-0.34965584105469427,0.898939728044658,0.24166134161849864,0.015782108197445514,-0.09711316657289518,0.3876815543858506,-0.2606100418769503,-0.25535577035241097,0.5242846061913383,0.7694163296495691,-0.0282426122891979,-0.05270211075472821,0.37510810493120306,0.17620962675567284,-0.4074004229520241,0.7892135341267563,-0.42440200325669236,0.004787294321489958,-0.07593955954781749,0.3670322415793508,0.3666923402858645,-0.31242853176477825,0.5301964139650212,-0.6977226545939387,-0.011340677513506078,-0.04906942338182949,0.3599052598261235,0.28920351053264326,-0.3317766327531464,0.47091877684308386,-0.7645397969178538,-0.0036541302588177496,-0.04548027217674251,0.40675800809053664,-0.21833311870798555,-0.30153097544447294,0.8875635942553941,0.27136799051324334,0.02366422022623545,-0.09224955449822299,0.3880141225032456,-0.3426748617145806,-0.02589450761709887,0.5828825546886128,0.7363092699836377,-0.026478459965213447,-0.030985523779009556,0.3753970836567741,0.10960388149054683,-0.393894595759181,0.7869880158287834,-0.46204317929798755,0.008853892305234009,-0.06358348987210564,0.36709997641205483,0.28920351053264326,-0.3317766327531464,0.47091877684308386,-0.7645397969178538,0.07393494376629288,0.001630333639197859,0.36561769952848294,-0.34876892615877597,0.6302657139205655,0.347823454336514,0.6001201634803393,0.060188705626222534,-0.06718977257598877,0.3638169242712973,-0.4300603781779933,0.5685408378840779,0.4435403516962582,0.5432139018808627,0.0683422391304655,-0.033671743732307254,0.3624374465334123,-0.43218308197190586,0.47617094014931965,0.47849199243980806,0.597933468360453,0.08831373090154553,0.023462817375361218,0.3653527987371383,-0.34876892615877597,0.6302657139205655,0.347823454336514,0.6001201634803393,1943,0.05501397856820019,-0.11532335939633977,0.376073485358434,-0.3426748617145806,-0.02589450761709887,0.5828825546886128,0.7363092699836377,Static,Right
Nummer3,21,96,96,97,0.0,0.0,0.0,-1.0,1.3552527156068805e-20,0.0,3.469446951953614e-18,0.004997530474834595,0.046513510576155576,0.39917788732347764,-0.2845488130146782,0.017119137802128457,0.6292865399525253,0.7230057805906039,0.026285735718178063,-0.01572129300800403,0.3928594010048769,-0.29246467606199905,0.05564141161013804,0.6702092915692972,0.6798440645208003,0.05218455080488568,-0.07145677117897055,0.37339380386124327,-0.34225712353992344,-0.02577200023822345,0.5830039940445544,0.7364117111494057,0.013544038695927057,0.022288898152481935,0.39670301153879783,-0.27973488179716877,0.032493244789228326,0.671560555073823,0.6853459023135182,-0.002710321973725131,0.068179887726094,0.40520393626352647,-0.2845488130146782,0.017119137802128457,0.6292865399525253,0.7230057805906039,-0.037436861287694495,0.025791406807887614,0.38956793767941944,-0.31538622329727395,-0.1540044034359408,0.7032388858636663,0.6182792599512387,0.011135790638216885,-0.028846925882353717,0.40555156326045627,-0.3208021480352831,-0.1441444813840438,0.7663437972659464,0.5376109510552065,0.04041370495534814,-0.08265074481635232,0.3795837331170612,-0.34225712353992344,-0.02577200023822345,0.5830039940445544,0.7364117111494057,-0.018340706545825796,0.004496465213777428,0.3957003271466694,-0.3183823406508665,-0.15445761447092932,0.7622000059245293,0.5420578211429782,-0.05428066045508505,0.04629669877081724,0.389850943198146,-0.31538622329727395,-0.1540044034359408,0.7032388858636663,0.6182792599512387,0.03326889582633691,-0.07216004118900747,0.3908726902395422,-0.34225712353992344,-0.02577200023822345,0.5830039940445544,0.7364117111494057,-0.014310200789006909,-0.06418867498204368,0.3627312765745848,0.3664359850823487,-0.31219167113018526,0.5301464316910252,-0.6980012824335957,-0.016090976532357113,-0.06454198613877132,0.4032712543493497,-0.10551999260131185,-0.3494513687850998,0.8992909275825584,0.2408839961129446,0.016180362689886794,-0.09722869803378247,0.387784515496531,-0.2602038754308445,-0.25526911312689043,0.5244887038106718,0.7694434499488458,-0.027773568703292686,-0.052815144412532725,0.3751629661535995,0.1763208915376303,-0.4069418271631527,0.7890460116484352,-0.42510667368813154,0.005252993261333192,-0.0760881752272184,0.3671235068126101,0.3664359850823487,-0.31219167113018526,0.5301464316910252,-0.6980012824335957,-0.010876260376839433,-0.049180269437466714,0.35999088148350844,0.2889928644111883,-0.33149089919073044,0.47097707540318556,-0.7647074620518618,-0.003220961615887168,-0.04557656756506462,0.4068465149515922,-0.2180035849130726,-0.30130773113218456,0.8877856337382333,0.2711544885356458,0.024066195769039338,-0.0923713971291742,0.38811970137009366,-0.34225712353992344,-0.02577200023822345,0.5830039940445544,0.7364117111494057,-0.026014795018970152,-0.031080483875508456,0.3754640051338946,0.10965316621835279,-0.39351528621919607,0.7869807989997953,-0.4623668723597726,0.009303677703969799,-0.06370818976058393,0.3671912961340589,0.2889928644111883,-0.33149089919073044,0.47097707540318556,-0.7647074620518618,0.07439879294127875,0.0014680751519348077,0.36580185945157395,-0.34872238935051697,0.6300826350781048,0.34738154974458685,0.6005952272835237,0.060613984943916385,-0.0673421118226114,0.3639282015308646,-0.43003853413350424,0.5683212230409821,0.44323354741242194,0.5437112000407106,0.06878952527184048,-0.033827285575491806,0.36258560256919886,-0.432106923734181,0.4759340163416485,0.4782055367657921,0.5984061189162682,0.08879534469975937,0.023289614481712306,0.36556515553447405,-0.34872238935051697,0.6300826350781048,0.34738154974458685,0.6005952272835237,1958,0.05540101683036913,-0.11547217710740361,0.376192781757223,-0.34225712353992344,-0.02577200023822345,0.5830039940445544,0.7364117111494057,Static,Right
Nummer3,21,97,97,98,0.0,0.0,0.0,-1.0,3.469446951953614e-18,0.0,-2.710505431213761e-20,0.005740304479419497,0.046925951583106806,0.3996149800264043,-0.28399232267123503,0.017408410095815785,0.6287116602567585,0.7237174560413224,0.026934855363678352,-0.015332105977681,0.39321387101528715,-0.2919694074121462,0.05592524761754557,0.669721768792794,0.6805137649007315,0.05278186977199735,-0.07110609143898859,0.3737800075306892,-0.3416620962609271,-0.025575451270636314,0.5832119826767275,0.7365301701445589,0.014250432934670185,0.022691895640744753,0.39710788623924864,-0.2792196086428924,0.032786680012356476,0.6710866109590475,0.6860059798242122,-0.001933046552686393,0.06859488270280759,0.4056738985823629,-0.28399232267123503,0.017408410095815785,0.6287116602567585,0.7237174560413224,-0.03676244286361105,0.026199603427715122,0.38976855065144783,-0.3148141725122163,-0.15414280323612162,0.7040237746934646,0.617642742742376,0.011763143289871953,-0.028436204415959225,0.40590113710650744,-0.3202223887952224,-0.14415408499532054,0.7669914770223415,0.5370300696129874,0.04099317857511335,-0.08228436705020054,0.3799642668415765,-0.3416620962609271,-0.025575451270636314,0.5832119826767275,0.7365301701445589,-0.017684714315559635,0.004905392913273269,0.39595930327237355,-0.3178116956776827,-0.15447377024568074,0.7628511517692916,0.5414717911773669,-0.05360102987393202,0.046711340519769856,0.38999012448176174,-0.3148141725122163,-0.15414280323612162,0.7040237746934646,0.617642742742376,0.033851136085886246,-0.07177947957968078,0.39124589758867123,-0.3416620962609271,-0.025575451270636314,0.5832119826767275,0.7365301701445589,-0.013767112452210921,-0.063691622693151,0.36304004686320973,0.36577091620721514,-0.31239008728760104,0.5318370905852475,-0.696974446661568,-0.0155057768860383,-0.06409925598210461,0.40361602322962975,-0.10547121122986838,-0.3490874072974726,0.8992781642485504,0.24147999704694026,0.016734698455031432,-0.09682838766550361,0.3881553103407426,-0.25963623578151845,-0.255128019673243,0.5248159513889428,0.7694588590785945,-0.027192653342540705,-0.052333689633492206,0.37552549573036675,0.1757635161253908,-0.40678952021746556,0.7899283104966232,-0.42384282100377063,0.005796113703350562,-0.0756243352812764,0.3673417291708131,0.36577091620721514,-0.31239008728760104,0.5318370905852475,-0.696974446661568,-0.010230972376982766,-0.04878468104735173,0.36030437836408485,0.2886470627675227,-0.3311147921886941,0.47103307971111463,-0.7649664733616648,-0.0026143235826754903,-0.045148244391533025,0.40719275321961157,-0.2174840506542675,-0.3010046249409226,0.8881824167277798,0.270608385108051,0.024626312406843088,-0.09198106645538154,0.3884935222883018,-0.3416620962609271,-0.025575451270636314,0.5832119826767275,0.7365301701445589,-0.02535719982636114,-0.030665542047863998,0.3757677138085132,0.10954388987253465,-0.39300878393359984,0.7871100240335229,-0.46260354733678166,0.009931029732888955,-0.06333338491230918,0.3675163786948736,0.2886470627675227,-0.3311147921886941,0.47103307971111463,-0.7649664733616648,0.0750999661156965,0.0017888421622505903,0.36608877350328545,-0.3477594936959899,0.6304930600920715,0.3475084345689516,0.6006494182328664,0.06122592672061908,-0.06700565456799337,0.3643204770076974,-0.4291128551511108,0.5688938169247565,0.44330674491700756,0.5437840679166049,0.06945110096945979,-0.0335050846122137,0.36292905319946256,-0.4312959340904935,0.47645654741234816,0.47848818115067104,0.598349426475898,0.08952588364487811,0.023590497554014187,0.3658226633380685,-0.3477594936959899,0.6304930600920715,0.3475084345689516,0.6006494182328664,1971,0.05594012827967236,-0.11512278630376135,0.37659064364733263,-0.3416620962609271,-0.025575451270636314,0.5832119826767275,0.7365301701445589,Static,Right
Nummer3,21,98,98,99,0.0,0.0,0.0,-1.0,0.0,0.0,0.0,0.005578679674100887,0.04724998492143226,0.3997257377690586,-0.2838996696899006,0.01696038784684726,0.629651984944666,0.7229465406579467,0.02684702003692404,-0.015000144645145513,0.39350429371197687,-0.291785037124424,0.0554438573078524,0.670772364237015,0.6795968703378573,0.052733549655248305,-0.07077789015366871,0.37414081839616575,-0.34157774603613,-0.025902896493601005,0.5836922721289634,0.7361772984974796,0.01411743320707554,0.02302025232453185,0.39728848575381426,-0.2790651422185012,0.0322856378346024,0.6721219434262484,0.6850783730005666,-0.002122395832705774,0.06892566878246453,0.40572970305835304,-0.2838996696899006,0.01696038784684726,0.629651984944666,0.7229465406579467,-0.0368646000006802,0.02648770509115953,0.3899202425904478,-0.31461147250281785,-0.15454948376690353,0.7047056642846048,0.6168662781853018,0.011669750150480208,-0.02810038965580891,0.40618859205499247,-0.3199875427516177,-0.14446239500334954,0.7675276648860803,0.5363206807015731,0.04094524753357173,-0.08195526638570803,0.38032653934489274,-0.34157774603613,-0.025902896493601005,0.5836922721289634,0.7361772984974796,-0.017782749316056747,0.005212046160511255,0.3961636718978445,-0.3175886013438299,-0.15478442425804997,0.7633855960072642,0.5407602926548954,-0.05371471837306306,0.0469895507739813,0.3900834339947827,-0.31461147250281785,-0.15454948376690353,0.7047056642846048,0.6168662781853018,0.03379188682805854,-0.07144647095804688,0.39159288139883325,-0.34157774603613,-0.025902896493601005,0.5836922721289634,0.7361772984974796,-0.013850935517793924,-0.0633610689354161,0.3633134650142263,0.3656876938679453,-0.3127831657348605,0.5324960076881171,-0.6963384260419925,-0.015579310992317805,-0.06377853963065336,0.4039101647007486,-0.10549190939446056,-0.3493203716076448,0.8991925962377688,0.2414527073846737,0.016690102149679233,-0.09650657725100512,0.3885090903229024,-0.2596896595285912,-0.2554918360949744,0.525218989551265,0.7690450022186553,-0.027270784734540258,-0.0520177007939003,0.3758190746437422,0.17567563467687478,-0.4070480042468424,0.7900867457487988,-0.42333547903714946,0.005722481475609133,-0.07529172687886407,0.36757090335656323,0.3656876938679453,-0.3127831657348605,0.5324960076881171,-0.6963384260419925,-0.010261332457857977,-0.048516894049678266,0.3605963100989272,0.2888490806690358,-0.330861217273212,0.47014854187173444,-0.7655438668535091,-0.002701472182541801,-0.04481814087766292,0.40748300610739213,-0.21721253143787192,-0.3011131581207829,0.8884423093557338,0.26985152424904085,0.0245796683843165,-0.09165414642460745,0.3888494573370184,-0.34157774603613,-0.025902896493601005,0.5836922721289634,0.7361772984974796,-0.02541204272321082,-0.030379878459274933,0.37601341391023996,0.10982962711385962,-0.3928961905470786,0.7866508041612785,-0.4634118565315719,0.009894923251258748,-0.0630479633627873,0.36786119216309887,0.2888490806690358,-0.330861217273212,0.47014854187173444,-0.7655438668535091,0.07497890759084003,0.0021313690101005915,0.36635868196021654,-0.34756570043207585,0.6304042862287415,0.34840587670231576,0.6003347939832259,0.06117950587646076,-0.06667972800547016,0.36468260056633994,-0.4288329740673308,0.5688804685370531,0.4440226536112913,0.5434346105555096,0.06937799283361906,-0.033173961031853924,0.363248350545237,-0.4312295006364161,0.4763127966981086,0.47935118840944496,0.597820772182555,0.08937854959443611,0.023950466599005682,0.3660671934113803,-0.34756570043207585,0.6304042862287415,0.34840587670231576,0.6003347939832259,1988,0.05591400717436224,-0.11479260363272219,0.37699617219664994,-0.34157774603613,-0.025902896493601005,0.5836922721289634,0.7361772984974796,Static,Right
