Gesture,Participant,Row,index,FrameCount,Head.pos.x,Head.pos.y,Head.pos.z,Head.rot.w,Head.rot.x,Head.rot.y,Head.rot.z,IndexDistalJoint.pos.x,IndexDistalJoint.pos.y,IndexDistalJoint.pos.z,IndexDistalJoint.rot.w,IndexDistalJoint.rot.x,IndexDistalJoint.rot.y,IndexDistalJoint.rot.z,IndexKnuckle.pos.x,IndexKnuckle.pos.y,IndexKnuckle.pos.z,IndexKnuckle.rot.w,IndexKnuckle.rot.x,IndexKnuckle.rot.y,IndexKnuckle.rot.z,IndexMetacarpal.pos.x,IndexMetacarpal.pos.y,IndexMetacarpal.pos.z,IndexMetacarpal.rot.w,IndexMetacarpal.rot.x,IndexMetacarpal.rot.y,IndexMetacarpal.rot.z,IndexMiddleJoint.pos.x,IndexMiddleJoint.pos.y,IndexMiddleJoint.pos.z,IndexMiddleJoint.rot.w,IndexMiddleJoint.rot.x,IndexMiddleJoint.rot.y,IndexMiddleJoint.rot.z,IndexTip.pos.x,IndexTip.pos.y,IndexTip.pos.z,IndexTip.rot.w,IndexTip.rot.x,IndexTip.rot.y,IndexTip.rot.z,MiddleDistalJoint.pos.x,MiddleDistalJoint.pos.y,MiddleDistalJoint.pos.z,MiddleDistalJoint.rot.w,MiddleDistalJoint.rot.x,MiddleDistalJoint.rot.y,MiddleDistalJoint.rot.z,MiddleKnuckle.pos.x,MiddleKnuckle.pos.y,MiddleKnuckle.pos.z,MiddleKnuckle.rot.w,MiddleKnuckle.rot.x,MiddleKnuckle.rot.y,MiddleKnuckle.rot.z,MiddleMetacarpal.pos.x,MiddleMetacarpal.pos.y,MiddleMetacarpal.pos.z,MiddleMetacarpal.rot.w,MiddleMetacarpal.rot.x,MiddleMetacarpal.rot.y,MiddleMetacarpal.rot.z,MiddleMiddleJoint.pos.x,MiddleMiddleJoint.pos.y,MiddleMiddleJoint.pos.z,MiddleMiddleJoint.rot.w,MiddleMiddleJoint.rot.x,MiddleMiddleJoint.rot.y,MiddleMiddleJoint.rot.z,MiddleTip.pos.x,MiddleTip.pos.y,MiddleTip.pos.z,MiddleTip.rot.w,MiddleTip.rot.x,MiddleTip.rot.y,MiddleTip.rot.z,Palm.pos.x,Palm.pos.y,Palm.pos.z,Palm.rot.w,Palm.rot.x,Palm.rot.y,Palm.rot.z,PinkyDistalJoint.pos.x,PinkyDistalJoint.pos.y,PinkyDistalJoint.pos.z,PinkyDistalJoint.rot.w,PinkyDistalJoint.rot.x,PinkyDistalJoint.rot.y,PinkyDistalJoint.rot.z,PinkyKnuckle.pos.x,PinkyKnuckle.pos.y,PinkyKnuckle.pos.z,PinkyKnuckle.rot.w,PinkyKnuckle.rot.x,PinkyKnuckle.rot.y,PinkyKnuckle.rot.z,PinkyMetacarpal.pos.x,PinkyMetacarpal.pos.y,PinkyMetacarpal.pos.z,PinkyMetacarpal.rot.w,PinkyMetacarpal.rot.x,PinkyMetacarpal.rot.y,PinkyMetacarpal.rot.z,PinkyMiddleJoint.pos.x,PinkyMiddleJoint.pos.y,PinkyMiddleJoint.pos.z,PinkyMiddleJoint.rot.w,PinkyMiddleJoint.rot.x,PinkyMiddleJoint.rot.y,PinkyMiddleJoint.rot.z,PinkyTip.pos.x,PinkyTip.pos.y,PinkyTip.pos.z,PinkyTip.rot.w,PinkyTip.rot.x,PinkyTip.rot.y,PinkyTip.rot.z,RingDistalJoint.pos.x,RingDistalJoint.pos.y,RingDistalJoint.pos.z,RingDistalJoint.rot.w,RingDistalJoint.rot.x,RingDistalJoint.rot.y,RingDistalJoint.rot.z,RingKnuckle.pos.x,RingKnuckle.pos.y,RingKnuckle.pos.z,RingKnuckle.rot.w,RingKnuckle.rot.x,RingKnuckle.rot.y,RingKnuckle.rot.z,RingMetacarpal.pos.x,RingMetacarpal.pos.y,RingMetacarpal.pos.z,RingMetacarpal.rot.w,RingMetacarpal.rot.x,RingMetacarpal.rot.y,RingMetacarpal.rot.z,RingMiddleJoint.pos.x,RingMiddleJoint.pos.y,RingMiddleJoint.pos.z,RingMiddleJoint.rot.w,RingMiddleJoint.rot.x,RingMiddleJoint.rot.y,RingMiddleJoint.rot.z,RingTip.pos.x,RingTip.pos.y,RingTip.pos.z,RingTip.rot.w,RingTip.rot.x,RingTip.rot.y,RingTip.rot.z,ThumbDistalJoint.pos.x,ThumbDistalJoint.pos.y,ThumbDistalJoint.pos.z,ThumbDistalJoint.rot.w,ThumbDistalJoint.rot.x,ThumbDistalJoint.rot.y,ThumbDistalJoint.rot.z,ThumbMetacarpalJoint.pos.x,ThumbMetacarpalJoint.pos.y,ThumbMetacarpalJoint.pos.z,ThumbMetacarpalJoint.rot.w,ThumbMetacarpalJoint.rot.x,ThumbMetacarpalJoint.rot.y,ThumbMetacarpalJoint.rot.z,ThumbProximalJoint.pos.x,ThumbProximalJoint.pos.y,ThumbProximalJoint.pos.z,ThumbProximalJoint.rot.w,ThumbProximalJoint.rot.x,ThumbProximalJoint.rot.y,ThumbProximalJoint.rot.z,ThumbTip.pos.x,ThumbTip.pos.y,ThumbTip.pos.z,ThumbTip.rot.w,ThumbTip.rot.x,ThumbTip.rot.y,ThumbTip.rot.z,Timestamp,Wrist.pos.x,Wrist.pos.y,Wrist.pos.z,Wrist.rot.w,Wrist.rot.x,Wrist.rot.y,Wrist.rot.z,Temporality,Handedness
I,35,0,0,1,0.0,0.0,0.0,-1.0,-1.741499739554841e-18,-8.4703294725430015e-22,0.0,0.031041662278690884,-0.09533346302597644,0.2765564854282946,0.304110428900939,0.9319717550731288,0.017166856201848723,0.19659805143425055,0.04570098497796177,-0.08304102581834287,0.23824329283755602,0.9624746339584815,-0.17616083844080935,-0.2005950427698604,0.048698735121929806,0.06308251384322153,-0.142004660916997,0.23948949798074345,0.7323631915675214,-0.6336764900277109,-0.23421088769747928,-0.08510888148221274,0.02974499615110979,-0.07039771078394773,0.27216711166000596,0.747109993878192,0.6337290803282551,-0.10870858561244495,0.16851276867873766,0.040024831025302965,-0.10922372658271003,0.26006990714187095,0.304110428900939,0.9319717550731288,0.017166856201848723,0.19659805143425055,0.04703029080135021,-0.09261592252404918,0.2857753924451155,0.34033068652198134,0.929999404090956,-0.035196120811731395,0.1343032586415882,0.06782411608906552,-0.07856669062737859,0.24405389757715157,0.960505225931198,-0.16198662726489102,-0.22517907835867268,-0.022009684589791235,0.07971324429774845,-0.14071792526073565,0.244194204337125,0.7323631915675214,-0.6336764900277109,-0.23421088769747928,-0.08510888148221274,0.04877382211910247,-0.06418791302837633,0.281941727924328,0.7380955631902932,0.6362579169601801,-0.1687272413491732,0.1480605306318817,0.05303517248176219,-0.11024699281457065,0.26753390757093537,0.34033068652198134,0.929999404090956,-0.035196120811731395,0.1343032586415882,0.0809044196053855,-0.12646017334592075,0.23893109834141613,0.7323631915675214,-0.6336764900277109,-0.23421088769747928,-0.08510888148221274,0.10270354932023441,-0.05041514301093315,0.3026361759492962,0.8586773601936687,-0.3325460083996127,-0.20923406294933247,-0.3291009727880366,0.10087875603118526,-0.0920064879094611,0.270068920185509,0.8208558081915961,-0.4598849593110504,-0.13000303632153354,-0.31273115755354064,0.10249463598632755,-0.13761004575283348,0.2564551527790645,0.735811414235759,-0.5395793087570604,-0.25669592354145826,-0.3186580221472904,0.1032568306335501,-0.06520638929394142,0.28747620272426266,0.8565254010491115,-0.3431933808512978,-0.1564126339635082,-0.35230331907904655,0.10020609136160764,-0.03338373432106756,0.3177453302533486,0.8586773601936687,-0.3325460083996127,-0.20923406294933247,-0.3291009727880366,0.05907391114671613,-0.0903424865654281,0.29629685488713065,0.42593417095057257,0.8666690463595359,-0.2184825640501217,0.14046428480217102,0.08530953467350254,-0.08289851874032376,0.2561423687843358,0.9457746629693055,-0.19836754513669874,-0.23205965742932938,-0.11094556915676632,0.09650448398107273,-0.13769081554894247,0.24959802508636567,0.7323631915675214,-0.6336764900277109,-0.23421088769747928,-0.08510888148221274,0.06924415081828653,-0.06554150608154141,0.28923786373678273,0.7901745952160375,0.5475479802529641,-0.2699081948322939,0.054450755352369797,0.05992584448805808,-0.11161189450977785,0.28238166375374196,0.42593417095057257,0.8666690463595359,-0.2184825640501217,0.14046428480217102,0.013409471832834832,-0.09501075650803506,0.26361256401381045,0.7327818552184852,-0.33276770757668206,0.26144505195546325,0.5328629188306501,0.05149383296490691,-0.14618071135941654,0.24339630079160465,0.4752669680307417,-0.6405690876663533,0.01820930345303243,0.6028772464547962,0.025885640391760122,-0.12478578639560416,0.24945625887144865,0.6655167423632471,-0.5293108251798555,0.13798089656950585,0.5078176721654213,0.013324448389264089,-0.07470366478181471,0.27933609878296817,0.7327818552184852,-0.33276770757668206,0.26144505195546325,0.5328629188306501,10,0.09398464281354299,-0.17435467220275636,0.23380927941867527,0.7323631915675214,-0.6336764900277109,-0.23421088769747928,-0.08510888148221274,Static,Right
I,35,1,1,2,0.0,0.0,0.0,-1.0,0.0,0.0,0.0,0.03132998959905264,-0.09516208614612055,0.2765529747698289,0.3046103388413374,0.9321307781433148,0.015667581434671073,0.19519037066641406,0.045974393126850824,-0.08296554654790424,0.23820412336402855,0.9626548727185531,-0.17698711100260567,-0.1994114924160709,0.046970365791348154,0.06314674014373547,-0.1419927848523373,0.23943997411689097,0.7322708863995362,-0.6343252846090305,-0.23247946447674975,-0.08581422279502288,0.030127722298469543,-0.07022547045024174,0.27214267319578633,0.7478321345099681,0.6333042739789412,-0.10930193437204704,0.16651090744092392,0.04022995413510303,-0.10909157464804664,0.2600548202266153,0.3046103388413374,0.9321307781433148,0.015667581434671073,0.19519037066641406,0.04734001127585832,-0.09248757660177707,0.285755798988808,0.34140040794284776,0.929762979255809,-0.036857747170098605,0.13277074352192392,0.06812373572965408,-0.07856672331094354,0.2439757062832648,0.9605752133235631,-0.1629482607772206,-0.22400546027229506,-0.02376294649801094,0.07978912663047097,-0.14076393588225178,0.24411880936028674,0.7322708863995362,-0.6343252846090305,-0.23247946447674975,-0.08581422279502288,0.04920002060558894,-0.0640727804245685,0.28188205344979783,0.7389668144116015,0.6355516743719554,-0.1693574143524824,0.14601432328787278,0.05323566899620377,-0.11017443392971679,0.2675319709357989,0.34140040794284776,0.929762979255809,-0.036857747170098605,0.13277074352192392,0.08102481237478333,-0.1265095974419501,0.23885263186891398,0.7322708863995362,-0.6343252846090305,-0.23247946447674975,-0.08581422279502288,0.10323303357034988,-0.05050223874756654,0.30246909232241703,0.8579466059500654,-0.3340510996218467,-0.2076694576085451,-0.3304706954584189,0.1011750757195629,-0.09211308546994745,0.26994076956315227,0.8201651659268684,-0.4608128310157991,-0.12836709627109122,-0.313851117516388,0.1026048762116988,-0.13772760634440864,0.25634382351096663,0.7353444835191892,-0.5404693260000654,-0.25518066537122025,-0.31944361980110586,0.10369629165359558,-0.06530809980434209,0.28731975295346224,0.8558396612932966,-0.34420967247195644,-0.15499956101407372,-0.35360049719926634,0.1008496221593142,-0.033437832065986536,0.3175590443319958,0.8579466059500654,-0.3340510996218467,-0.2076694576085451,-0.3304706954584189,0.059412735703129584,-0.09025454793046908,0.2962660011208454,0.4274140154410392,0.8658439754822523,-0.2199699573666554,0.138725222586838,0.08561404449535037,-0.08295688202619093,0.2560351355705713,0.9456930011629939,-0.19926602080558092,-0.23082242686298687,-0.11260021208115195,0.09660323810411997,-0.13779101579971884,0.24949752208124307,0.7322708863995362,-0.6343252846090305,-0.23247946447674975,-0.08581422279502288,0.0696802689142269,-0.06551068039511054,0.28914821873082797,0.7909773750612318,0.546401622306061,-0.2703015685191034,0.05231750508826598,0.06013132937812714,-0.11155783688310096,0.2823927105259316,0.4274140154410392,0.8658439754822523,-0.2199699573666554,0.138725222586838,0.01360658820401723,-0.09484521717194155,0.2635969382600139,0.7330071891090507,-0.3328021481484398,0.26207283015933336,0.5322227189762848,0.0515487715042278,-0.14612807080025816,0.24336081006932822,0.47609578300170063,-0.6401461816276567,0.019554046722767796,0.6026303268275607,0.02601290751426403,-0.12465629890858004,0.24945487932704197,0.6657974785074205,-0.5292460219640808,0.13892665049513858,0.5072590577116965,0.013559702061938517,-0.07452375968528446,0.2793019550797335,0.7330071891090507,-0.3328021481484398,0.26207283015933336,0.5322227189762848,21,0.09392596931822576,-0.17445145499217513,0.23372857759962698,0.7322708863995362,-0.6343252846090305,-0.23247946447674975,-0.08581422279502288,Static,Right
I,35,2,2,3,0.0,0.0,0.0,-1.0,0.0,0.0,0.0,0.0303765197374196,-0.0959380598638121,0.27679680301840515,0.3049768814428709,0.9312936854350051,0.015484555503062844,0.19859859464542923,0.0452590835586134,-0.08371347336508853,0.23853016010263164,0.9619396800573103,-0.1769222882282465,-0.20280044099660444,0.047355432538448615,0.06259220557886536,-0.14269742149663187,0.23979039970145935,0.732004730623392,-0.63327230105052,-0.23574941377345232,-0.08693377348665131,0.029159961942091334,-0.0710068459733687,0.2723630522270781,0.747514935197022,0.6325954988268012,-0.11121449619558137,0.16933898652533,0.039410679279226576,-0.1098695115104782,0.26037391245706404,0.3049768814428709,0.9312936854350051,0.015484555503062844,0.19859859464542923,0.04632209626114371,-0.09325133247481013,0.2861156796815682,0.3413372175380368,0.9292981983233922,-0.03712311471749297,0.136072175223152,0.06735643222343962,-0.07925560091957001,0.24445047269949594,0.9599382232613625,-0.16224732566417707,-0.22727238333976574,-0.02327394697303847,0.07919764083694436,-0.14142575170082233,0.2445846084808276,0.732004730623392,-0.63327230105052,-0.23574941377345232,-0.08693377348665131,0.04815643823951664,-0.06483453859763762,0.2822458399886792,0.7383832491124005,0.6351171828202593,-0.17115221627024002,0.14873890003108536,0.05236568673389609,-0.11093428217636005,0.2679368705607782,0.3413372175380368,0.9292981983233922,-0.03712311471749297,0.136072175223152,0.08043312184438146,-0.1271536369152014,0.23935635282274004,0.732004730623392,-0.63327230105052,-0.23574941377345232,-0.08693377348665131,0.1020925570012885,-0.0511370800026425,0.30318909675438854,0.8573302028995605,-0.3339128556467648,-0.20965949251608537,-0.3309532070065478,0.1002779645570007,-0.09273527257979236,0.2706144695796153,0.8204683251377664,-0.45905120617743134,-0.1311567900845342,-0.31448626991872874,0.10193144653351598,-0.1383295509281464,0.25697488226011955,0.7352943065345842,-0.5386206826364822,-0.25818648078550543,-0.3202651778661407,0.10263348331795799,-0.06595267468969879,0.2880516669927415,0.8554907476095309,-0.34364190065332917,-0.1571531540666627,-0.3540461990146954,0.09964478557911503,-0.034053082317551185,0.3182473016328124,0.8573302028995605,-0.3339128556467648,-0.20965949251608537,-0.3309532070065478,0.058325834343595395,-0.09100907361489162,0.2967072952926549,0.4265143405331836,0.8656645376159098,-0.22049230721932542,0.14175178337811206,0.08478133775359695,-0.08360778774143914,0.25661949715228766,0.9452240781445027,-0.1979848460945119,-0.2340117329118385,-0.11221386577605211,0.09597525833479671,-0.13840192930585768,0.25008973465735335,0.732004730623392,-0.63327230105052,-0.23574941377345232,-0.08693377348665131,0.06859340079071215,-0.06624656765278741,0.2896536899215844,0.7900917214601139,0.5464952453981361,-0.27222989002284026,0.05467088270347705,0.05916913550343483,-0.11230826568152148,0.2828345221934284,0.4265143405331836,0.8656645376159098,-0.22049230721932542,0.14175178337811206,0.012640939357983553,-0.095760566388067,0.2635671511079945,0.7326710873108747,-0.33624077978346484,0.2574242126905259,0.5327926337234509,0.050976564635226866,-0.1468768311188462,0.2436105601271761,0.47544509133803253,-0.642328350849839,0.016122892045362904,0.6009212154427481,0.025314180937048052,-0.12550507611345138,0.2495222492188685,0.6653472553521125,-0.5316779656396173,0.13456307301468629,0.5064823294346733,0.012314361832585708,-0.0754395703980852,0.27927003298028324,0.7326710873108747,-0.33624077978346484,0.2574242126905259,0.5327926337234509,32,0.09350881719490489,-0.17505267356555404,0.23426213236535146,0.732004730623392,-0.63327230105052,-0.23574941377345232,-0.08693377348665131,Static,Right
I,35,3,3,4,0.0,0.0,0.0,-1.0,0.0,0.0,0.0,0.029489415692113892,-0.0965380469617358,0.2770692990642438,0.3058451285272405,0.9303463812380726,0.015240640675362054,0.2016980196858247,0.044595195431696225,-0.08431249553751197,0.23886741124658648,0.9612230795122849,-0.17716405465970123,-0.2058861269800389,0.04768639079038538,0.062074461457944735,-0.14325729919256014,0.24016481721675934,0.7316364786959138,-0.6324385950188431,-0.23874680936810058,-0.08791727696299223,0.02826782690387894,-0.07161431518550761,0.27259276679259686,0.7475006643089164,0.6316067651541414,-0.11300215563810595,0.17188997611958448,0.03864338810683495,-0.11049189864448547,0.26073166443598916,0.3058451285272405,0.9303463812380726,0.015240640675362054,0.2016980196858247,0.04537638062289423,-0.0938430692221762,0.28649582601065593,0.34163445679918786,0.9287356346068238,-0.03744902819636871,0.1390452776117606,0.06664535269329411,-0.07979964279665298,0.24492230479462876,0.9593144365646911,-0.16180870551165635,-0.23024391550740614,-0.022836242927195775,0.07864301948168181,-0.1419462354466844,0.24506733798349836,0.7316364786959138,-0.6324385950188431,-0.23874680936810058,-0.08791727696299223,0.047195573763490775,-0.06542725339300921,0.2826083711774686,0.7380994207075294,0.6344176712864804,-0.17282460685953663,0.1511790950313418,0.051549256224474205,-0.11153724856965772,0.2683722172081415,0.34163445679918786,0.9287356346068238,-0.03744902819636871,0.1390452776117606,0.07988007064958624,-0.12765926973426356,0.23987246925174974,0.7316364786959138,-0.6324385950188431,-0.23874680936810058,-0.08791727696299223,0.10106284658013426,-0.051604581100350475,0.30386510749768164,0.8565542273707941,-0.33435933443885246,-0.21127417455050468,-0.331484410213863,0.09944631013053609,-0.09320949690436856,0.27127222255560135,0.8206454803808357,-0.4575828941855708,-0.13366999698671578,-0.3151050973640944,0.10130440444646543,-0.13878887714044885,0.2576107203026308,0.7351396678535327,-0.5370614463260683,-0.26098513104430465,-0.3209695203475502,0.10165705548589449,-0.06644314095376097,0.28875246883816663,0.8549457811592613,-0.34365152869112486,-0.1589392604867398,-0.35455556628286305,0.09857704521349216,-0.034487711132093694,0.3188799249809344,0.8565542273707941,-0.33435933443885246,-0.21127417455050468,-0.331484410213863,0.05731836153440636,-0.09159055847183395,0.29715839423921486,0.4259319381682941,0.8653653163486875,-0.22101121608381805,0.1444953136751796,0.08400914196625825,-0.08411430391242777,0.25719096790599155,0.9447537596794819,-0.196965816596105,-0.23691939990591873,-0.11186598505503134,0.0953884746845898,-0.13887256659904573,0.2506902514509508,0.7316364786959138,-0.6324385950188431,-0.23874680936810058,-0.08791727696299223,0.0675920291332653,-0.06681858837601752,0.2901458416625752,0.7894679774616881,0.5462914952992741,-0.2740138656157275,0.05676544879203044,0.058270283558134406,-0.11289213040097064,0.28329723080288816,0.4259319381682941,0.8653653163486875,-0.22101121608381805,0.1444953136751796,0.011728955763657001,-0.09651110964754374,0.26354206096806243,0.7322080947194194,-0.33987590113551475,0.25296131099294533,0.5332600238114704,0.05044129229109618,-0.14747908056252415,0.24389002180170605,0.4746764799388708,-0.6445624860776231,0.012964985305080582,0.5992106057892466,0.02466021642631971,-0.12619852663224113,0.24961297494452997,0.6647620702258944,-0.5342351722080493,0.13043390417027512,0.5056393649704486,0.011124278032936776,-0.07618304043364654,0.27922790324308794,0.7322080947194194,-0.33987590113551475,0.25296131099294533,0.5332600238114704,44,0.09311578515475538,-0.17551889615213465,0.23482271671529048,0.7316364786959138,-0.6324385950188431,-0.23874680936810058,-0.08791727696299223,Static,Right
I,35,4,4,5,0.0,0.0,0.0,-1.0,0.0,0.0,-5.421010862427522e-20,0.028564350235445318,-0.0970802807050283,0.27733738343551834,0.3069616295516014,0.9293258594298386,0.014896518456065875,0.20470979145098447,0.04389278605425086,-0.08486454826221547,0.23919229486261856,0.9604969654756566,-0.17751056708731303,-0.2088947981337096,0.04794310374884889,0.06150704454293435,-0.1437735832631366,0.24052987856245925,0.73124097663779,-0.6316554111102225,-0.24164742485690024,-0.08890780483745946,0.027343670408230627,-0.0721655044471459,0.27280882916521415,0.7476080065435496,0.6304842612724052,-0.11481512019873791,0.1743254227401121,0.03783098860299285,-0.1110667274811747,0.26109197150035596,0.3069616295516014,0.9293258594298386,0.014896518456065875,0.20470979145098447,0.04439191060252952,-0.09438334721254066,0.2868688758980556,0.3420697393938944,0.9281246335654878,-0.037868989743083024,0.14191158365602402,0.06589587954982992,-0.08029930743999518,0.245378410918751,0.95868841282639,-0.16143103425067848,-0.23313442567027934,-0.02246970984598607,0.07803911759635669,-0.14242600778377762,0.24553748366707134,0.73124097663779,-0.6316554111102225,-0.24164742485690024,-0.08890780483745946,0.046204659345483415,-0.06597084470668309,0.2829550420551904,0.7379273505500586,0.6335985386473337,-0.17451938368168576,0.15348974510858568,0.05068669394162581,-0.11209518928025804,0.26880425297694055,0.3420697393938944,0.9281246335654878,-0.037868989743083024,0.14191158365602402,0.07928042996252734,-0.12812192496260097,0.2403765906964204,0.73124097663779,-0.6316554111102225,-0.24164742485690024,-0.08890780483745946,0.10001652030542943,-0.05202560604607821,0.30451549890856444,0.8556799537823063,-0.3350752177379492,-0.21269504192013816,-0.3321102742999183,0.09857654686883431,-0.09364183859357846,0.2719101296719758,0.82077470693515,-0.45617954513249714,-0.13606493146350915,-0.3157775126320072,0.1006285445517819,-0.13920923474558797,0.2582331011410773,0.7349447584804161,-0.535571257951608,-0.26370414770035966,-0.32168268856735516,0.10065162293083606,-0.06689128627909316,0.28943240244712964,0.8542842538064043,-0.3439245613940875,-0.1605342336435698,-0.35516625627555265,0.09750621169214779,-0.034867721298462814,0.31947960391533425,0.8556799537823063,-0.3350752177379492,-0.21269504192013816,-0.3321102742999183,0.05627504918887,-0.09212077454458717,0.2975992905806323,0.42543709065911195,0.8650156912048984,-0.22159225607907906,0.14713262013097717,0.08319826655882605,-0.08457731259639147,0.25774552204757856,0.9442757086753971,-0.19599837383410196,-0.23974272279787892,-0.11158606689647128,0.09475433304411798,-0.13930333870535908,0.25127796364365973,0.73124097663779,-0.6316554111102225,-0.24164742485690024,-0.08890780483745946,0.0665602655538006,-0.06734397420907398,0.29062214478448667,0.7889273492301706,0.54596588218577,-0.2758008420606509,0.058726387973434054,0.057327313897254914,-0.11342766436060238,0.2837528415646689,0.42543709065911195,0.8650156912048984,-0.22159225607907906,0.14713262013097717,0.010771830977535927,-0.09721053330209167,0.2634882213771886,0.7317145256644505,-0.3436462329199915,0.2484476795151585,0.5336430174518172,0.049856659349481,-0.1480354071068395,0.24415704844673658,0.47389129223120585,-0.6468624267681238,0.00984532668858227,0.5974103393192043,0.023960024906695843,-0.12684367765029528,0.24968267973894084,0.6641506000922929,-0.5368751987840173,0.12630198093986833,0.5046947700723027,0.009885309040444431,-0.0768740410775257,0.27914906474066115,0.7317145256644505,-0.3436462329199915,0.2484476795151585,0.5336430174518172,55,0.09266589364962756,-0.17594456078896775,0.235375850101265,0.73124097663779,-0.6316554111102225,-0.24164742485690024,-0.08890780483745946,Static,Right
I,35,5,5,6,0.0,0.0,0.0,-1.0,0.0,0.0,0.0,0.027837073045319828,-0.09677533152848979,0.2766995077242106,0.30753760626843407,0.9290386628352546,0.014780643145934467,0.2051568089929175,0.04321011713079506,-0.08464040601332154,0.23856074938984217,0.9602145597040096,-0.1785328606652701,-0.20935171082600298,0.04781085827859552,0.06089861995443367,-0.1435233539676452,0.23995610205727935,0.7310244804437404,-0.6316329444513625,-0.24243420151650924,-0.08870563911451217,0.026627895288699785,-0.07186772868715112,0.27213394074397274,0.7480183465536442,0.6298422924989333,-0.11517480304133355,0.17464823086201173,0.03711874985516958,-0.11078404314860299,0.26047998256648786,0.30753760626843407,0.9290386628352546,0.014780643145934467,0.2051568089929175,0.04367225681128807,-0.09407209192427268,0.286233195139907,0.34240917896106543,0.9279266125615636,-0.037817552790596155,0.14240080254044032,0.06520024788888827,-0.0800452756096491,0.24476682373802797,0.9584674701056357,-0.162119422678846,-0.23357250021691206,-0.02238947703723169,0.07742559251778211,-0.14215212788768908,0.2449760408943545,0.7310244804437404,-0.6316329444513625,-0.24243420151650924,-0.08870563911451217,0.04547640779458842,-0.0656611096316001,0.28230573420504107,0.7379907201074672,0.6333665398498701,-0.17466820463389524,0.15397253496593696,0.04998969128649165,-0.1117970296213696,0.2681893363706318,0.34240917896106543,0.9279266125615636,-0.037817552790596155,0.14240080254044032,0.07865052003146729,-0.12785326651628257,0.2398017326248837,0.7310244804437404,-0.6316329444513625,-0.24243420151650924,-0.08870563911451217,0.09910988356672852,-0.05180135699531336,0.30406525293731546,0.8561848161937391,-0.33364661224418835,-0.21358432148518042,-0.3316764029486945,0.0978720974940156,-0.09333341835556627,0.2713384225560154,0.8217959921538243,-0.45421669174296503,-0.13743454704385957,-0.31535739962911435,0.09999545524865326,-0.13890456907431092,0.25768502433376794,0.7348867647635696,-0.5354191096028469,-0.2644875581786344,-0.32142518821046373,0.09981348911352239,-0.06663209445665229,0.2889512009462921,0.8549324957770603,-0.34240144179356774,-0.16146201344474412,-0.35465715633053585,0.09653177432548256,-0.034679884342447904,0.31905943340633036,0.8561848161937391,-0.33364661224418835,-0.21358432148518042,-0.3316764029486945,0.05553038815084778,-0.09187316491450062,0.2970043896483841,0.4260216819955481,0.8646719125526748,-0.22149844269808974,0.1476023373612514,0.08249650882308841,-0.08429518343087493,0.2571536905011423,0.9442584976390485,-0.19564532161803527,-0.2403215351455181,-0.11110516419466944,0.09412745831658564,-0.1390099002884425,0.25072435530410025,0.7310244804437404,-0.6316329444513625,-0.24243420151650924,-0.08870563911451217,0.06580299494228126,-0.06709270398800321,0.29001888165118545,0.7889759780777588,0.5457886876495939,-0.2758845244588446,0.059324055947780285,0.05659664703980767,-0.11320074105602057,0.28319179749812534,0.4260216819955481,0.8646719125526748,-0.22149844269808974,0.1476023373612514,0.01009682332216202,-0.09704372454317106,0.2629621608570142,0.7311066717009792,-0.3437173479288406,0.2482321207622191,0.534529918291738,0.04925335055946406,-0.14779478342606223,0.2435855523049549,0.47344655475572184,-0.6465804492211457,0.009372222587581228,0.5980754500217239,0.023323418653279027,-0.12664969040301327,0.24913651937270212,0.6637607153010554,-0.5366629158116211,0.12604483198399008,0.5054971097303405,0.009174603924372433,-0.07671162929480388,0.27862691374985205,0.7311066717009792,-0.3437173479288406,0.2482321207622191,0.534529918291738,66,0.09210070879955823,-0.1756612761298672,0.23483763785442385,0.7310244804437404,-0.6316329444513625,-0.24243420151650924,-0.08870563911451217,Static,Right
I,35,6,6,7,0.0,0.0,0.0,-1.0,0.0,0.0,0.0,0.027164870583600512,-0.09639815558762552,0.2761796716242529,0.30834728877483236,0.9286904094878801,0.014581381634791356,0.20553212921600428,0.04258151833641148,-0.0843574956890712,0.2380426940660733,0.9599189320629637,-0.17970924083464526,-0.20974738720076838,0.04760531680585495,0.060332965512469305,-0.14321832052217345,0.23950557756194144,0.7307356651015552,-0.631723188191641,-0.2431344672872968,-0.08852588359626165,0.025972886901152334,-0.07149719342011168,0.2715690520310941,0.748565987290633,0.6290575135598067,-0.1155607524582052,0.174875154887271,0.03645543694604192,-0.11043656478897597,0.2599926033980264,0.30834728877483236,0.9286904094878801,0.014581381634791356,0.20553212921600428,0.04300873794207229,-0.09369076843562804,0.28571491928419085,0.3429192515176981,0.9276737003980686,-0.03785464258915136,0.14281077887450913,0.06456173950048902,-0.0797342637004775,0.24426501891759636,0.9582352829874142,-0.16294031809515805,-0.23395445228168318,-0.02238100611358818,0.07685540594716328,-0.141824183651318,0.2445366580092521,0.7307356651015552,-0.631723188191641,-0.2431344672872968,-0.08852588359626165,0.044810358136341995,-0.06528280526665828,0.2817642412074469,0.7381865417320609,0.6329957875169272,-0.17484605481584808,0.1543561456723351,0.04934050742825227,-0.1114355308064877,0.2676958403516926,0.3429192515176981,0.9276737003980686,-0.03785464258915136,0.14281077887450913,0.07806640664225686,-0.12753146990433806,0.2393470802746603,0.7307356651015552,-0.631723188191641,-0.2431344672872968,-0.08852588359626165,0.098276806760697,-0.05151366022534122,0.30371305532872417,0.8565860418049029,-0.33246308327812,-0.21437359254795743,-0.331319504497241,0.09722248137821016,-0.092969742784134,0.27087621318660576,0.8227315384163547,-0.4523731041180783,-0.13873591625475243,-0.3149979934961284,0.09940615650560045,-0.13854748121420377,0.25725740639092187,0.734744221497685,-0.5353925307671131,-0.26522158744057184,-0.3211904054140625,0.09903911427590513,-0.06631573570923513,0.28857246493001903,0.8554646105455435,-0.341115029556167,-0.16229307615634256,-0.3542340951218114,0.0956399717539314,-0.03442217758254455,0.3187312221016054,0.8565860418049029,-0.33246308327812,-0.21437359254795743,-0.331319504497241,0.05484411815869157,-0.09155481696785903,0.29652496500358494,0.4267421187931811,0.8642542693556378,-0.22147155865964321,0.1480069952851132,0.08184980860974159,-0.08395733632141594,0.25667099429690393,0.944218317731808,-0.1954250275865354,-0.24084767752587238,-0.1106942784560692,0.09354471956146648,-0.13866389784145944,0.25029097027775465,0.7307356651015552,-0.631723188191641,-0.2431344672872968,-0.08852588359626165,0.06510847580110551,-0.06677599800455421,0.2895227539975962,0.7891273341367836,0.5454600523418875,-0.27599305899980087,0.059826525900229154,0.05591533785850221,-0.11290685692702072,0.28274996115831885,0.4267421187931811,0.8642542693556378,-0.22147155865964321,0.1480069952851132,0.009469459836742675,-0.09680663257511556,0.2625425471821031,0.7304943320954342,-0.3439198576722989,0.24806302072792208,0.5353147672374167,0.04869105967037916,-0.14749504118180565,0.2431368509974434,0.47297366728036044,-0.6463834674651777,0.00901851613203408,0.5986676786112949,0.02273146202023739,-0.1263913389632219,0.24870568135148505,0.6633438470271539,-0.536557946750554,0.12586734302838673,0.506199488689015,0.008512937626528449,-0.0764744625962913,0.27820414576633334,0.7304943320954342,-0.3439198576722989,0.24806302072792208,0.5353147672374167,77,0.09157215489321635,-0.17532965778461457,0.23442821022723084,0.7307356651015552,-0.631723188191641,-0.2431344672872968,-0.08852588359626165,Static,Right
I,35,7,7,8,0.0,0.0,0.0,-1.0,0.0,0.0,0.0,0.026912530703624756,-0.09602047287567543,0.2752100225461604,0.3092571044096774,0.9281101284452358,0.014235552103170972,0.20680662925986676,0.042442471512187635,-0.08411278161334092,0.2371046343014062,0.9593241544141368,-0.18143145224046703,-0.21105292057411235,0.047291221306434345,0.06018564567987057,-0.14297334079655755,0.23876940818825287,0.7294880410616036,-0.6326064328030724,-0.2443550892718216,-0.08914532781495776,0.025743862425901196,-0.07112982613702376,0.2705383071879342,0.7491474739218744,0.6279260236405149,-0.11656766657136867,0.17578097241053223,0.03624608615319298,-0.1100906979045588,0.25907543682769785,0.3092571044096774,0.9281101284452358,0.014235552103170972,0.20680662925986676,0.042740661431237996,-0.0932952986095433,0.2847718261359021,0.3436971139806676,0.9271499353757217,-0.03813426408261843,0.1442604210344353,0.06440420190820083,-0.07947294056728978,0.24338084582430836,0.9576240051313101,-0.16446092636184192,-0.23537992646185613,-0.022475736145552355,0.07669049395354934,-0.14156731840843112,0.24385126616609248,0.7294880410616036,-0.6326064328030724,-0.2443550892718216,-0.08914532781495776,0.04454861218640748,-0.06489407166586465,0.28077515800350045,0.7384725912103228,0.6321282372285352,-0.1757290176430506,0.1555359639686743,0.04913002962305438,-0.111072077745379,0.266804118751121,0.3436971139806676,0.9271499353757217,-0.03813426408261843,0.1442604210344353,0.07792296709384411,-0.12728392609946815,0.2386355817328942,0.7294880410616036,-0.6326064328030724,-0.2443550892718216,-0.08914532781495776,0.09788703093334752,-0.05116617131178542,0.30295714433125176,0.8558641651579266,-0.3328935005673833,-0.21576042306894183,-0.33185220794147224,0.09698423682865337,-0.09263404816303361,0.27012768082277766,0.8225641892829435,-0.4516934906814835,-0.14058573951459366,-0.3155895987360887,0.09920835636598077,-0.13825033843043152,0.2566414022951709,0.7335956772990384,-0.5359300916842032,-0.2667724683718334,-0.3216345273665842,0.09870884767476046,-0.06597811704568252,0.28783024435737664,0.8551168307948251,-0.34074689212787573,-0.1639934211956988,-0.35464477861818067,0.09522019774043634,-0.034044153538938346,0.31793492868366857,0.8558641651579266,-0.3328935005673833,-0.21576042306894183,-0.33185220794147224,0.05454026865811063,-0.09121380978625239,0.295610245742563,0.42673293087038144,0.8638997085305449,-0.22174127397573404,0.14969003549746518,0.08165525722894629,-0.08366115018609044,0.2558509691801363,0.9437022526678436,-0.19599756728820317,-0.24243845711940606,-0.1106101552132797,0.09336831404459331,-0.13838598025105814,0.24965843695221662,0.7294880410616036,-0.6326064328030724,-0.2443550892718216,-0.08914532781495776,0.06480608490775112,-0.06643162608308778,0.2886219086276822,0.7888684710574089,0.5451637787355731,-0.2770183155862053,0.0611869475956974,0.055673874958253156,-0.11257747439734507,0.2818591811604651,0.42673293087038144,0.8638997085305449,-0.22174127397573404,0.14969003549746518,0.009203380726007564,-0.09652332030811349,0.2614608276413687,0.7298671007765113,-0.34709897747542723,0.24648336675809307,0.5348478895454278,0.04852936480221971,-0.1472459999195096,0.24236155101953946,0.47193531529754634,-0.6483139323232228,0.00868852951188417,0.5974032246192904,0.022535557089987213,-0.12613994942119233,0.24776127351073846,0.662754761980572,-0.5385550573037414,0.12505923311762696,0.5050492688210432,0.008103004505666703,-0.07613703190122971,0.2770435481729403,0.7298671007765113,-0.34709897747542723,0.24648336675809307,0.5348478895454278,88,0.09144264557152092,-0.17509493023491196,0.2338913972486216,0.7294880410616036,-0.6326064328030724,-0.2443550892718216,-0.08914532781495776,Static,Right
I,35,8,8,9,0.0,0.0,0.0,-1.0,0.0,6.938682145670415e-18,0.0,0.02693312952243121,-0.09579307876973168,0.2754485507584745,0.3082380742581752,0.9285133625368479,0.014059755847088027,0.20652977614292842,0.042441183465946476,-0.08379782908155171,0.23736266347980878,0.9595980869691397,-0.18032144757243881,-0.2108064024349965,0.04707810237214486,0.060191725449880475,-0.14265875279466544,0.2388901073955068,0.7302911569180637,-0.6317842632375363,-0.24405995313118128,-0.08920880074457482,0.02576301618281305,-0.0708913984266714,0.27083687829997427,0.7484582557150978,0.6288465809436687,-0.11655343386884878,0.17543521351413824,0.03625686519281801,-0.10982863796909405,0.25927734112190276,0.3082380742581752,0.9285133625368479,0.014059755847088027,0.20652977614292842,0.04277089812471836,-0.09307034423762853,0.2850017762016481,0.3426458135775778,0.9275861933432278,-0.038197740924164586,0.14393968509438412,0.06440559406487839,-0.07917125163805228,0.24363658579370692,0.9578491507616607,-0.16357304865117106,-0.23505624155508867,-0.02274698762743803,0.0767008120338647,-0.1412619553081836,0.24396202832788244,0.7302911569180637,-0.6317842632375363,-0.24405995313118128,-0.08920880074457482,0.0445760413115302,-0.06466012012047184,0.281070064909088,0.7377857939587844,0.6330377407515196,-0.17568361882872885,0.15514704989802452,0.04914993251977353,-0.1108065729854339,0.26698947876372475,0.3426458135775778,0.9275861933432278,-0.038197740924164586,0.14393968509438412,0.07792646443545682,-0.12697004925536248,0.23877341391093004,0.7302911569180637,-0.6317842632375363,-0.24405995313118128,-0.08920880074457482,0.09786215702124763,-0.05105990093272352,0.30333625725568836,0.8566622486070142,-0.331007659548003,-0.21529781619136396,-0.33197977570231196,0.09700241465185441,-0.09239125878170287,0.27033308917415594,0.8236270944682514,-0.44987214633397166,-0.14022036689259934,-0.31558154242470576,0.09922280641752904,-0.13797592676360357,0.2567407407977049,0.7343039102641108,-0.5351715364394494,-0.2662047327971464,-0.32175182080646536,0.09870054848420709,-0.06580835468872906,0.2881473897349742,0.8559561702331722,-0.3388560033715943,-0.16349759836804373,-0.3546606532259714,0.09517910240364437,-0.03400151576850251,0.31838385292768995,0.8566622486070142,-0.331007659548003,-0.21529781619136396,-0.33197977570231196,0.05457816846210438,-0.09104402890493049,0.29583304156412343,0.4256396893658219,0.8645312399882025,-0.22167310591289405,0.14925690615833656,0.08166460642768017,-0.08338616869285363,0.2560855523565105,0.9440145349877778,-0.19488013950766045,-0.24206500915042162,-0.11073761918287292,0.09337783556487506,-0.13809574910167516,0.24976039744376277,0.7302911569180637,-0.6317842632375363,-0.24405995313118128,-0.08920880074457482,0.06482998216046648,-0.06623847974271824,0.28890675087897677,0.7881777323015772,0.5463140311079738,-0.27679310191617973,0.060847518027597025,0.055712890932491974,-0.11237207748757153,0.28202636283346194,0.4256396893658219,0.8645312399882025,-0.22167310591289405,0.14925690615833656,0.009256707436829728,-0.09623144370855836,0.2617244901555747,0.7301294688376702,-0.3462766974982739,0.24622968142461119,0.5351395626283344,0.04853942438295516,-0.14693765527260202,0.24248846207925306,0.47275455193071697,-0.6475559200023211,0.008495666570606847,0.5975803609124516,0.022563977143008042,-0.12582741809561018,0.2479549959002286,0.6633478948519239,-0.5376614874968589,0.1249799770034534,0.5052422197386144,0.008167099717941557,-0.07587207421763101,0.2773430459451102,0.7301294688376702,-0.3462766974982739,0.24622968142461119,0.5351395626283344,99,0.0914462551382587,-0.17476886445249123,0.2339111552687799,0.7302911569180637,-0.6317842632375363,-0.24405995313118128,-0.08920880074457482,Static,Right
I,35,9,9,10,0.0,0.0,0.0,-1.0,0.0,0.0,0.0,0.02697561809024003,-0.09547883307304543,0.27568991482580396,0.3075250532688388,0.9288138690405113,0.013949939410431517,0.20624872722137957,0.04246020970938558,-0.08341856122743792,0.2376140714418639,0.9598189050263468,-0.17948455561751853,-0.21054540218258283,0.0469424910777121,0.06022157709654054,-0.1422771666037046,0.23903476694034928,0.7309305576361521,-0.6311484246206429,-0.2438019281436703,-0.08917850551569642,0.025802445100889734,-0.07056947795859726,0.27112079380318027,0.747961642375885,0.6295360071558361,-0.11647961560171045,0.17512937040352056,0.03628768372949104,-0.10949071923122367,0.2594918203446456,0.3075250532688388,0.9288138690405113,0.013949939410431517,0.20624872722137957,0.04282122146049105,-0.0927547285546876,0.28523152309725136,0.3418680462374282,0.9279216301538193,-0.03820842976948824,0.14362382514413233,0.06442759258926008,-0.07879977464494525,0.2438828524170122,0.9580317955181411,-0.16294058528719663,-0.23473273127168137,-0.02293445687800928,0.07673473252053342,-0.14088640450988263,0.244097271927156,0.7309305576361521,-0.6311484246206429,-0.2438019281436703,-0.08917850551569642,0.04462295283656713,-0.06433776507907411,0.28134844842965706,0.7372867067802685,0.6337301280380516,-0.17558105216628658,0.15480869142965034,0.049188602595154146,-0.11045994064828006,0.26718547144580007,0.3418680462374282,0.9279216301538193,-0.03820842976948824,0.14362382514413233,0.07795099870865202,-0.12658773803600049,0.23892734478759994,0.7309305576361521,-0.6311484246206429,-0.2438019281436703,-0.08917850551569642,0.09785982300388307,-0.05085112601434272,0.30368950815219503,0.8573674667519205,-0.32938554280381765,-0.21489845626182041,-0.33203139105138135,0.09704333673683598,-0.092062598557253,0.27053570505178637,0.8245820012090145,-0.44825530609170516,-0.13994210089208398,-0.31551214277849654,0.09926066429325844,-0.13762263093225613,0.25686190172219997,0.7348816671633843,-0.5346016929648263,-0.2657327886273527,-0.3217701822646675,0.0987113127166261,-0.06554348567867023,0.28844854260656333,0.8566948584997178,-0.3372383206576323,-0.16306779605581834,-0.35461687550040005,0.09516007124309238,-0.033847965246468936,0.3187963742511565,0.8573674667519205,-0.32938554280381765,-0.21489845626182041,-0.33203139105138135,0.05463654260282245,-0.09077723942122427,0.2960550309865916,0.4248053373464049,0.8650391037859713,-0.22154836101678774,0.14887611633148512,0.08169490609521136,-0.08303470964734536,0.2563138828172904,0.9442796458095879,-0.19400617535533343,-0.2417150081194737,-0.11077639316893106,0.09341217541169429,-0.13773185915905098,0.2498848060516009,0.7309305576361521,-0.6311484246206429,-0.2438019281436703,-0.08917850551569642,0.06487467916738478,-0.06595290936548501,0.2891768298431896,0.7876538063870903,0.5472290611159873,-0.27653475508247893,0.06058353889891753,0.0557720394594935,-0.11207659683924309,0.282205082919253,0.4248053373464049,0.8650391037859713,-0.22154836101678774,0.14887611633148512,0.00933032276665417,-0.09586479676643622,0.26198726577641124,0.7302764040946735,-0.3456606887404837,0.24609994322264955,0.5353969367000677,0.048574161051842174,-0.14656070188057335,0.242641597545399,0.47337990177115397,-0.6469198359520586,0.008434756121036873,0.5977750825687475,0.022613772911773716,-0.12544645161971865,0.24816431947747103,0.6637750542851689,-0.5369496533896997,0.12500869315171567,0.5054310770717437,0.008249980967500684,-0.07552586318999763,0.2776324302552597,0.7302764040946735,-0.3456606887404837,0.24609994322264955,0.5353969367000677,111,0.09147548520404086,-0.17437668422001423,0.2339709060804757,0.7309305576361521,-0.6311484246206429,-0.2438019281436703,-0.08917850551569642,Static,Right
I,35,10,10,11,0.0,0.0,0.0,-1.0,0.0,0.0,0.0,0.02792603983220449,-0.09424152410512511,0.27553271267062507,0.310789598065863,0.9285815034570432,0.013551549727068768,0.2023921260116401,0.043205850206304054,-0.082489619127367,0.23728340153532093,0.9600560515611525,-0.18281131222708658,-0.20676692173369685,0.046041742575537226,0.060756342546872885,-0.1414003236758211,0.23897874610454403,0.729551991776325,-0.6342215271699161,-0.24046252924971206,-0.0877195405613128,0.026832832163472077,-0.06935555032704345,0.27081895672555845,0.7506546330001402,0.6275765374240334,-0.1148197387903576,0.17170247294200472,0.03706639069230994,-0.10839359505949775,0.2593586357307631,0.310789598065863,0.9285815034570432,0.013551549727068768,0.2023921260116401,0.04384663345715009,-0.09153962530934942,0.2849552445239397,0.3453951690163214,0.9271579928966233,-0.038502849134521934,0.13999201418872514,0.06523285428978402,-0.077915417968479,0.24337713478058082,0.958269159846299,-0.16633010966858922,-0.23130398423549536,-0.023515500885356623,0.07731175234768353,-0.14003999649679158,0.24391770705733734,0.729551991776325,-0.6342215271699161,-0.24046252924971206,-0.0877195405613128,0.04573269091908137,-0.06315426996774422,0.28088625516771204,0.7400956701536773,0.6316462813080191,-0.1738825289036988,0.1518098826545376,0.050023791841345505,-0.10939140278117512,0.2669871831818532,0.3453951690163214,0.9271579928966233,-0.038502849134521934,0.13999201418872514,0.07854128145445007,-0.12578582258479987,0.23863635928784635,0.729551991776325,-0.6342215271699161,-0.24046252924971206,-0.0877195405613128,0.09918580585877525,-0.049718120603054014,0.30277824741359066,0.8564536464161322,-0.333311782648022,-0.21253486654227588,-0.3319929782275006,0.09797222268536487,-0.09113467615033342,0.2698989955595669,0.8228300730104408,-0.45248347753850765,-0.1370901709459949,-0.31530248735823446,0.09992598661001714,-0.13678836243044748,0.25650046218596023,0.7334370106438214,-0.5384980392823218,-0.26330328484215365,-0.320564179686817,0.0998863306704575,-0.06450272289444146,0.2876180473794976,0.8555507173557901,-0.3411402665205287,-0.16075465024872626,-0.35470301804989685,0.0966463795927697,-0.032618280955858704,0.31780367939672277,0.8564536464161322,-0.333311782648022,-0.21253486654227588,-0.3319929782275006,0.055748723233230255,-0.08950539564083343,0.29567967297574343,0.42875792863264667,0.863637832329537,-0.22140360752406335,0.1458656086235254,0.08256486479853997,-0.08213873984491188,0.2557218565697674,0.9441865438359207,-0.19807483538264392,-0.2385358738926517,-0.1112599069457934,0.09403141956891803,-0.13691930936048297,0.24956401610028336,0.729551991776325,-0.6342215271699161,-0.24046252924971206,-0.0877195405613128,0.06603488851376607,-0.06476462897322932,0.28857884242427484,0.790380744366954,0.544424570941006,-0.2748079258462884,0.05814438392228505,0.056703763918312736,-0.110902417189455,0.28196610151759793,0.42875792863264667,0.863637832329537,-0.22140360752406335,0.1458656086235254,0.010236955607958186,-0.09465878699200653,0.2621038776879934,0.7293027037905133,-0.34475501251934326,0.2515822284832827,0.5347596935989284,0.04912065300354099,-0.14561107714388935,0.24270759499962508,0.4725886202266775,-0.6456477536744598,0.013397348715006457,0.5996828205433083,0.023287141707280624,-0.12436921013192843,0.2483344368271651,0.6626487269248429,-0.5363695783262201,0.1303639424457193,0.5061714953067262,0.009380967157361541,-0.07423008941112,0.2776455373136936,0.7293027037905133,-0.34475501251934326,0.2515822284832827,0.5347596935989284,122,0.09184962593021298,-0.17365624437869928,0.2338965802224681,0.729551991776325,-0.6342215271699161,-0.24046252924971206,-0.0877195405613128,Static,Right
I,35,11,11,12,0.0,0.0,0.0,-1.0,0.0,0.0,0.0,0.02841954076495581,-0.09443299309043475,0.27488082251712453,0.3132576791150301,0.9275143517608905,0.012884701307867263,0.20352085452171034,0.04382323047705706,-0.08283755419182148,0.23662260581793915,0.9594504191662414,-0.18473254104278236,-0.20794695448940959,0.04568200477409066,0.06130887018963054,-0.141757737129537,0.2385900001424706,0.7280124977445047,-0.6355484678188729,-0.24131768855445515,-0.08855349440663424,0.027368596335508213,-0.06956505727506024,0.27006443786796813,0.751843004297053,0.6257591885109827,-0.11591144831221335,0.17240090206789332,0.03758654566419348,-0.10867906031711051,0.2588042329611774,0.3132576791150301,0.9275143517608905,0.012884701307867263,0.20352085452171034,0.044310074346966884,-0.0917175093374698,0.2843466663498931,0.34758199014687907,0.9261404902227619,-0.03958636554030171,0.14100876624801276,0.06583632172347889,-0.0782640654917572,0.24276195430838113,0.9576659458315172,-0.16803551915521223,-0.23251175652483586,-0.024047527411348704,0.07785222971836842,-0.14039565226391482,0.24356781113946133,0.7280124977445047,-0.6355484678188729,-0.24131768855445515,-0.08855349440663424,0.04625737537578174,-0.06335163567150648,0.2801700386588272,0.7412448800043376,0.6298190092775102,-0.17514098857524785,0.15234722688954802,0.050500127761723246,-0.10966305641288662,0.26647656579375556,0.34758199014687907,0.9261404902227619,-0.03958636554030171,0.14100876624801276,0.0791085225251124,-0.12616549720540957,0.23823358201102882,0.7280124977445047,-0.6355484678188729,-0.24131768855445515,-0.08855349440663424,0.09976236752703914,-0.0498484377503817,0.3021124106772946,0.8547661065907257,-0.3361735771071324,-0.21320668227390055,-0.3330242329207937,0.0984882384911546,-0.0914205677619392,0.26942393571283557,0.8213681049903564,-0.4540658020493435,-0.13804249986476422,-0.31642211007596144,0.10043240208453148,-0.13712478323151905,0.2561978827024921,0.7319176464560709,-0.5395169945841475,-0.26463744006110274,-0.32122421558624953,0.10042931514764555,-0.06471822060143681,0.28703393237761754,0.853949559308989,-0.34358311959837773,-0.1616061120072543,-0.3558149162766073,0.0972744622648045,-0.032648823448954714,0.31703265914333206,0.8547661065907257,-0.3361735771071324,-0.21320668227390055,-0.3330242329207937,0.0561871865586754,-0.08963576533896338,0.2950974101118458,0.43055945130055995,0.862278920135255,-0.2223926661617513,0.14708883310301643,0.08313030165824055,-0.08245974453952475,0.25517085999519273,0.9434151253825487,-0.1998346323248201,-0.2399062197614917,-0.11170956379283178,0.09455592233934144,-0.1372748108768907,0.24924412181287306,0.7280124977445047,-0.6355484678188729,-0.24131768855445515,-0.08855349440663424,0.06653305948064503,-0.06494216499179953,0.28791739469563643,0.7912407797495487,0.5424151749159872,-0.27616539704964865,0.05879183578180808,0.057139553389865205,-0.11109569571059302,0.28148400161640824,0.43055945130055995,0.862278920135255,-0.2223926661617513,0.14708883310301643,0.010796098720404507,-0.09487416651340261,0.2614405236546286,0.7292386903219004,-0.34654528932807027,0.25189264069960443,0.5335423062358818,0.04966001419239072,-0.14594029523090843,0.24230783212955967,0.47181120221349654,-0.6471257438943042,0.014331584644267363,0.5986794357055224,0.023839502841752777,-0.1246478338442253,0.2478031147144855,0.6621486494935076,-0.5379974045676454,0.13087581214358496,0.5049648309022704,0.009925542200342159,-0.07438846817234178,0.27690674623237643,0.7292386903219004,-0.34654528932807027,0.25189264069960443,0.5335423062358818,133,0.09238080578065293,-0.17406691197499335,0.233704213262849,0.7280124977445047,-0.6355484678188729,-0.24131768855445515,-0.08855349440663424,Static,Right
I,35,12,12,13,0.0,0.0,0.0,-1.0,0.0,0.0,0.0,0.02894680017131754,-0.09455105670717734,0.2742700978951187,0.3157393240067357,0.9264120559756674,0.012539237189768442,0.204724569481548,0.04446299196746811,-0.0830972098790142,0.2360026868906876,0.9588408255862275,-0.1865240834967747,-0.20915606072252496,0.04568128421843417,0.061921216341202345,-0.14201477547311447,0.23822939279431268,0.7265509676018859,-0.6367522559999346,-0.2423336791972036,-0.08913273182453303,0.027920403546199624,-0.06970220460707248,0.2693512835791417,0.752968419887494,0.6239870430245537,-0.11675331004309135,0.17334183967982536,0.0381501548019939,-0.10888718103689275,0.2582951154617966,0.3157393240067357,0.9264120559756674,0.012539237189768442,0.204724569481548,0.04480555847263875,-0.09181235065790153,0.28377878404599854,0.3497355583700346,0.9251331257149267,-0.04041964446360714,0.14205629608702866,0.0664624013591647,-0.07851109669017951,0.24218582510972558,0.9570928952709687,-0.16959666782578867,-0.23370750483849118,-0.024309715473245327,0.07845315560743116,-0.14064239384962807,0.24324581560117794,0.7265509676018859,-0.6367522559999346,-0.2423336791972036,-0.08913273182453303,0.04679954892925605,-0.06346548525372299,0.27949655263979134,0.7423558242097479,0.6280476372327781,-0.17619690851073422,0.1530315165560696,0.05101521453703969,-0.10984731298477948,0.26600698460334404,0.3497355583700346,0.9251331257149267,-0.04041964446360714,0.14205629608702866,0.07972757024768055,-0.12643323300366033,0.23786117026669848,0.7265509676018859,-0.6367522559999346,-0.2423336791972036,-0.08913273182453303,0.10036726668905996,-0.04985370516280592,0.30147355393119835,0.8530691817252027,-0.33931496431274627,-0.21372185585939302,-0.3338581952148989,0.09903659415089427,-0.09158627051445321,0.2689819825662018,0.8199957651024232,-0.45563912814297525,-0.13900547553847767,-0.3172970341643972,0.10099758313783666,-0.13733807019843977,0.2559212175093816,0.730548141630472,-0.5404171652527838,-0.2660857632903942,-0.32163188093623085,0.10099650144615874,-0.06481393043195545,0.28648337219391584,0.8523494371528705,-0.34626057280033024,-0.16233019281219235,-0.3567253302062085,0.0979409777996909,-0.03254890496039017,0.316280525876191,0.8530691817252027,-0.33931496431274627,-0.21372185585939302,-0.3338581952148989,0.0566570712066143,-0.08967433657327092,0.2945587880668855,0.4323405767816084,0.8609803085745648,-0.22312242542486405,0.14836076700906953,0.08372045668478675,-0.08267047147442765,0.2546559964710955,0.9427044784635408,-0.20144275378516122,-0.24127609620584758,-0.1118701418248015,0.09514060498500172,-0.13750974031848198,0.24895275445881596,0.7265509676018859,-0.6367522559999346,-0.2423336791972036,-0.08913273182453303,0.06704913961039488,-0.06502453554129384,0.2872963167674532,0.7921137768229899,0.5404594971615364,-0.27732142369798557,0.05959970178818276,0.057614624174391976,-0.11119794255751855,0.281044469040432,0.4323405767816084,0.8609803085745648,-0.22312242542486405,0.14836076700906953,0.011384517244131302,-0.09502471799230074,0.26080428234713054,0.7290059287313082,-0.3484439861796965,0.25201878863528526,0.5325633056685465,0.05026262454287575,-0.14617843731144323,0.2419354686672592,0.470864314634375,-0.6486139222319788,0.015015759719601174,0.5977970425242937,0.024440947413835533,-0.12485350282947046,0.24729948559332976,0.6615087862959333,-0.5396632530065539,0.1311668004848592,0.5039493719196706,0.010484196658395496,-0.07448404806335877,0.2761955374848105,0.7290059287313082,-0.3484439861796965,0.25201878863528526,0.5325633056685465,144,0.09299273648002082,-0.17435436945664082,0.23353653191381982,0.7265509676018859,-0.6367522559999346,-0.2423336791972036,-0.08913273182453303,Static,Right
I,35,13,13,14,0.0,0.0,0.0,-1.0,0.0,0.0,0.0,0.0293332792614555,-0.09455792523532346,0.27373779128384973,0.31842672087941365,0.9252079121540655,0.012079781339597648,0.20603111803872365,0.044974285243179576,-0.0832556292023978,0.23546160653061463,0.9581828387634322,-0.1884252984761778,-0.21047952771343303,0.04560617071125303,0.06239095911692337,-0.14217448459420218,0.23796033330545532,0.7249894463696693,-0.6380292184927727,-0.2433835126936611,-0.08985257231151925,0.028336355035409717,-0.0697296654714631,0.2687099521669138,0.7541704557237214,0.6220754983499358,-0.11773411591928018,0.17432061270790403,0.038571827829368466,-0.1089918781942911,0.2578712395684762,0.31842672087941365,0.9252079121540655,0.012079781339597648,0.20603111803872365,0.045155301965631486,-0.09179620463632956,0.2832947101849199,0.3520315422007125,0.9240454139896889,-0.04143275515942671,0.14316840775922499,0.06695792918814417,-0.07866036412013824,0.24169214597152877,0.9564706710227371,-0.17125410607103758,-0.2350012047923349,-0.02470466298649068,0.07890851492546151,-0.1407927969253438,0.24301955481647386,0.7249894463696693,-0.6380292184927727,-0.2433835126936611,-0.08985257231151925,0.04720710019861867,-0.06347061524718403,0.27889831691672423,0.7435453300434324,0.6261289987367501,-0.17742765210195274,0.153695306958627,0.0513836996232077,-0.10992795826677695,0.2656275789264543,0.3520315422007125,0.9240454139896889,-0.04143275515942671,0.14316840775922499,0.08020728687348673,-0.12660508160976267,0.23758381507371154,0.7249894463696693,-0.6380292184927727,-0.2433835126936611,-0.08985257231151925,0.10084952144245685,-0.0497519011909032,0.3009127438622666,0.8511617351024027,-0.342788751909771,-0.21419039262298123,-0.3348761681123666,0.09944431020420264,-0.09165598714644226,0.26863273482251115,0.8184946029145217,-0.4573047940417706,-0.1400001668031662,-0.31833765664982044,0.10141657513991374,-0.1374564198536451,0.2557468218608175,0.7290580153387287,-0.5413635349027242,-0.26759859660355817,-0.32216598896188153,0.10143000184235682,-0.06481019999182037,0.2860196344244216,0.8505489020887526,-0.3492149546716675,-0.1630303699629258,-0.3578219935373377,0.09849465771838942,-0.03233272813252428,0.31559712726107886,0.8511617351024027,-0.342788751909771,-0.21419039262298123,-0.3348761681123666,0.05697894676977981,-0.08960320313421336,0.2941045910795946,0.43423333713460244,0.8595639823778081,-0.22401578906076067,0.14969333776502722,0.08417703418073416,-0.08278301017175042,0.25422925595697954,0.9419306750338113,-0.20312807864659882,-0.24275180787431136,-0.11214787946922253,0.0955800828813097,-0.13765015438807884,0.24876195142211768,0.7249894463696693,-0.6380292184927727,-0.2433835126936611,-0.08985257231151925,0.06742785862246749,-0.06500247737309252,0.2867559066993201,0.7930406411085622,0.5383292170248634,-0.27864390752266227,0.06038019913862843,0.05793815232804577,-0.11119255143111204,0.28069745227923193,0.43423333713460244,0.8595639823778081,-0.22401578906076067,0.14969333776502722,0.01183291744530781,-0.09506347127042122,0.2602292397882112,0.7288302190642231,-0.3505218843356847,0.25207427437833335,0.5314127215048529,0.05071914509833285,-0.14631584903916148,0.24165162861326553,0.4699159818605339,-0.6502689647430333,0.015741353227151696,0.5967256097090624,0.024900234606016897,-0.12495157274539752,0.24686799338516321,0.6608902638556324,-0.5414869488633063,0.13143518246075062,0.5027332654231756,0.01089835070752481,-0.07446316926843549,0.27553927174244347,0.7288302190642231,-0.3505218843356847,0.25207427437833335,0.5314127215048529,155,0.09345573328566183,-0.1745507849128639,0.23347438975686904,0.7249894463696693,-0.6380292184927727,-0.2433835126936611,-0.08985257231151925,Static,Right
I,35,14,14,15,0.0,0.0,0.0,-1.0,-8.538092108323348e-19,0.0,0.0,0.029074629605280424,-0.0946619838219088,0.27446044881588394,0.3151265676389476,0.926129643957185,0.012316957421835431,0.20694787148386531,0.044734129147472504,-0.08311445508903505,0.23628348252400133,0.9585293215652672,-0.18558584778858125,-0.21137533425444854,0.04582467532937207,0.06233388208978952,-0.14198712858849885,0.23844751126570662,0.7270078567266884,-0.6352918538670268,-0.24451084554260058,-0.08987926946691274,0.028029523212674514,-0.06980559738037076,0.26958560443918317,0.7519782665724575,0.6244396576716842,-0.11802353143298165,0.17514064793085535,0.03836442709955337,-0.10896854156824033,0.2585096861392504,0.3151265676389476,0.926129643957185,0.012316957421835431,0.20694787148386531,0.04489211054630879,-0.09193188387244451,0.28404708221589137,0.3487620099128603,0.9251642745438069,-0.04057044106573653,0.1441879497777305,0.06669593327766757,-0.07849073527451811,0.24257010056741632,0.9568460957635894,-0.16815766934981088,-0.23577294829200557,-0.024076214704785184,0.07884489583549004,-0.14058538590102226,0.24352918259779746,0.7270078567266884,-0.6352918538670268,-0.24451084554260058,-0.08987926946691274,0.046854082644863765,-0.06357210209963075,0.27983721235057785,0.7411430766741868,0.6287389829690533,-0.17733704671245526,0.15474431510160716,0.051202722527781644,-0.10992745767141884,0.2662697732782327,0.3487620099128603,0.9251642745438069,-0.04057044106573653,0.1441879497777305,0.08009802715231326,-0.12636799978524232,0.23817180376691172,0.7270078567266884,-0.6352918538670268,-0.24451084554260058,-0.08987926946691274,0.10044541759913736,-0.04989481224832334,0.3020749067036842,0.8524604037623575,-0.3400262738919207,-0.2134162250484941,-0.33488342444281327,0.09919056360213976,-0.09155729388065864,0.2694658795534985,0.8208202068656719,-0.4533252525755034,-0.14010256473738203,-0.3179963438977866,0.1013197082532154,-0.13726819311566238,0.25629160450011734,0.7311139802143686,-0.5384399711642994,-0.2678404446247312,-0.3222052786825793,0.10105910744428676,-0.06485398201646195,0.287082238808277,0.8520125254991413,-0.3461957531346216,-0.16231071295389607,-0.3576008799828729,0.09806488521705094,-0.03256933884988025,0.316865882807298,0.8524604037623575,-0.3400262738919207,-0.2134162250484941,-0.33488342444281327,0.05667813091915862,-0.08980292112114877,0.29491954327005776,0.4317252259641182,0.8608872535080585,-0.2235741469719538,0.15000355602233617,0.08391232220386144,-0.08263974444104008,0.25510039363175224,0.9426386882037905,-0.19951425080215837,-0.24327612685128655,-0.11154861421159436,0.09549225323782387,-0.13743512506572841,0.24929793230536618,0.7270078567266884,-0.6352918538670268,-0.24451084554260058,-0.08987926946691274,0.06706648134356763,-0.06513184968895273,0.28772423050081924,0.7912405372788542,0.5409911001676773,-0.27848552808196925,0.060933179425852003,0.05770007262599996,-0.11132120059814958,0.2814010460718667,0.4317252259641182,0.8608872535080585,-0.2235741469719538,0.15000355602233617,0.011648498281715578,-0.09516222893052848,0.261048407027805,0.7288268965920657,-0.3489662503874301,0.24958865484576515,0.5336097958872169,0.05067482475707287,-0.14618231730438525,0.24211777539115129,0.4712447821392822,-0.6485568997128244,0.013007442772239744,0.5976061492102611,0.024801008063313874,-0.12492397937173333,0.2474903795119604,0.6618593698267767,-0.5394529304489304,0.1291152848532436,0.5042439425712808,0.0106211192769293,-0.07465861044317784,0.2764827475160052,0.7288268965920657,-0.3489662503874301,0.24958865484576515,0.5336097958872169,166,0.09350003508745518,-0.17424427957437055,0.23377451837027324,0.7270078567266884,-0.6352918538670268,-0.24451084554260058,-0.08987926946691274,Static,Right
I,35,15,15,16,0.0,0.0,0.0,-1.0,0.0,0.0,0.0,0.028778548680025353,-0.09463371096929063,0.27516497334699447,0.3124053762733448,0.9268158609975029,0.012503592552416972,0.20798774207210027,0.04447220658286863,-0.08288547257381751,0.23707885796052255,0.9587364169962059,-0.18328714826549294,-0.2123953785692393,0.04602724376290418,0.06224072622381271,-0.14171249936558797,0.23897816483664486,0.7286216670646859,-0.6329538417925679,-0.2457315867061009,-0.08997715120412075,0.02769172958534089,-0.06975458055391309,0.27041470671973455,0.750126850894641,0.6263316509002235,-0.11841821453992049,0.17605538081145686,0.0381224089428637,-0.1088334238366179,0.25914980051389613,0.3124053762733448,0.9268158609975029,0.012503592552416972,0.20798774207210027,0.04458842778743223,-0.09192835100737408,0.2847831881546205,0.34602721059140357,0.9260434390845615,-0.03983409006246764,0.14533397306777845,0.06641100217297739,-0.07823218617834345,0.24342406645017212,0.9570801494347136,-0.16559281067453377,-0.23669607650286179,-0.023485654751051487,0.07874194490306137,-0.14028978207890164,0.24408661564112352,0.7286216670646859,-0.6329538417925679,-0.2457315867061009,-0.08997715120412075,0.04647128176526233,-0.06354064202182048,0.28072903664663634,0.7390777110589456,0.6308716969345811,-0.1773852613716512,0.15588299480976972,0.050980920355466294,-0.10980891721915773,0.2669200025004979,0.34602721059140357,0.9260434390845615,-0.03983409006246764,0.14533397306777845,0.07995541537811614,-0.12604678126151733,0.2387942179687861,0.7286216670646859,-0.6329538417925679,-0.2457315867061009,-0.08997715120412075,0.10001394498807889,-0.049891883090802,0.3031874422590344,0.8534346097011719,-0.33784957146455746,-0.21285144833268949,-0.33496461748683215,0.09890134233139322,-0.09134822102816513,0.27030051115940945,0.8227953510088146,-0.44978840056790087,-0.14042679467800753,-0.31777117617762624,0.10118159730692715,-0.13698309953165339,0.2568886260115851,0.7327850819484701,-0.5358800166255758,-0.2683133569868657,-0.32228337518026795,0.10065717254512,-0.06476957071761066,0.288115708742648,0.8531535521453208,-0.3437274716679131,-0.1618213907728333,-0.357483257189692,0.09761285882591819,-0.0326393439815183,0.3180602221109825,0.8534346097011719,-0.33784957146455746,-0.21285144833268949,-0.33496461748683215,0.05633343873643485,-0.08985469807858086,0.2957194238570328,0.4296814813375034,0.8619038965847721,-0.22324678283278915,0.15052033617556387,0.08361988004619643,-0.08239873308440589,0.25595858224553547,0.9431719560296643,-0.19641137666250882,-0.24399455547364768,-0.11097697678317041,0.095364798266384,-0.1371297131165453,0.24988564747537198,0.7286216670646859,-0.6329538417925679,-0.2457315867061009,-0.08997715120412075,0.06667105072781043,-0.0651244850499225,0.288654084666807,0.7897042160738658,0.5431453523589429,-0.27850350618545905,0.06161310224657554,0.05741652950867768,-0.11131497335989708,0.28211423086945575,0.4296814813375034,0.8619038965847721,-0.22324678283278915,0.15052033617556387,0.011429690335733694,-0.09513849245410515,0.26183615060069426,0.7287430100678238,-0.34790167284995077,0.2472710727537674,0.5354951614017579,0.050591261906281784,-0.14595419152363046,0.24262624635313765,0.47228619762654533,-0.6472281951159851,0.010578957174924896,0.5982720924825553,0.02466558094820443,-0.12479111156306254,0.2481193303177785,0.6626142250902259,-0.5378731740781284,0.12699407564971243,0.5054773408028037,0.010308651980158581,-0.07471570948825174,0.27736947757642544,0.7287430100678238,-0.34790167284995077,0.2472710727537674,0.5354951614017579,177,0.09350082519599963,-0.17386137287029718,0.2341644516516601,0.7286216670646859,-0.6329538417925679,-0.2457315867061009,-0.08997715120412075,Static,Right
I,35,16,16,17,0.0,0.0,0.0,-1.0,0.0,0.0,-4.336808689942019e-19,0.029300029940991085,-0.09399171021369707,0.275231528511109,0.31340729529282096,0.9269828922118785,0.013643709921649655,0.20565124357346687,0.04480037271800364,-0.08234229117809654,0.23703472944458898,0.9590231624072606,-0.1844236326305818,-0.20993039902594507,0.04681586545739553,0.06258330670903238,-0.14116219524085394,0.23901494501839463,0.728340957394088,-0.6341960946228103,-0.24406106074970757,-0.0880281885146244,0.028186819886297055,-0.06912518917789912,0.27041949516227026,0.7512584145278008,0.6257655534493032,-0.11627257735880206,0.17466812666254677,0.03856562573077391,-0.10822662523497366,0.2592018261745901,0.31340729529282096,0.9269828922118785,0.013643709921649655,0.20565124357346687,0.04516025031637866,-0.0912292276144126,0.28475141346486715,0.3473201170531352,0.9259561953434445,-0.03874697357117918,0.14308225827950793,0.0667707213057194,-0.07767025222596777,0.24325667841288234,0.9573947909668874,-0.16723410939434977,-0.2343236552427367,-0.022812090615105873,0.07911037264123447,-0.13972348628152745,0.24403511027493732,0.728340957394088,-0.6341960946228103,-0.24406106074970757,-0.0880281885146244,0.04702108300119908,-0.06285248169682911,0.28061370723459694,0.7403422722509297,0.6302928959719918,-0.1753146595072787,0.1545605233150343,0.05146446483390542,-0.10915635485935521,0.26690301768091385,0.3473201170531352,0.9259561953434445,-0.03874697357117918,0.14308225827950793,0.08029575712282008,-0.12549699334680225,0.23869536567345784,0.728340957394088,-0.6341960946228103,-0.24406106074970757,-0.0880281885146244,0.10060754887270948,-0.04922108185431988,0.3028466560883836,0.8539513895166869,-0.33852903041061627,-0.21156225466513792,-0.33377617097805395,0.09939644135958921,-0.0907081975874139,0.27000833628147924,0.8228803575699825,-0.4510146883822824,-0.13896503558106751,-0.31645281935050495,0.10161150509801298,-0.1363802103618171,0.25671397462815104,0.7327046250180523,-0.537708016126697,-0.26695746881142873,-0.3205428703247697,0.10121471249952241,-0.06410432975837137,0.28777895944434334,0.8536020919693506,-0.34444890805997014,-0.16055333758003107,-0.3562878669190904,0.09824040956444807,-0.03196434897423561,0.31772040513832717,0.8539513895166869,-0.33852903041061627,-0.21156225466513792,-0.33377617097805395,0.05696334194837528,-0.08916982013060801,0.29561698513608353,0.4310938288400128,0.861858268732335,-0.22194755350235246,0.1486530149310141,0.08404235677093927,-0.08180046443967204,0.25571758557995206,0.9435471718859383,-0.19781067227622717,-0.24175507779076996,-0.1102005205162546,0.0957604144611042,-0.13654791068929972,0.24974010633581573,0.728340957394088,-0.6341960946228103,-0.24406106074970757,-0.0880281885146244,0.06725786039084353,-0.06444841187688928,0.2884567878629183,0.7908604956530673,0.542631843268506,-0.2764247481561694,0.06066067666294868,0.0579834364592179,-0.11065717436029353,0.28205039266055876,0.4310938288400128,0.861858268732335,-0.22194755350235246,0.1486530149310141,0.011881789154679672,-0.09454828849268831,0.2620480033554674,0.7275063006068093,-0.347279673512506,0.24993435886309348,0.5363433855303305,0.05095357563808106,-0.14539363765786276,0.24273572777057043,0.4713399892477316,-0.6460887265424367,0.012507760523139403,0.6002095699815329,0.025049949626180155,-0.12422732366829879,0.24832615078951628,0.6615062546032153,-0.5372300571760464,0.1293976672571648,0.5070005764255621,0.010842113428737726,-0.0740883010421212,0.27753880555895316,0.7275063006068093,-0.347279673512506,0.24993435886309348,0.5363433855303305,188,0.09382087489334619,-0.17332372100284016,0.23413305638883344,0.728340957394088,-0.6341960946228103,-0.24406106074970757,-0.0880281885146244,Static,Right
I,35,17,17,18,0.0,0.0,0.0,-1.0,1.3552527156068805e-20,6.940587969801737e-18,0.0,0.029691235808480432,-0.09286682660049182,0.2754433260115761,0.3135107871073937,0.9273337939583441,0.01438556193702837,0.2038530759097878,0.04504529227997721,-0.08126319718165727,0.23717941665588627,0.9593179217841376,-0.18490391200001102,-0.2080610917885706,0.04722552651483893,0.06287843743313906,-0.14006474219527074,0.23916065211848536,0.7285509103150012,-0.6346007623271488,-0.24293313087516913,-0.08648085022808748,0.028561351065970113,-0.06800537621762377,0.2706110000365578,0.7517906603282908,0.625729425973374,-0.11476151676233991,0.17350297629894343,0.038895999125149586,-0.10710484870513282,0.25938124221675507,0.3135107871073937,0.9273337939583441,0.01438556193702837,0.2038530759097878,0.045590804813285236,-0.09009863934310447,0.2848988339709345,0.3475661442731563,0.9261628996466136,-0.03779876874495004,0.1413906353144862,0.06703558326480887,-0.07657106344802114,0.24331333061257865,0.9577653209209241,-0.16770064797720727,-0.23252497364139774,-0.022231044562306852,0.07942629880286498,-0.13860907406540562,0.24411124858598576,0.7285509103150012,-0.6346007623271488,-0.24293313087516913,-0.08648085022808748,0.04742444097281216,-0.061723400723343626,0.2807307948988885,0.7408932958606101,0.6303328215277813,-0.17370821487407503,0.15356794697752144,0.051835493113078696,-0.10802949639117836,0.26703353860365997,0.3475661442731563,0.9261628996466136,-0.03779876874495004,0.1413906353144862,0.08057542290078822,-0.12439299639620002,0.23874280649253946,0.7285509103150012,-0.6346007623271488,-0.24293313087516913,-0.08648085022808748,0.1009862905077188,-0.04813513108591635,0.30286440806214304,0.8548289487509464,-0.33798256898565493,-0.21049484464462018,-0.3327569260244574,0.09977087558115338,-0.08956407291058448,0.26995282435906753,0.8237531759142975,-0.45054590520596877,-0.13805225912764227,-0.31524699240912213,0.10196603389306619,-0.13524610676143517,0.25668983916585514,0.7330774734612616,-0.5385463702232314,-0.26589145910595124,-0.3191660335899543,0.10158512086348889,-0.06298835850662275,0.2877665754231918,0.8544722246083792,-0.34390501300498805,-0.1595012067138944,-0.3551984296976241,0.09862475316621763,-0.03091069436995889,0.3177756942978328,0.8548289487509464,-0.33798256898565493,-0.21049484464462018,-0.3327569260244574,0.05743702591284234,-0.08808637327348183,0.2957013114610964,0.431136873279327,0.8624058107701098,-0.22058514444466995,0.14737505928480346,0.08435709322201555,-0.08067904767537372,0.25571197765127657,0.9440604291123469,-0.19784031646648886,-0.24013733117156846,-0.10928484589570278,0.09608955690882778,-0.13542393322357044,0.2497385353311001,0.7285509103150012,-0.6346007623271488,-0.24293313087516913,-0.08648085022808748,0.06767293477764486,-0.06334821278636575,0.2885144134915169,0.791212248235308,0.5430795096093026,-0.27463940179065643,0.06017494054022253,0.05844059208945933,-0.10956463681125331,0.28212024952429693,0.431136873279327,0.8624058107701098,-0.22058514444466995,0.14737505928480346,0.012272385577898663,-0.09353015812645693,0.2625857750032689,0.7267191682620769,-0.3444997350855689,0.2525331327285008,0.5379834568839246,0.051269592002842625,-0.14429364805349895,0.24294618775003457,0.4709462084674776,-0.6438704116594804,0.013342358216199895,0.6028785476335918,0.025366363910412717,-0.12318007608901226,0.24872915751409133,0.6610603807429444,-0.5349772083475448,0.1313487319373432,0.5094566420993184,0.011361323710285549,-0.07309436371580427,0.2781150091788141,0.7267191682620769,-0.3444997350855689,0.2525331327285008,0.5379834568839246,200,0.09411434812275296,-0.17221492094671514,0.23417120358777233,0.7285509103150012,-0.6346007623271488,-0.24293313087516913,-0.08648085022808748,Static,Right
I,35,18,18,19,0.0,0.0,0.0,-1.0,0.0,0.0,0.0,0.030044443446245423,-0.09178132198906806,0.27565629883234016,0.3136937209379186,0.9276403613449856,0.014888270516330047,0.20213349264508484,0.045268156064741966,-0.08023546016052611,0.2373290808567859,0.9595731370492403,-0.18550444777816408,-0.20630122977654167,0.04740566528048146,0.06313483966983491,-0.1390218325183475,0.23932234726223298,0.7286968160881058,-0.6350364188914224,-0.24182988475565653,-0.08513520860185508,0.0289084789115944,-0.06692515826014035,0.2708013443261926,0.7523698905943507,0.6256018838718118,-0.11349664520829829,0.1722798367469237,0.03918724493771404,-0.10602809409835738,0.25956746868986014,0.3136937209379186,0.9276403613449856,0.014888270516330047,0.20213349264508484,0.04598190070067132,-0.08901931324771296,0.2850542769646847,0.34783432317938456,0.9263366225930257,-0.037056159365888804,0.13978049332555564,0.06727770360865376,-0.0755293647914516,0.2433837679906899,0.9580963386735033,-0.16818268207905251,-0.23084567832214015,-0.021823475184197937,0.07970307504670768,-0.13755476831528102,0.24420849299487576,0.7286968160881058,-0.6350364188914224,-0.24182988475565653,-0.08513520860185508,0.047799758380513487,-0.06064765885557202,0.2808566722299876,0.7414644051821707,0.6302903146368621,-0.1723205442943991,0.15254600990159442,0.05216579363495068,-0.10695780845122675,0.2671757038949209,0.34783432317938456,0.9263366225930257,-0.037056159365888804,0.13978049332555564,0.0808193201744791,-0.12335108965783881,0.23880954176238203,0.7286968160881058,-0.6350364188914224,-0.24182988475565653,-0.08513520860185508,0.10132997874218125,-0.047119428847596186,0.30291101878305027,0.8556004857797912,-0.3374802939798497,-0.2094623419380953,-0.3319343116016601,0.10010973555714768,-0.08848655828433635,0.2699214016629114,0.8246094433397949,-0.44993752607704096,-0.13723672321167668,-0.3142317144793427,0.10227761055938361,-0.13417967863706617,0.25669235413840585,0.7333505488834264,-0.539382163124365,-0.2648683409757177,-0.31797581119391644,0.10191872919405705,-0.06194357783505741,0.28778501092562253,0.8552454875783067,-0.3433736289937464,-0.15849004268827183,-0.3543029963989573,0.09897844273662909,-0.029923821998484722,0.3178580749649675,0.8556004857797912,-0.3374802939798497,-0.2094623419380953,-0.3319343116016601,0.057868090491416765,-0.08706367772820911,0.2957971804350335,0.43112920070976885,0.8629173384528502,-0.21937926591189102,0.14619855327863132,0.08464419243528837,-0.07962007847885123,0.2557254643636403,0.9445266512232355,-0.19783635958313028,-0.2386616191135429,-0.10849337084825544,0.09637584108743252,-0.13436559744482468,0.24976165819233606,0.7286968160881058,-0.6350364188914224,-0.24182988475565653,-0.08513520860185508,0.06805101859514882,-0.06231071337150669,0.2885861072284954,0.7915302006730525,0.5434742903478075,-0.2730437000574066,0.059688985687356505,0.05885503720089605,-0.10853164286515832,0.28219962627734096,0.43112920070976885,0.8629173384528502,-0.21937926591189102,0.14619855327863132,0.012642335814336443,-0.09256037694783009,0.2631572536952633,0.726046616809236,-0.34143878132545513,0.2552577798590987,0.5395547559314572,0.051546454812851,-0.1432461898188595,0.24317191773230312,0.47065103103280126,-0.6415536341831285,0.014200475511284075,0.6055533733284253,0.025648231524026382,-0.1221817493256169,0.24915490663324713,0.6607331597499332,-0.5325392096496218,0.13339682066084385,0.5118974213943691,0.01187459599804563,-0.07215276844951975,0.27873229796339216,0.726046616809236,-0.34143878132545513,0.2552577798590987,0.5395547559314572,211,0.09436101405107002,-0.17117180292146944,0.23423433030166058,0.7286968160881058,-0.6350364188914224,-0.24182988475565653,-0.08513520860185508,Static,Right
I,35,19,19,20,0.0,0.0,0.0,-1.0,0.0,0.0,0.0,0.03033017739821618,-0.09117929287366677,0.27557059054995486,0.31730720952968167,0.9266236575866712,0.014368340786856672,0.2011921538336398,0.04555918832073397,-0.07995803925880042,0.23713838593412928,0.9590570282649022,-0.18926034730079755,-0.2054272926226268,0.04679492409453977,0.06326712787372538,-0.1387753845701105,0.23954371258922166,0.7263950454156735,-0.6380215808168511,-0.24094371024351208,-0.08499899353297517,0.029269591602374793,-0.06635606063155519,0.27052812728049475,0.755053379134586,0.6226380291289428,-0.11351184103389052,0.17126395208848103,0.0394169867542568,-0.10556804040334948,0.25957529495237314,0.31730720952968167,0.9266236575866712,0.014368340786856672,0.2011921538336398,0.04628688404698382,-0.08839573958894446,0.2849309707257963,0.3514445911624412,0.9250648195456584,-0.037788465754909746,0.13897413729724287,0.06758739640371746,-0.07526886655934821,0.243140768048548,0.9575583658007756,-0.17196104327150602,-0.2302448727144921,-0.022331015888461547,0.07984276260412658,-0.13731887824880945,0.24440419894557813,0.7263950454156735,-0.6380215808168511,-0.24094371024351208,-0.08499899353297517,0.048186138555127545,-0.06006158181780402,0.2805229460306042,0.7440828741563031,0.6273678553277495,-0.17238373771536633,0.15176988324445354,0.05240027773814594,-0.10648274957946373,0.26717819310707674,0.3514445911624412,0.9250648195456584,-0.037788465754909746,0.13897413729724287,0.0809922495144737,-0.12315881032687483,0.2388981471578508,0.7263950454156735,-0.6380215808168511,-0.24094371024351208,-0.08499899353297517,0.10177253919504765,-0.046555827756560336,0.302474312928708,0.8539932806232279,-0.34100154933836896,-0.2095012100842963,-0.33244948935503593,0.10040616251569462,-0.08812499244797072,0.2697422683450205,0.8228751810811561,-0.45266638236056467,-0.13733560722718996,-0.3148150467001106,0.10243576046690693,-0.1339193236087743,0.2568405599817421,0.7310809981430653,-0.5425170330526962,-0.2649487276425324,-0.31780184820488794,0.10229632915854518,-0.061481164240627655,0.2874459238296893,0.8536123231011404,-0.3466725109172581,-0.15865580207853233,-0.35495423436129814,0.09949770706943498,-0.029248733686813175,0.3173042803818486,0.8539932806232279,-0.34100154933836896,-0.2095012100842963,-0.33244948935503593,0.05818209438899805,-0.08641617703686635,0.29565722631764424,0.4346481866148015,0.8610579310310612,-0.21990702545672974,0.1459489411943304,0.08495263098097683,-0.0793182690903537,0.2554968539667763,0.9438183289845211,-0.2013421683384834,-0.23838374937888912,-0.1088185698935952,0.09652810847090822,-0.13413754274668757,0.24991666134715615,0.7263950454156735,-0.6380215808168511,-0.24094371024351208,-0.08499899353297517,0.06843074063060316,-0.06174753945458589,0.2882541681624942,0.7937384214622373,0.5401913775393546,-0.2732392678456413,0.05926969237264826,0.059092371534623135,-0.107988691471415,0.2822173289412002,0.4346481866148015,0.8610579310310612,-0.21990702545672974,0.1459489411943304,0.012900527507280986,-0.09204297771171617,0.2631618532177383,0.7249597589938103,-0.3435336401724116,0.25774102205461197,0.5385049224099744,0.051670359666193835,-0.14293850456010623,0.24343818920228336,0.4691953342838363,-0.6424486821750284,0.017329539948102747,0.6056526365030006,0.02582905651122542,-0.12178084239428809,0.24933706027479646,0.6592776817867814,-0.5341965512375767,0.13615233638849256,0.5113213512456538,0.012170540980019875,-0.07152649057034877,0.27859411643633725,0.7249597589938103,-0.3435336401724116,0.25774102205461197,0.5385049224099744,222,0.09439802151995998,-0.17104976088630267,0.234656594912344,0.7263950454156735,-0.6380215808168511,-0.24094371024351208,-0.08499899353297517,Static,Right
I,35,20,20,21,0.0,0.0,0.0,-1.0,0.0,0.0,0.0,0.02987240697827202,-0.09097370590240313,0.2762853018560842,0.3136012178023787,0.9272021130748052,0.013524430083619227,0.20437124918489555,0.04531117650279,-0.07942286732779229,0.23803468036058306,0.9591139428251226,-0.18545307320503454,-0.2087043581657701,0.046369097466626714,0.06311577852485878,-0.13822221176427893,0.24015394572272147,0.7278825903398428,-0.6350428834270375,-0.2435414211054807,-0.0871495673813568,0.028792025431731153,-0.06611405794602977,0.271429966625735,0.752112715657817,0.6251541522722585,-0.11585577451372732,0.1734537066608901,0.03908317110944111,-0.10522154339792804,0.2602365381398011,0.3136012178023787,0.9272021130748052,0.013524430083619227,0.20437124918489555,0.04575955045749101,-0.08818823045443767,0.2857582606124333,0.3478302311708712,0.9259246441806458,-0.03840817400621627,0.14213548378948465,0.06729146626186573,-0.07473397502721618,0.2442066709714532,0.9574258872311789,-0.1684127177645983,-0.23335810110104985,-0.022733754754630985,0.07965851655614353,-0.13676789359425087,0.2451274191657602,0.7278825903398428,-0.6350428834270375,-0.2435414211054807,-0.0871495673813568,0.04762511311869504,-0.059818741126838146,0.28156861620647966,0.7410883096149621,0.6297680943239828,-0.17460467871012267,0.15392683617911437,0.05202545105383819,-0.10613344434792045,0.26791499765315785,0.3478302311708712,0.9259246441806458,-0.03840817400621627,0.14213548378948465,0.08081506431542061,-0.12256942889273259,0.2397237319616141,0.7278825903398428,-0.6350428834270375,-0.2435414211054807,-0.0871495673813568,0.1009081213127758,-0.046484769606838144,0.3041049637209582,0.8556828265699772,-0.33434095069779657,-0.21203532214035928,-0.33326273593749145,0.09996672078378788,-0.08771081955825048,0.2709277182740006,0.8252566138539453,-0.4468029676775229,-0.13986985620926692,-0.31584023285338025,0.10216457530256241,-0.13341184148247215,0.25772715277110947,0.7323853945921444,-0.5387664260211307,-0.2666779132305101,-0.31972685620001856,0.10161303157310458,-0.061247988124449405,0.2889239760875352,0.8554513250336551,-0.3403767797726197,-0.16093606340235816,-0.3555928314608403,0.09843240342967174,-0.02935422732602278,0.31910694419449814,0.8556828265699772,-0.33434095069779657,-0.21203532214035928,-0.33326273593749145,0.05757632464227666,-0.0863183421048904,0.29657492472046637,0.4302988887742784,0.8625914979974122,-0.22083254190018187,0.14836361528389042,0.08458703383680585,-0.07883619431256512,0.2566447706734009,0.9439764959242668,-0.1969313688837156,-0.2412181146331929,-0.1092713698318852,0.09630081185865069,-0.13359472433148536,0.2507645267480215,0.7278825903398428,-0.6350428834270375,-0.2435414211054807,-0.0871495673813568,0.067812123499045,-0.06156722819100546,0.2894345259370882,0.790627824934869,0.5434856892624658,-0.27536491197040147,0.06086964153988234,0.05862621863893865,-0.10777930235323194,0.2829683769652539,0.4302988887742784,0.8625914979974122,-0.22083254190018187,0.14836361528389042,0.012522354321435631,-0.09173630989413369,0.2637732098664607,0.7263052179716353,-0.34323854280757543,0.25320264311782087,0.5390328882328584,0.05150310536823763,-0.14243174809497944,0.24394928418430864,0.47089865909257705,-0.6427441985828964,0.013293927808148273,0.6041172233402016,0.025590125756356795,-0.12135769638811292,0.2498305529496832,0.6610312311125779,-0.5337000289973026,0.13190710600138325,0.5106882668795203,0.011642730832224193,-0.07132244084812167,0.27933358897782873,0.7263052179716353,-0.34323854280757543,0.25320264311782087,0.5390328882328584,233,0.0943377484272225,-0.17040487625266543,0.23523971375385544,0.7278825903398428,-0.6350428834270375,-0.2435414211054807,-0.0871495673813568,Static,Right
I,35,21,21,22,0.0,0.0,0.0,-1.0,0.0,0.0,0.0,0.02950798926144196,-0.09080951586737067,0.2769430957627946,0.30994357888056817,0.9277731842587736,0.012835743066056254,0.2073816293237733,0.045137205410199346,-0.0789304259144735,0.2388708751621204,0.959177084102039,-0.1816599720503642,-0.21179139637763783,0.04608015091752257,0.06304781752232698,-0.13770607746942998,0.2407126550238993,0.7293191918322011,-0.6321511716711761,-0.2460475135108874,-0.08910125518248434,0.02840121494862513,-0.06591615556112099,0.2722726618125369,0.749177146058403,0.6276830689145726,-0.11796866579084045,0.17558747880557807,0.03884022616786582,-0.10491765791704208,0.26084040119857116,0.30994357888056817,0.9277731842587736,0.012835743066056254,0.2073816293237733,0.04532950531810746,-0.08801192795739216,0.28652237634928013,0.34429169776297164,0.9267584967801195,-0.038851451978711225,0.14516363241697214,0.06707101628686948,-0.07423925926971067,0.24520342314358332,0.9572955281738144,-0.16497093509381827,-0.23630733574510335,-0.022993594450199467,0.07955828752175093,-0.136251319695805,0.24579335942567276,0.7293191918322011,-0.6321511716711761,-0.2460475135108874,-0.08910125518248434,0.04715165812923301,-0.05960929076338002,0.28254358148673414,0.7381481925632092,0.632134368732213,-0.1766030295518326,0.15606010264096568,0.05174264310708673,-0.10581699977718668,0.2685909675872357,0.34429169776297164,0.9267584967801195,-0.038851451978711225,0.14516363241697214,0.08071720173965669,-0.12201675410552956,0.24048776668859956,0.7293191918322011,-0.6321511716711761,-0.2460475135108874,-0.08910125518248434,0.10011178978680858,-0.0464552581448251,0.30565611305907087,0.8574807627040469,-0.32743521356158456,-0.21461385666561827,-0.33384699345579705,0.09961361828866336,-0.08732595357518574,0.27203290040475797,0.8277137933053028,-0.44083073206985884,-0.14242865721099926,-0.31665789053799154,0.10198188774666091,-0.13293459646251307,0.25854646296744477,0.733670890781788,-0.5351477236096911,-0.2683396726321413,-0.3214619075823741,0.10100453745235219,-0.06105012067577009,0.2903228225019699,0.8573772012482017,-0.3339367533168239,-0.16322847876325267,-0.35601550989339475,0.09742390323722563,-0.029511836133897407,0.3208318163197498,0.8574807627040469,-0.32743521356158456,-0.21461385666561827,-0.33384699345579705,0.05706936034393576,-0.08625434409775727,0.2974212814295569,0.4259843734415577,0.8641410687987716,-0.22156472922783466,0.15068708491810617,0.0843003619361046,-0.07838811299965795,0.25771742626914973,0.9441494732753128,-0.19257952618002003,-0.24390379471737153,-0.10957115100561254,0.09616001018323446,-0.13308369858222313,0.25154864379327563,0.7293191918322011,-0.6321511716711761,-0.2460475135108874,-0.08910125518248434,0.06728254815227662,-0.06142126004594197,0.29053875585626326,0.78756238661967,0.5467709530630371,-0.2772784802018185,0.06247924843847866,0.05826067981602274,-0.10760365365735527,0.28365129289492547,0.4259843734415577,0.8641410687987716,-0.22156472922783466,0.15068708491810617,0.012235654606187012,-0.09145813187815668,0.26432360314908654,0.7275559871001549,-0.3430160121478708,0.24885204533313574,0.5395136333573103,0.05142308614599905,-0.14196343763731364,0.24441412551940964,0.47246628118269524,-0.6430659159957373,0.009435139057038723,0.6026216217336814,0.025439102945396537,-0.12096891036306599,0.25027370737835414,0.6626667548707882,-0.5332645736000131,0.12784422615472632,0.5100563894032836,0.011211525014557876,-0.07114201776356904,0.2800023558693319,0.7275559871001549,-0.3430160121478708,0.24885204533313574,0.5395136333573103,244,0.09436339229204319,-0.16979524887888772,0.2357721002881693,0.7293191918322011,-0.6321511716711761,-0.2460475135108874,-0.08910125518248434,Static,Right
I,35,22,22,23,0.0,0.0,0.0,-1.0,-8.673617379884035e-19,6.938893903907228e-18,0.0,0.02926973942916073,-0.09075092074226525,0.27756740525533646,0.3063015342185193,0.9283790421544756,0.012245762991695332,0.2100994181630946,0.045063804002863965,-0.07854581340107136,0.23966717623186443,0.9592833549163117,-0.17785019892903808,-0.21457433985615154,0.04585416444232652,0.06308034521449835,-0.13729605340018797,0.24123102814802339,0.730770165253677,-0.6293279844074005,-0.24832616343373048,-0.09085906763288129,0.02813069958808277,-0.06582414660023375,0.2730845655177824,0.7462510439200175,0.6302634899906956,-0.11983745687679889,0.17752829791989164,0.038713125775093435,-0.10471995474855908,0.2614077097986622,0.3063015342185193,0.9283790421544756,0.012245762991695332,0.2100994181630946,0.04502968707791085,-0.08793739725251175,0.28724244916641306,0.34079169036111,0.9276020838536656,-0.039171578536803656,0.14792222701842206,0.0669539811473306,-0.07385199390451,0.24614761480634162,0.9572052943988265,-0.16159598530087663,-0.23897082117923374,-0.023188543171524023,0.07956192684568802,-0.13584135496241623,0.24640797014012403,0.730770165253677,-0.6293279844074005,-0.24832616343373048,-0.09085906763288129,0.04680412865153327,-0.05950293584229882,0.2834726775005274,0.7352625176158343,0.6345116365818579,-0.17836193870550976,0.15802225176426624,0.05158188170386755,-0.10560168453135507,0.2692226454628741,0.34079169036111,0.9276020838536656,-0.039171578536803656,0.14792222701842206,0.08071932409909052,-0.12157185618809396,0.24119890426153978,0.730770165253677,-0.6293279844074005,-0.24832616343373048,-0.09085906763288129,0.0994360254412179,-0.04654564290619419,0.3071358663196185,0.8593650310976215,-0.3203811478325976,-0.2170568980990686,-0.33426631063818235,0.09937887034037596,-0.08704704861848321,0.2730656611305826,0.8302332653906616,-0.4348035882743808,-0.14483614377601475,-0.3173027830299882,0.10190947316149758,-0.13256351029556687,0.2593005122479768,0.7349795049925459,-0.5316701213040276,-0.2697894072704422,-0.3230258272617473,0.1005145523269293,-0.06096588530672093,0.2916500567551544,0.8593693384568933,-0.3274230472102695,-0.16535872791489256,-0.35627935581236203,0.0965327481753949,-0.029798657839710547,0.32248909905089457,0.8593650310976215,-0.3203811478325976,-0.2170568980990686,-0.33426631063818235,0.05669919652551962,-0.08629653920393185,0.29821557014982425,0.4217095581590405,0.8657214209021937,-0.22214354510811557,0.15277341167622138,0.08412429627045316,-0.07804708063425254,0.2587265671833326,0.9443668178092378,-0.18827197340509638,-0.24631340806925361,-0.10979381793304202,0.09612470625719621,-0.13267888712339057,0.25227050136245877,0.730770165253677,-0.6293279844074005,-0.24832616343373048,-0.09085906763288129,0.06688148531872763,-0.06138228558148305,0.29158409894291915,0.7845558227842606,0.550065222445952,-0.27894565364512447,0.06395103051000466,0.0580253551977775,-0.10753123482915253,0.28428341619287156,0.4217095581590405,0.8657214209021937,-0.22214354510811557,0.15277341167622138,0.012069414780303628,-0.09127586397588856,0.2648439690616271,0.7287412103258386,-0.3427182090438316,0.24475838742441955,0.5399757488517594,0.05144473541211607,-0.14159895265909558,0.2448454991320539,0.47399325274003673,-0.6432903983656914,0.00580252657017144,0.6012272369186481,0.02539742508837746,-0.12067998786006114,0.25068891325700016,0.6642418984463903,-0.5327604682562401,0.12403707452859905,0.5094740306964763,0.01091136318916594,-0.07105370308958034,0.2806359333346532,0.7287412103258386,-0.3427182090438316,0.24475838742441955,0.5399757488517594,255,0.0944846670508504,-0.1692917184716777,0.23625019371673794,0.730770165253677,-0.6293279844074005,-0.24832616343373048,-0.09085906763288129,Static,Right
I,35,23,23,24,0.0,0.0,0.0,-1.0,-8.809142651444724e-19,0.0,0.0,0.029862114975601806,-0.09023760632806878,0.27700164091998514,0.30891571773834203,0.9279577449786008,0.013937747773781282,0.2080174080586273,0.04549296005551714,-0.07842438368494094,0.2389623407966709,0.9588296607073666,-0.1827024100902325,-0.21230260588052058,0.046830701802953366,0.06350241116378028,-0.13716371444366496,0.24095253545958564,0.7285723780012561,-0.6327048328042566,-0.24704958683790879,-0.08850641899292387,0.02870884555876964,-0.06534900123895096,0.2723171009884511,0.7491302087399696,0.6275315011936581,-0.11755582148110155,0.17660343767533745,0.039241390651524446,-0.10429418091448091,0.26088091600788266,0.30891571773834203,0.9279577449786008,0.013937747773781282,0.2080174080586273,0.04568591678092569,-0.08742382005048305,0.28657441550261786,0.34382077633731456,0.9268361682493443,-0.03759476189610964,0.1461116862597048,0.06741204124087462,-0.07368009672356589,0.24530634790715178,0.9570397909341175,-0.16566893221621998,-0.2369556871484266,-0.021923635536452837,0.08000633654450601,-0.13566978926620077,0.2460462406524267,0.7285723780012561,-0.6327048328042566,-0.24704958683790879,-0.08850641899292387,0.04742842986289825,-0.05901605826085109,0.2825978118936734,0.7378252846042531,0.6323291781507072,-0.17602544805341871,0.15744428060586144,0.05217051951474336,-0.10519968829333184,0.2686399758236804,0.34382077633731456,0.9268361682493443,-0.03759476189610964,0.1461116862597048,0.08114551114534446,-0.12144534462489864,0.24071016532730888,0.7285723780012561,-0.6327048328042566,-0.24704958683790879,-0.08850641899292387,0.10023311486879719,-0.045783396478113934,0.3058173422414535,0.8579787414014525,-0.32602122016047735,-0.21646430725836405,-0.33275493533741884,0.09995058633641839,-0.08665139240357085,0.27219520086608534,0.8279086460824165,-0.440534647851962,-0.14397532784517203,-0.31586009997434483,0.10241154537342516,-0.13228573088142398,0.25881334040847725,0.7332225563958167,-0.5355733037491696,-0.2695174996883563,-0.3207900192732315,0.10122957751778607,-0.060361405845657995,0.29047427054544134,0.8579592930079756,-0.33270183466664077,-0.16503651562896168,-0.3549342041276911,0.09742802322307999,-0.0288678404722114,0.32100216139975435,0.8579787414014525,-0.32602122016047735,-0.21646430725836405,-0.33275493533741884,0.05741391828900704,-0.08566634513701865,0.29746488209294286,0.4247545499865866,0.8648098639767026,-0.2203421502181783,0.15210788365998437,0.0846363108941241,-0.07777128735068099,0.2578453983961144,0.9439867951295458,-0.19299248475095354,-0.24468445275883402,-0.10850046096128778,0.09659621957102979,-0.13245980440488708,0.2518100081144601,0.7285723780012561,-0.6327048328042566,-0.24704958683790879,-0.08850641899292387,0.0675478518314443,-0.060789841272068795,0.2906223815694069,0.7869532878418084,0.5476109074877189,-0.27695941488183,0.06418955727966368,0.05871476104448213,-0.10698705635828873,0.283660668890274,0.4247545499865866,0.8648098639767026,-0.2203421502181783,0.15210788365998437,0.012527091327924667,-0.09100234626708863,0.26445441182507573,0.7262295940894934,-0.344707571587631,0.24828848333562573,0.5404813556466707,0.05188202174455166,-0.1414331142789525,0.2446522740708833,0.47120731542788086,-0.6434717438375251,0.009037841773238206,0.6031799882174691,0.0258438424820396,-0.12049671877368891,0.25047691980607323,0.6613035786630072,-0.5343807693646456,0.12716265988342515,0.5108271998554127,0.011399589044261964,-0.0706555947482557,0.2800861418071094,0.7262295940894934,-0.344707571587631,0.24828848333562573,0.5404813556466707,267,0.09487797828484218,-0.16920959793763662,0.23611391024961734,0.7285723780012561,-0.6327048328042566,-0.24704958683790879,-0.08850641899292387,Static,Right
I,35,24,24,25,0.0,0.0,0.0,-1.0,0.0,0.0,0.0,0.030471823916231027,-0.0898023722308837,0.2765041853461246,0.3110579681129868,0.927659040185619,0.015407753337951045,0.2060442835227255,0.045949810995510515,-0.07834332517342908,0.23834546747577814,0.9584170467454234,-0.18707252264121924,-0.21017679172065387,0.047606218106929214,0.06394473902139751,-0.13707460963200288,0.2407123506983374,0.7266210263419204,-0.6357225477718493,-0.2457831457161511,-0.08642552640369763,0.029306322202271577,-0.06494789443347171,0.2716447880406235,0.7516541941950569,0.6251556385273129,-0.11551168007192952,0.17565150649353284,0.039788323308466475,-0.10393090182709723,0.26040950338209096,0.3110579681129868,0.927659040185619,0.015407753337951045,0.2060442835227255,0.04635474531449363,-0.08699794295244374,0.2859814629235115,0.34638651543480403,0.926204949394499,-0.03620547163108302,0.14439507424437575,0.06789697351275603,-0.07356048036428234,0.2445650882820035,0.9568974547916784,-0.16929084538296177,-0.23505831961544557,-0.020867607967682205,0.08046834695853045,-0.1355483771059656,0.24572774181133986,0.7266210263419204,-0.6357225477718493,-0.2457831457161511,-0.08642552640369763,0.04806939189242257,-0.05861392725113662,0.2818289050634998,0.74004130399293,0.6304743367289326,-0.1739191050982282,0.15682194997030222,0.05277641005734027,-0.10486774045376673,0.26811792799359935,0.34638651543480403,0.926204949394499,-0.03620547163108302,0.14439507424437575,0.08159227795695881,-0.12136462367877325,0.2402792042252182,0.7266210263419204,-0.6357225477718493,-0.2457831457161511,-0.08642552640369763,0.10102762461768056,-0.04515195511889399,0.3046417286486709,0.8567393741002297,-0.3309798532256782,-0.21588527966825402,-0.33142650414174024,0.10053896810869498,-0.08633831808551862,0.27142127706538155,0.8258028321417957,-0.4456463969890746,-0.14311749614954022,-0.3145891822252183,0.10292718251426829,-0.13207509949431423,0.25837982314654817,0.7316411997142434,-0.5390846559794847,-0.2691528729519079,-0.3188191016076631,0.10194901531150753,-0.05986708497961269,0.2894258174577,0.8567048992267573,-0.33733371432671583,-0.16469766715510997,-0.35374759257566407,0.09831017232429473,-0.0280888780207712,0.31967795260871795,0.8567393741002297,-0.3309798532256782,-0.21588527966825402,-0.33142650414174024,0.05813781267316091,-0.0851409615080525,0.2967934646131292,0.42730922598161464,0.8640784066629301,-0.21873314837118932,0.1514303217109191,0.08516935156860717,-0.07756282066617377,0.25706556020923915,0.9436382010423898,-0.1972232548959924,-0.2431280032173265,-0.10741837511928964,0.09708418607828906,-0.13230084722427937,0.2514016576561381,0.7266210263419204,-0.6357225477718493,-0.2457831457161511,-0.08642552640369763,0.06822802491680409,-0.06029729124819341,0.28977025666393447,0.7890125660114632,0.5455381679555423,-0.2751552003973017,0.06431868837311566,0.059414824368655764,-0.10653203494665767,0.2830962005332567,0.42730922598161464,0.8640784066629301,-0.21873314837118932,0.1514303217109191,0.013005877637672535,-0.0907838666572542,0.26412597847737695,0.7239717968040347,-0.34642148135027173,0.25147568085969124,0.5409408254398771,0.05233624370472083,-0.14131122951456176,0.24449005217587666,0.4687808098974519,-0.6435365525964766,0.011989297831564265,0.6049475303541932,0.026310661852395157,-0.12035610859979291,0.25030409041924145,0.6586826537177152,-0.535762427809065,0.12999615540358253,0.512051542542167,0.01190797125464103,-0.07032517616226915,0.2796144542514647,0.7239717968040347,-0.34642148135027173,0.25147568085969124,0.5409408254398771,278,0.09528849703718272,-0.1691687714410299,0.23599439878846162,0.7266210263419204,-0.6357225477718493,-0.2457831457161511,-0.08642552640369763,Static,Right
I,35,25,25,26,0.0,0.0,0.0,-1.0,0.0,0.0,0.0,0.03009215644680762,-0.09028852093335768,0.2758629113691209,0.3061558857985622,0.9283759648100437,0.012723771566813155,0.21029680737242232,0.04592109198981763,-0.07845118873057384,0.23797991428736703,0.9583904362416465,-0.18249548487444747,-0.2147631990812835,0.045386540310535746,0.06383567032119464,-0.13722518313858595,0.24003514457517522,0.727846672020645,-0.6325624490478295,-0.2487109288818442,-0.09081213541049492,0.028978881427884046,-0.06538312549290758,0.27125885547382106,0.7478133021603471,0.6283183405491267,-0.11999632256508626,0.17774197763186061,0.03955103163529204,-0.10424621707927294,0.25970333357553427,0.3061558857985622,0.9283759648100437,0.012723771566813155,0.21029680737242232,0.045893584678277956,-0.08754107825229188,0.28546962556076577,0.34050395259436333,0.9276223233550398,-0.03848356687119277,0.14863680083305114,0.06780965785361019,-0.0737371066780304,0.24445070325226942,0.9565161912399709,-0.16492602788386576,-0.23945153841747843,-0.02321943090889023,0.08030638991542861,-0.13575446245810108,0.24523249339241956,0.727846672020645,-0.6325624490478295,-0.2487109288818442,-0.09081213541049492,0.04764110947742672,-0.05911178944874237,0.2816576334043289,0.7355747283439804,0.6339537992817061,-0.1782746005731997,0.15890426737012403,0.05249483537678573,-0.10518834295815827,0.26745093827182775,0.34050395259436333,0.9276223233550398,-0.03848356687119277,0.14863680083305114,0.08150620527955142,-0.12151964146542835,0.23992679311832044,0.727846672020645,-0.6325624490478295,-0.2487109288818442,-0.09081213541049492,0.10047375414444072,-0.04588203896659715,0.30514451699217887,0.8563465360722794,-0.32725346368745356,-0.21706810920041095,-0.3353464128773877,0.10017761167242466,-0.08675409937385833,0.2715241024245169,0.8270638019394237,-0.43999170769945056,-0.14500557230355868,-0.318349098755037,0.10265462376600186,-0.13239052927719855,0.25814982106940115,0.7322725832097975,-0.5347818256075935,-0.2712406631865357,-0.3228215691573103,0.10146842429078826,-0.06047285176713843,0.2898147471922267,0.8568029210060005,-0.3326030233130175,-0.16610989192968587,-0.3573114709070138,0.09772505361750558,-0.02891362926654785,0.32028081481114706,0.8563465360722794,-0.32725346368745356,-0.21706810920041095,-0.3353464128773877,0.057528756500085196,-0.08577693058972735,0.29649018855462816,0.42254619974611396,0.8650619218448222,-0.22217380001974,0.15414727710552806,0.08495624617173603,-0.07785291112432965,0.257088327902833,0.9433432178293475,-0.19225130636647705,-0.24700503007179453,-0.11014319631728164,0.09687980296582972,-0.1325554942345294,0.2511131843522789,0.727846672020645,-0.6325624490478295,-0.2487109288818442,-0.09081213541049492,0.06772225399565768,-0.06088510944586274,0.2897953559988719,0.7851969502983324,0.5486820821552569,-0.2796160750163446,0.06502747539635874,0.05889782643855539,-0.10704763398368525,0.2826156694051282,0.42254619974611396,0.8650619218448222,-0.22217380001974,0.15414727710552806,0.01267403022769385,-0.09100509412078825,0.26302911696208453,0.7273204196505201,-0.3476947939975706,0.24512255568569727,0.5385427281845802,0.05218122242778918,-0.14148898908965968,0.24363698842402348,0.47139058833763536,-0.6463180982145418,0.007476706740738453,0.6000066066330846,0.02611561573635677,-0.12051831004631454,0.24921352975970487,0.661697488734183,-0.5372037669223043,0.12432920515674244,0.5080460559363248,0.011402410085942869,-0.0706394049813452,0.27862517226753486,0.7273204196505201,-0.3476947939975706,0.24512255568569727,0.5385427281845802,289,0.09520282719393626,-0.1693011661117935,0.2354018960362647,0.727846672020645,-0.6325624490478295,-0.2487109288818442,-0.09081213541049492,Static,Right
I,35,26,26,27,0.0,0.0,0.0,-1.0,0.0,0.0,0.0,0.030376838410870046,-0.08972633040635392,0.2762843072235007,0.30899925171558823,0.9277623960226539,0.009879978369308257,0.2089947008728523,0.04628315668547797,-0.07813438867561207,0.23831975382354664,0.9582689347003437,-0.1848836133494882,-0.21384254895807236,0.04254482998226667,0.0639120268474753,-0.13699336567194437,0.24046027005956838,0.7271383742499735,-0.6338423243778519,-0.2470232095474837,-0.09215870260180226,0.02944664086932464,-0.06483537524532429,0.2715607078855684,0.7499854180327461,0.6261041467901931,-0.12177554631836168,0.1751747311379016,0.03972888217438031,-0.10382473059038871,0.26018431704660333,0.30899925171558823,0.9277623960226539,0.009879978369308257,0.2089947008728523,0.046232329761448795,-0.08712523085397651,0.28584006905343057,0.34169646428912526,0.927291508288714,-0.04081530091430393,0.14733667621888155,0.06819893250922744,-0.07351501710361688,0.2447683312110796,0.9563990221637184,-0.16642065944048356,-0.23863993448488371,-0.02561359374879535,0.08039132587730557,-0.1355947775731357,0.24564784471592807,0.7271383742499735,-0.6338423243778519,-0.2470232095474837,-0.09215870260180226,0.04814136687924163,-0.05871341016955875,0.281965958100015,0.7367712401865333,0.632717390256944,-0.17965370966494387,0.15672073348496088,0.0527198672017104,-0.10483868156367279,0.2678440593035897,0.34169646428912526,0.927291508288714,-0.04081530091430393,0.14733667621888155,0.08166066472754896,-0.1213710122435529,0.24032066790900475,0.7271383742499735,-0.6338423243778519,-0.2470232095474837,-0.09215870260180226,0.10115513073983155,-0.045721093150253855,0.30541533719208247,0.8547208880225364,-0.3302119275760796,-0.21484382966750679,-0.3380154069243829,0.1005203744173658,-0.08664174056003623,0.27184403155802406,0.826058667711464,-0.4407855923037867,-0.1432825265742252,-0.3206325883229397,0.10276660804454663,-0.13231275038677623,0.2585498975171044,0.7310948666091039,-0.5361936407058252,-0.2699959422980258,-0.3241895538524491,0.10199277012992743,-0.060360423776219474,0.2901222648691048,0.8551823482151366,-0.33492700019702853,-0.16408540407329505,-0.3599486574643222,0.09859912113569524,-0.028676753170398608,0.32050143170175166,0.8547208880225364,-0.3302119275760796,-0.21484382966750679,-0.3380154069243829,0.05787734660676756,-0.08540158437382481,0.2968755408368978,0.4241503831387717,0.863951177130645,-0.22454004592485327,0.15253387752847286,0.08533358923273084,-0.0776910977424525,0.25740259001267307,0.9430383288190898,-0.19347581739402228,-0.24609599392878082,-0.11261696246134004,0.09698660876295344,-0.13246270170635024,0.251517758659933,0.7271383742499735,-0.6338423243778519,-0.2470232095474837,-0.09215870260180226,0.06822578303754709,-0.06059274335930832,0.29010728774214994,0.7862429306119812,0.5468435318514699,-0.2808595406423881,0.06246698460018898,0.05909264822916782,-0.1067115538401674,0.283048324475311,0.4241503831387717,0.863951177130645,-0.22454004592485327,0.15253387752847286,0.012993001864429182,-0.09048695970020718,0.26338172314107905,0.7285316817489157,-0.3472931125789562,0.24673095888655808,0.5364260588098202,0.052237103205061156,-0.14119657892520074,0.24406941944570468,0.4721924756857886,-0.646771415294001,0.00953885093065156,0.5988572556020706,0.026270390386020494,-0.12009370633532683,0.2496041278236607,0.6626293879818783,-0.537238218524886,0.1262970150568248,0.5063066805076787,0.01184843019411215,-0.07009419178713151,0.2789512298299545,0.7285316817489157,-0.3472931125789562,0.24673095888655808,0.5364260588098202,300,0.09512140028633173,-0.16922701423339787,0.2358729232260812,0.7271383742499735,-0.6338423243778519,-0.2470232095474837,-0.09215870260180226,Static,Right
I,35,27,27,28,0.0,0.0,0.0,-1.0,0.0,0.0,0.0,0.03063006837306455,-0.08927314841700137,0.2766677141413097,0.311574794142657,0.9272059081625688,0.00702063726536206,0.20775240594461336,0.04661494580026475,-0.0779088375534979,0.2386319057860894,0.9581656069134016,-0.18703142136436818,-0.21298573226881676,0.03968620667956202,0.06396159347299904,-0.13685010101067044,0.2408295430605724,0.7265812638598488,-0.6349134874082254,-0.24537724577895834,-0.09356568692038152,0.02987943372285198,-0.06439704597107462,0.27183705065461733,0.7519659734631161,0.6240719971107759,-0.123595091752258,0.17264289869724414,0.03987707135709668,-0.10350166339610745,0.2606213887581369,0.311574794142657,0.9272059081625688,0.00702063726536206,0.20775240594461336,0.04653745173974586,-0.0868240656777748,0.286175926232016,0.3426428916890982,0.9270333364272616,-0.04315006703024696,0.14609282543218113,0.06855602041291595,-0.07338541521190982,0.24506254348088255,0.956304339854866,-0.1676591619143775,-0.23788038872547126,-0.028023840934754452,0.08044939937938891,-0.13552441295864429,0.24600867972433493,0.7265812638598488,-0.6349134874082254,-0.24537724577895834,-0.09356568692038152,0.048603741875720086,-0.058429510914678795,0.2822556132496744,0.7377810639706408,0.6316653045128225,-0.18107284460226364,0.15456606894372726,0.05291435501625551,-0.10459249063324061,0.2681963163306856,0.3426428916890982,0.9270333364272616,-0.04315006703024696,0.14609282543218113,0.08178673311007408,-0.1213108390434099,0.24066803940233822,0.7265812638598488,-0.6349134874082254,-0.24537724577895834,-0.09356568692038152,0.10178919876701609,-0.04568343391888524,0.30568014915716674,0.8531999826601152,-0.33283032522922446,-0.21263675937741727,-0.3406748783782834,0.10082776075566191,-0.08663156093274986,0.27213822446571934,0.82517467410523,-0.4413265925290806,-0.1415716472916056,-0.32291649791415056,0.10285001270210431,-0.13232940775371338,0.25890030287685734,0.7300526226925116,-0.5373845883505675,-0.26872887636362064,-0.32561597520917546,0.10247466491803271,-0.06036159161456608,0.2904159947810955,0.8536693390001874,-0.33693834910238046,-0.16206661425503058,-0.36256809167252524,0.09941985602603931,-0.02857613147886054,0.32072543041745927,0.8531999826601152,-0.33283032522922446,-0.21263675937741727,-0.3406748783782834,0.05819003495908416,-0.08514637801713232,0.2972290199812666,0.4254781848385899,0.8629596909436478,-0.22690549095300147,0.15093967075716072,0.08567652010434249,-0.07762775452191371,0.25769214448386996,0.9427664189279498,-0.1944442285146795,-0.2452198919663203,-0.11510919130602477,0.09706508148570536,-0.13246124471087029,0.25187140489507803,0.7265812638598488,-0.6349134874082254,-0.24537724577895834,-0.09356568692038152,0.06868931432835856,-0.06041682627445985,0.29040251645951987,0.7871085168684642,0.5452310517838066,-0.28212264450596847,0.059917412334059277,0.0592573346677419,-0.10648638982920351,0.28343579315820033,0.4254781848385899,0.8629596909436478,-0.22690549095300147,0.15093967075716072,0.01328163312824255,-0.09007768806259858,0.2636993636866497,0.7298018349241925,-0.34673130337172725,0.24815026206272334,0.5344044652149034,0.052267324536786744,-0.14099510712059038,0.24444244859438682,0.47313014978285217,-0.6471105237451885,0.011395741990556,0.5977172981344678,0.02639720566080732,-0.11976645389525638,0.24994488301754947,0.663670869378657,-0.5371180829489036,0.12807744240883176,0.5046199667606155,0.012259365040452972,-0.06966554199405939,0.27925351081316574,0.7298018349241925,-0.34673130337172725,0.24815026206272334,0.5344044652149034,311,0.09501736488865896,-0.16923627321322277,0.23627453199089166,0.7265812638598488,-0.6349134874082254,-0.24537724577895834,-0.09356568692038152,Static,Right
I,35,28,28,29,0.0,0.0,0.0,-1.0,0.0,0.0,0.0,0.03114379130949019,-0.08945561634317038,0.2772002203778606,0.31196631675459097,0.9278555622560802,0.009232455102359394,0.204146600691293,0.046792139440454406,-0.07813085247293942,0.2390219054719397,0.9588471050068765,-0.1875325197256093,-0.2091245830457875,0.04136051294678754,0.0642521410319746,-0.1370386982631312,0.2411871827712943,0.7271237840366812,-0.6357181664143374,-0.2429506890094481,-0.09015751931372774,0.03031229275654248,-0.0645867988838206,0.2723422236374349,0.7527646718384646,0.62436270108499,-0.11983589950913828,0.1707510571405629,0.04028030655755137,-0.103688657964146,0.2610951027024904,0.31196631675459097,0.9278555622560802,0.009232455102359394,0.204146600691293,0.04711056990112485,-0.08693679337961374,0.28659733643992863,0.3440053712654891,0.927186126841745,-0.04113983837130202,0.14245597366021573,0.06877849636119442,-0.07356327090640885,0.24526266351779571,0.9571223198738751,-0.16864566695473246,-0.23403283653323934,-0.026535546741142307,0.0807821927318306,-0.13567707516826805,0.24622333232701876,0.7271237840366812,-0.6357181664143374,-0.2429506890094481,-0.09015751931372774,0.049118289471741274,-0.05855089212491457,0.282588728316872,0.7392457162626959,0.6314598114164168,-0.17752392537603098,0.15251076510293496,0.053354296894521605,-0.10474930668222779,0.26861344586874997,0.3440053712654891,0.927186126841745,-0.04113983837130202,0.14245597366021573,0.08204831954850833,-0.12147465257838516,0.24084059060346646,0.7271237840366812,-0.6357181664143374,-0.2429506890094481,-0.09015751931372774,0.1025694153486113,-0.045648217327261625,0.3054858932191259,0.8535216817114699,-0.33625739190941295,-0.20901591057717273,-0.33873891769369946,0.10129435141749708,-0.0867118439160997,0.27209344346856024,0.8251516362162956,-0.4441527524430601,-0.13827199375299704,-0.3205213963066974,0.10327903791169718,-0.1324285237460477,0.2589170600935302,0.7309575600073069,-0.5391345177820072,-0.26640756043165453,-0.322586467399024,0.1031062251363601,-0.060382875816930866,0.29027034145638675,0.8538162015955489,-0.34025861262784485,-0.15857027594201523,-0.36066249876192635,0.10035558186044392,-0.028481312398254067,0.32048551266246783,0.8535216817114699,-0.33625739190941295,-0.20901591057717273,-0.33873891769369946,0.05885701879236162,-0.08517014498886602,0.29756219375359355,0.42806429145003405,0.8628298928196518,-0.2246603535581367,0.14769314128063513,0.08600981949218871,-0.07775633791546208,0.25775871054126887,0.9435473989310431,-0.1962452056911921,-0.2414707967270749,-0.11356927199589072,0.09743693841544628,-0.1325819386501764,0.2519357219450735,0.7271237840366812,-0.6357181664143374,-0.2429506890094481,-0.09015751931372774,0.06928701101454643,-0.06046081879456324,0.2905594972537658,0.7892517981018399,0.544166725879553,-0.2785176034065054,0.05824189412473449,0.05981181519966429,-0.10656263990953044,0.2838414741700602,0.42806429145003405,0.8628298928196518,-0.2246603535581367,0.14769314128063513,0.013685207734881535,-0.09036627541907213,0.26455654632259157,0.7278768856637686,-0.3441047022087772,0.2518792496090704,0.5369767563410857,0.05259759103886402,-0.1411920198531782,0.24491378983774714,0.47212106578861507,-0.6440959575674162,0.01318016662845784,0.60172118118908,0.026730296110452762,-0.12002779847991955,0.2506767332480447,0.6622260647665185,-0.534753349844391,0.13101402966989606,0.5082625482993104,0.012795763937821381,-0.06995328573111977,0.2801175138610006,0.7278768856637686,-0.3441047022087772,0.2518792496090704,0.5369767563410857,322,0.09531814273582222,-0.16938603425036144,0.2364185176891371,0.7271237840366812,-0.6357181664143374,-0.2429506890094481,-0.09015751931372774,Static,Right
I,35,29,29,30,0.0,0.0,0.0,-1.0,0.0,0.0,0.0,0.03152859769242761,-0.08972268047514896,0.2769368667438544,0.31132700826982007,0.9282103435840607,0.008876285940661739,0.20352460178863613,0.04714297210497316,-0.07835591594278625,0.2387638728113547,0.9591113968407583,-0.18691160342281252,-0.2085572312381287,0.04090552840837635,0.06456828294754058,-0.13727713051219861,0.24085875030304205,0.7274700329112144,-0.6355296837073915,-0.24239277454638497,-0.09019487341664809,0.03071053377280406,-0.06484636597351517,0.2721210197530107,0.7523687745321002,0.6250457487904506,-0.11979304049410916,0.17002548772824544,0.040636615878765825,-0.10393835375086156,0.26079988139852056,0.31132700826982007,0.9282103435840607,0.008876285940661739,0.20352460178863613,0.04749353110341256,-0.08718603853299933,0.28633756963460383,0.3437740688300549,0.9273607869212304,-0.04165016426344472,0.1417272884722386,0.06913759394347468,-0.07380672625494503,0.24498929523600588,0.9572966941051988,-0.1684072522609634,-0.2334165924032979,-0.02717961059328314,0.08110163484116431,-0.1359306361366599,0.24588325127908453,0.7274700329112144,-0.6355296837073915,-0.24239277454638497,-0.09019487341664809,0.04953615376010495,-0.05879994121916733,0.2823490194002411,0.7392038518929174,0.6316947074512119,-0.17763172516296916,0.15161277037383472,0.05369412836357318,-0.10499355898172433,0.2683342171111007,0.3437740688300549,0.9273607869212304,-0.04165016426344472,0.1417272884722386,0.08237382727543616,-0.12172211306098539,0.240515697421115,0.7274700329112144,-0.6355296837073915,-0.24239277454638497,-0.09019487341664809,0.10317023385370777,-0.04591940133838835,0.30514838541977457,0.8529535254378902,-0.3378710654197239,-0.20713910706845,-0.3397157884439585,0.10166979681955299,-0.08699742663383142,0.27177931010244694,0.8247647891217007,-0.44488986190551927,-0.13657834987238268,-0.3212201857680513,0.10361454339567747,-0.1327045097942046,0.2585638786783359,0.7312035382714369,-0.5390552888908283,-0.26578073187209666,-0.32267845249363925,0.10360931597835205,-0.060669196808791445,0.28994409189889375,0.853264355473876,-0.341460329202275,-0.15684425426249723,-0.3615863149562856,0.10107624032760035,-0.02872133938610358,0.3201303357667084,0.8529535254378902,-0.3378710654197239,-0.20713910706845,-0.3397157884439585,0.05926039865792987,-0.08541024743278104,0.2972960241297794,0.4279773981676797,0.8629063110084322,-0.22508432754659946,0.146850572257439,0.08637756408617861,-0.07802103653014328,0.2574658431312787,0.9436377533604278,-0.19630014325040165,-0.24075281448938293,-0.11424590368235135,0.09776627392852841,-0.13284769983814498,0.2515868730992261,0.7274700329112144,-0.6355296837073915,-0.24239277454638497,-0.09019487341664809,0.06971912287767232,-0.06071271384304042,0.2902930329632131,0.7893213120207818,0.5441776719400893,-0.27850208471425114,0.057263570980793634,0.06016985234455011,-0.10679340416601625,0.28355862833895384,0.4279773981676797,0.8629063110084322,-0.22508432754659946,0.146850572257439,0.013977851984853296,-0.09066632410419169,0.26436662749356854,0.7277889418282916,-0.3432003224740158,0.2518486145465546,0.5376886368123918,0.052912723363235305,-0.1414290011335888,0.2445868466161684,0.472474566123495,-0.6432181832138624,0.012797470768851632,0.602390552624619,0.027040155085573024,-0.1202926626898135,0.25042732809528384,0.6622596695392541,-0.534039860214298,0.13071893307411483,0.5090443186403482,0.013096673388894281,-0.07027946428197937,0.2799619570787836,0.7277889418282916,-0.3432003224740158,0.2518486145465546,0.5376886368123918,333,0.09561014915234968,-0.16963848925283612,0.23604109299035392,0.7274700329112144,-0.6355296837073915,-0.24239277454638497,-0.09019487341664809,Static,Right
I,35,30,30,31,0.0,0.0,0.0,-1.0,0.0,0.0,0.0,0.03186090730648554,-0.09006835214644783,0.2766551060313746,0.3105898238658083,0.9285490970671595,0.008417661330117747,0.20312478584481125,0.04745978180966506,-0.07864857791587224,0.23849815931446938,0.9593491865048798,-0.18617677062398166,-0.2082225928534646,0.040381929842828276,0.06484768002083724,-0.13758554586072097,0.2405104637809395,0.7278648413290097,-0.6352021619058549,-0.2419806662671119,-0.09042313542533367,0.031058787440806992,-0.06518218766644268,0.27188748196951523,0.751880866378145,0.6257627813789439,-0.1199541041401937,0.1694317476604133,0.04094780331791496,-0.10426298401687865,0.26048806323003265,0.3105898238658083,0.9285490970671595,0.008417661330117747,0.20312478584481125,0.04782138060761777,-0.0875233770776992,0.28606446987295764,0.3433356719235143,0.9275740514949905,-0.042218377333254835,0.14122536596994376,0.06945916980713907,-0.07412033028848461,0.24471877963415273,0.9574464683862844,-0.16798279715116832,-0.23302727837930207,-0.027862655419690487,0.08138312733990877,-0.13625543832854053,0.24553126570006015,0.7278648413290097,-0.6352021619058549,-0.2419806662671119,-0.09042313542533367,0.049897929729992296,-0.05913497303198013,0.2821072289806977,0.738987556723869,0.6320482458017286,-0.17790948082105593,0.15086624082354164,0.053989927308494036,-0.10531767745828267,0.268037288657785,0.3433356719235143,0.9275740514949905,-0.042218377333254835,0.14122536596994376,0.08266404190220861,-0.12203927627164717,0.24018327549286722,0.7278648413290097,-0.6352021619058549,-0.2419806662671119,-0.09042313542533367,0.10368188402487111,-0.04629174656177018,0.3048494495899805,0.8525035950019572,-0.3389696198455404,-0.20557282873366495,-0.3407007916294711,0.101995931767685,-0.08736344404929211,0.2714787558680937,0.8245113121299944,-0.4452505757028958,-0.1351644015559286,-0.32196833005428155,0.10390561141173221,-0.13305611668439293,0.25820886946621996,0.7314745636651458,-0.5387844069361174,-0.26526299791660535,-0.32294251421836023,0.10404119607498818,-0.061045246467272586,0.28964762060827615,0.8528381185007347,-0.3422006744422361,-0.15539904549058395,-0.36251479791040414,0.1016856391779219,-0.029075957429665403,0.31982461409892426,0.8525035950019572,-0.3389696198455404,-0.20557282873366495,-0.3407007916294711,0.059601743247706146,-0.08574744782738408,0.2970213987020542,0.42760757827638446,0.8630697904464621,-0.22558302878864428,0.14620052305599832,0.08670250128807998,-0.07836025210804792,0.2571820621232237,0.9437215509882491,-0.1960902434063222,-0.2402540621097264,-0.11496189055925882,0.09805426791363081,-0.13318817541501812,0.25123539588708504,0.7278648413290097,-0.6352021619058549,-0.2419806662671119,-0.09042313542533367,0.0700912436299499,-0.06105767322622026,0.2900358699550923,0.7891811140569323,0.5443924481977352,-0.27865286823406893,0.05641463095742269,0.06047763445855414,-0.1071152610784211,0.2832572063009152,0.42760757827638446,0.8630697904464621,-0.22558302878864428,0.14620052305599832,0.01423190379474671,-0.09103138161329442,0.2641312595603783,0.7278594036735478,-0.34241411743075395,0.251551297957193,0.5382334114156763,0.05318989471041423,-0.14173612870377633,0.24423299111045932,0.47294492181885106,-0.6425086647070007,0.012279896398947634,0.6027892839513812,0.027313194611546337,-0.12062250315043618,0.25013610765907995,0.6624464711404663,-0.5334177506302383,0.13023421945487773,0.5095774958424863,0.013351529249511152,-0.07067208817319037,0.2797631882091357,0.7278594036735478,-0.34241411743075395,0.251551297957193,0.5382334114156763,345,0.09586892210903702,-0.16995922216798437,0.23564776096688286,0.7278648413290097,-0.6352021619058549,-0.2419806662671119,-0.09042313542533367,Static,Right
I,35,31,31,32,0.0,0.0,0.0,-1.0,0.0,0.0,0.0,0.031056054373843574,-0.09094585873836555,0.27611513697381773,0.31086868697972025,0.9277351886243375,0.008011572079713656,0.20640710733034717,0.04688986383952612,-0.07950692153908681,0.23805630867399458,0.9586218672968873,-0.18618864257995554,-0.21151589448925703,0.04048371639156051,0.06437099718834519,-0.13841171724000784,0.24017675114517267,0.727194936017297,-0.6346277024866658,-0.24493790294936596,-0.0918728902672736,0.030249273218149818,-0.06606201530788389,0.2713369203301214,0.7514208169772851,0.6252129487219253,-0.1219726047854517,0.17204129808123575,0.0402671087325055,-0.10514283557669547,0.26001970584403133,0.31086868697972025,0.9277351886243375,0.008011572079713656,0.20640710733034717,0.04693974247478016,-0.08835037937393302,0.2856493036485183,0.3435622621949408,0.9269691635449115,-0.04286863855556923,0.1444140632373929,0.06884058025881298,-0.07493944788518085,0.2444229098944986,0.9566675157122327,-0.1679283638732234,-0.23624952615920375,-0.027811694975296394,0.08087091975236266,-0.13705234784613984,0.24530595695430557,0.727194936017297,-0.6346277024866658,-0.24493790294936596,-0.0918728902672736,0.04901800906985267,-0.0599641000149371,0.28167695860901804,0.7386536865644013,0.6312608371492504,-0.17997811998555566,0.15332437227300705,0.05324014727347216,-0.10615467762206296,0.26767806139139394,0.3435622621949408,0.9269691635449115,-0.04286863855556923,0.1444140632373929,0.08216040853967116,-0.12283441228094923,0.23996659885323227,0.727194936017297,-0.6346277024866658,-0.24493790294936596,-0.0918728902672736,0.10267674141224106,-0.04705602601726901,0.30478665339451116,0.851782685047524,-0.33863687771721435,-0.20784037895236593,-0.34145819565519836,0.10122317397579904,-0.08812833474689376,0.27139466683596525,0.8244916487716931,-0.44372639563590466,-0.13800715214074188,-0.3229155197256796,0.10330394163291547,-0.1338154214280617,0.2581300523091673,0.7309301110317173,-0.537425414244111,-0.268126424272329,-0.32407301263548965,0.10311432157462692,-0.06182466649815227,0.2896002185282267,0.8522955698312862,-0.3416749338646858,-0.15773634005530687,-0.36327640749226,0.10060989136446327,-0.02982311055904298,0.3197314284242542,0.851782685047524,-0.33863687771721435,-0.20784037895236593,-0.34145819565519836,0.05865085049396786,-0.08658945909996461,0.2966766021278216,0.4267530244111155,0.8627694365255016,-0.22630338269892128,0.1493235900066027,0.0860089621446707,-0.07914990292650823,0.2569993580721962,0.9430652374492371,-0.19532909219048092,-0.24349622091135356,-0.11482201034969834,0.09749794289832252,-0.13395660232538795,0.25111789139771246,0.727194936017297,-0.6346277024866658,-0.24493790294936596,-0.0918728902672736,0.06915210049959146,-0.061889311035545486,0.2897491639350145,0.7883580018275737,0.5442358224752157,-0.280804331272082,0.058719315629523774,0.05964790695257183,-0.1079555272664337,0.28291887864157034,0.4267530244111155,0.8627694365255016,-0.22630338269892128,0.1493235900066027,0.01348540208708967,-0.09201369059565653,0.26356893677843807,0.7278369246558472,-0.3439946445772611,0.2486908806442096,0.5385851292916378,0.05269703013405607,-0.14258383020931864,0.24382332057227538,0.47246840847106925,-0.6438588801306189,0.009767064806214544,0.6017673553116948,0.026728292655478825,-0.12155085396702894,0.24961314484940306,0.6623272606223376,-0.5346219533846566,0.12739540163422855,0.5091879598322587,0.012449928690884939,-0.07167282641983873,0.2792143964529472,0.7278369246558472,-0.3439946445772611,0.2486908806442096,0.5385851292916378,356,0.09548115256800781,-0.17072938137153565,0.23551136548748033,0.727194936017297,-0.6346277024866658,-0.24493790294936596,-0.0918728902672736,Static,Right
I,35,32,32,33,0.0,0.0,0.0,-1.0,0.0,0.0,0.0,0.030913382380608766,-0.09088730448258037,0.2761168861817056,0.30946029559696303,0.9286617968041352,0.009255723601313015,0.20429372037870253,0.04653460871984623,-0.07931344507499453,0.2380061982966549,0.9593934056805423,-0.18453212208662315,-0.20926973222792647,0.041453205281978406,0.06415748692227706,-0.13818273231786557,0.23987986752536547,0.7287989983710044,-0.633564943143145,-0.24368283341769514,-0.08981180039932468,0.030042579370111816,-0.06599143363372259,0.27140958442869423,0.7507573064891303,0.6267500672902359,-0.1197917631693088,0.17087350111020538,0.040064067856059725,-0.1050273278797694,0.2599378065831525,0.30946029559696303,0.9286617968041352,0.009255723601313015,0.20429372037870253,0.04684298532921855,-0.08827050977985382,0.2855714965059562,0.3421808746894315,0.92787636239632,-0.04134670290117124,0.14229601281185314,0.06850681900542399,-0.07471540084741925,0.244274872354828,0.9575072478464459,-0.166560219030176,-0.23391212879289416,-0.02688270376508292,0.08068220381732104,-0.13680009954469186,0.24492766815070655,0.7287989983710044,-0.633564943143145,-0.24368283341769514,-0.08981180039932468,0.04884975208961358,-0.05986928836958934,0.2816681186643285,0.7380803709402263,0.6328545274151616,-0.17773782385741013,0.1521242227040217,0.05308377494015719,-0.10601083326438099,0.26751600588131974,0.3421808746894315,0.92787636239632,-0.04134670290117124,0.14229601281185314,0.08191068738986942,-0.12256775811772519,0.2396178009566774,0.7287989983710044,-0.633564943143145,-0.24368283341769514,-0.08981180039932468,0.1026838232380741,-0.046914540603153705,0.3045363473646569,0.8525621051436778,-0.33965409257992035,-0.20444300520544634,-0.3405525097385972,0.10105376368393808,-0.08790676845519743,0.27104599261024886,0.8257827866125674,-0.44318423553223196,-0.1354776652724724,-0.32142856892692984,0.10316913244573366,-0.13355294576710244,0.25764314467364363,0.7327142081283724,-0.5369162035023892,-0.26642810461181893,-0.32228395041693714,0.10301408670665893,-0.06166016378714966,0.2893265476632499,0.853064938791738,-0.3423315752909309,-0.1545002140067945,-0.36224161361573703,0.1007394433803257,-0.029690688696143643,0.3195099656132353,0.8525621051436778,-0.33965409257992035,-0.20444300520544634,-0.3405525097385972,0.05859794061432405,-0.08651120912692989,0.2965696523721817,0.42647747393562796,0.8636976042906378,-0.22474657442156748,0.14707953580926766,0.08574747615186759,-0.07892263088458404,0.25675256855938283,0.944058589342326,-0.1941100285365615,-0.24109113699191823,-0.11379692603254692,0.09732852525163888,-0.13368673294815173,0.2506603167655196,0.7287989983710044,-0.633564943143145,-0.24368283341769514,-0.08981180039932468,0.06902777510851782,-0.0617826832788081,0.289635764299643,0.7885091212826076,0.5453803881210415,-0.278393166801406,0.057539921666235644,0.05954933799070292,-0.107851717006398,0.2827675538187521,0.42647747393562796,0.8636976042906378,-0.22474657442156748,0.14707953580926766,0.013265270875021416,-0.09199739540768659,0.26373380884106234,0.726547460445555,-0.34205221422284904,0.24916736492765787,0.541336027547002,0.05251328180079644,-0.14238822806094337,0.2435822919532019,0.4727267470361525,-0.6411286020654852,0.009356237408430185,0.6044799410003044,0.026525632040456208,-0.12144711878597406,0.24961024577416652,0.6619199887331013,-0.5323251224382809,0.1276513513837196,0.5120517796341993,0.012230878064144916,-0.07170443781597725,0.27944189143232373,0.726547460445555,-0.34205221422284904,0.24916736492765787,0.541336027547002,367,0.09531455577431487,-0.17042011538803112,0.23496072955852682,0.7287989983710044,-0.633564943143145,-0.24368283341769514,-0.08981180039932468,Static,Right
I,35,33,33,34,0.0,0.0,0.0,-1.0,0.0,6.938893903907228e-18,0.0,0.03076693782786914,-0.09082540653102544,0.2761411678619652,0.3081664791685395,0.9295129776857793,0.010269278732275785,0.20232050648636898,0.04619829456732829,-0.07913478434919383,0.2379822461636098,0.9600925339403271,-0.18306273304171333,-0.2071939552106388,0.04220221519674034,0.06394314652727241,-0.13797147016884026,0.2396415302501647,0.7302107146054201,-0.6326428022793124,-0.24251731716047792,-0.08798152008748679,0.029846988969995592,-0.06591986586832557,0.27149680790633046,0.7502035822835231,0.6280906959341346,-0.11789701405291271,0.16969666139129277,0.03985870536811967,-0.10491379924525246,0.2598845382074592,0.3081664791685395,0.9295129776857793,0.010269278732275785,0.20232050648636898,0.046743878577127265,-0.08819347034220787,0.28551206606825724,0.3407735886553938,0.9287467624853899,-0.0399782578943288,0.14037290102995684,0.0681906739801756,-0.07451041830893367,0.24416229151029273,0.9582567631059233,-0.1653477902085855,-0.2317808570136663,-0.026109740651843703,0.08048923488022913,-0.13656939228817846,0.24461386590181874,0.7302107146054201,-0.6326428022793124,-0.24251731716047792,-0.08798152008748679,0.04868545983469871,-0.05977807103334301,0.28168102504289594,0.7374630058886071,0.6343999226491381,-0.17572641097799324,0.15101417672954187,0.05293138100903661,-0.10586919922532592,0.2673749563176485,0.3407735886553938,0.9287467624853899,-0.0399782578943288,0.14037290102995684,0.0816632312834597,-0.12232447255178937,0.23932640042684533,0.7302107146054201,-0.6326428022793124,-0.24251731716047792,-0.08798152008748679,0.1026983394123611,-0.04677919999916716,0.3043261497183267,0.8530875956710591,-0.34097073195885547,-0.20111893288356097,-0.3398995276480857,0.1008838410064645,-0.08770462956546983,0.2707529850723093,0.8268832539835397,-0.44275001920347623,-0.1330568752664583,-0.3202067655769324,0.10302339647678539,-0.13331331058831222,0.2572290603554958,0.7342794596785468,-0.5364957181286172,-0.2648780384707753,-0.32069556320553483,0.10291849597322589,-0.06151068924942982,0.2891004747067517,0.8536227649000332,-0.3431643800187958,-0.15138589940160196,-0.3614535834558931,0.10088505017697555,-0.02955424658529153,0.3193147472190487,0.8530875956710591,-0.34097073195885547,-0.20111893288356097,-0.3398995276480857,0.05853317448727788,-0.0864252861434645,0.29649640785928955,0.42645694276063495,0.8643975714784478,-0.22346245975504345,0.14496842233272736,0.08549592379104727,-0.07871502786399863,0.25655071176764516,0.9449263888473767,-0.19309692575184764,-0.23888645541532044,-0.1129644118479178,0.0971517424825912,-0.13344201530146726,0.2502716237248627,0.7302107146054201,-0.6326428022793124,-0.24251731716047792,-0.08798152008748679,0.06890524636008791,-0.06167504969240668,0.2895524806792282,0.7887165149784959,0.54628357049235,-0.2762648228410364,0.05637612323419064,0.05943169781965796,-0.10774781357534421,0.28266429490653,0.42645694276063495,0.8643975714784478,-0.22346245975504345,0.14496842233272736,0.013052713480670573,-0.09196603945871358,0.2639068243037112,0.7252645280915717,-0.340535570098336,0.24954853507559605,0.5438312407645733,0.05232632839889824,-0.14220549896567358,0.2433955280817922,0.4729912487962571,-0.6386285341900273,0.009142126843840402,0.6069178654457502,0.02632859444917535,-0.1213396587002608,0.2496404998589673,0.661471531397331,-0.5303522018542781,0.12792497912765333,0.5146038814995261,0.0120092662046986,-0.07171099668013112,0.27966408544961024,0.7252645280915717,-0.340535570098336,0.24954853507559605,0.5438312407645733,378,0.09513571609061514,-0.17013954036994486,0.23449149291313273,0.7302107146054201,-0.6326428022793124,-0.24251731716047792,-0.08798152008748679,Static,Right
I,35,34,34,35,0.0,0.0,0.0,-1.0,0.0,0.0,0.0,0.030555771215217676,-0.09125956744687441,0.2759838333342239,0.30609670616049234,0.9305868728072094,0.0107648363560817,0.2004918874538878,0.04582422050783562,-0.07939655548849252,0.23780432154486172,0.9609009440678148,-0.18084476822106652,-0.20533663463175503,0.04244304389127074,0.06365919913960107,-0.1382116172071249,0.23916238643209725,0.732052192955035,-0.6311517754419798,-0.24130747755624618,-0.08670481198643284,0.0296047798285317,-0.06633531378666255,0.2714428311470561,0.7491438325025895,0.6299716776302786,-0.11652289418326708,0.16834969182680362,0.03958777569382747,-0.10527315426802335,0.2596296452007671,0.30609670616049234,0.9305868728072094,0.0107648363560817,0.2004918874538878,0.04657982950897461,-0.08863894338256655,0.2852758965772205,0.3384748026951472,0.9298964158269595,-0.03901510420407913,0.13858313539749567,0.0678339597222296,-0.07476636306762248,0.24391468085181628,0.9590737542038137,-0.16336340438903382,-0.2298334485140754,-0.025817010825337952,0.0802249753857252,-0.13680551662923593,0.24407010988887531,0.732052192955035,-0.6311517754419798,-0.24130747755624618,-0.08670481198643284,0.04847179171143755,-0.06020394946297923,0.281572663284883,0.7362099603723566,0.6365780582614099,-0.1741767497801575,0.14975222811259456,0.052715514130452376,-0.1062175431304262,0.2670260607661697,0.3384748026951472,0.9298964158269595,-0.03901510420407913,0.13858313539749567,0.08135362145686752,-0.12254261271396923,0.23882939085901222,0.732052192955035,-0.6311517754419798,-0.24130747755624618,-0.08670481198643284,0.10266565112361109,-0.047221824161518794,0.30404112450657655,0.8536871806132691,-0.34169308637057255,-0.19754672169009097,-0.3397636312682952,0.10065241795568522,-0.08802510099068808,0.2703198237574397,0.8282098600190498,-0.4415969215146129,-0.13041773973131265,-0.31945547395438156,0.1028001690974028,-0.13357499264995643,0.25660049921640743,0.7361292874608956,-0.5354484839740054,-0.26311599733315316,-0.3196538207180287,0.10277142713214774,-0.06191461520680771,0.28877673677776505,0.854289390357722,-0.34330267886792054,-0.14803752025330258,-0.36113404824468476,0.10099190575554647,-0.03001627708071301,0.3190688411692322,0.8536871806132691,-0.34169308637057255,-0.19754672169009097,-0.3397636312682952,0.05839626453211556,-0.08687996911954274,0.2962648661324567,0.42580164535235543,0.8652929788636773,-0.22267201558917893,0.1427522084519302,0.08519474970455954,-0.07899855005588662,0.2562169698455687,0.945850115664417,-0.19135678630635616,-0.23677096026680647,-0.11264835287942254,0.09690054475839006,-0.13368276386384498,0.2496665355574325,0.732052192955035,-0.6311517754419798,-0.24130747755624618,-0.08670481198643284,0.06872888508018855,-0.062103143376559575,0.28935476079958444,0.7884288082023686,0.5477180448592651,-0.27453854549989376,0.054895762741214105,0.05923375889872523,-0.10816556734945884,0.28237182470228406,0.42580164535235543,0.8652929788636773,-0.22267201558917893,0.1427522084519302,0.012785617452223265,-0.09239474648519846,0.2638832947598262,0.7244071631015259,-0.33865054492679114,0.24932371728604558,0.5462488027141613,0.05206572047795961,-0.14247329081813254,0.2429568647302703,0.47395358498407586,-0.6358946436892748,0.008541419766104577,0.6090427288429047,0.026070410401913484,-0.12167695748673693,0.24943925318050214,0.6615809471843581,-0.5280102561230315,0.12773627776453222,0.5169132065389708,0.011727685607939312,-0.07219986671621026,0.2797166824367879,0.7244071631015259,-0.33865054492679114,0.24932371728604558,0.5462488027141613,389,0.09487236813354878,-0.17031885359305599,0.23374302263057947,0.732052192955035,-0.6311517754419798,-0.24130747755624618,-0.08670481198643284,Static,Right
I,35,35,35,36,0.0,0.0,0.0,-1.0,0.0,0.0,0.0,0.030377452752745168,-0.09230357211880424,0.275724788844535,0.30816598683377416,0.9297677400272861,0.011980107279148155,0.20105260802312203,0.045650383371614825,-0.08064173019155936,0.23751168364258707,0.9602512968594205,-0.183563355955648,-0.2057162297511339,0.04362079833152931,0.06356519826517282,-0.1394253187071635,0.23921540532105187,0.7302025904761428,-0.6330503705827133,-0.24228174675517627,-0.08573774172603613,0.029386205740203866,-0.06740438224635227,0.27105934405805315,0.7505095090876032,0.6281631969233007,-0.1158133839237237,0.16951027964203144,0.03944614564414187,-0.10638014430903531,0.25944394898245354,0.30816598683377416,0.9297677400272861,0.011980107279148155,0.20105260802312203,0.046373352592784474,-0.08960622253761634,0.28505143730710164,0.3414318337452636,0.9287517031260953,-0.03829256557901325,0.13920580543605623,0.06764840100142913,-0.07594658483332783,0.2436124546941391,0.9585353883869949,-0.16595038687900193,-0.23035573142177693,-0.02462956162095718,0.08012434493997368,-0.13796881156739677,0.24412989047763137,0.7302025904761428,-0.6330503705827133,-0.24228174675517627,-0.08573774172603613,0.048240189186936455,-0.061191981515213587,0.28117143985200616,0.738062461755571,0.6343005143774916,-0.1736710897783523,0.15088078931048707,0.052537684454382,-0.10729824530581637,0.26692186541282953,0.3414318337452636,0.9287517031260953,-0.03829256557901325,0.13920580543605623,0.08123920632665166,-0.12373197816649138,0.23881140443333654,0.7302025904761428,-0.6330503705827133,-0.24228174675517627,-0.08573774172603613,0.10247042518620426,-0.047979921118283066,0.30358277248823234,0.8521555988249375,-0.3458622797993583,-0.19800112779511259,-0.3391248622486506,0.10046520012376894,-0.08900626419938107,0.2701179103065197,0.8271404561225998,-0.44365609380222604,-0.1317776975454896,-0.31881432638301826,0.10268820469565926,-0.13463111269265948,0.2566627423536942,0.7347107066401295,-0.5372540683008625,-0.26469415974768223,-0.3185831844871954,0.10254473610820433,-0.06279448031927852,0.28843560857655987,0.852888499284439,-0.34700534252343274,-0.14876961785704007,-0.3606051869443963,0.10084742650552805,-0.030643240719112088,0.31846248381001285,0.8521555988249375,-0.3458622797993583,-0.19800112779511259,-0.3391248622486506,0.05817805081564935,-0.08774905385016676,0.2960460696035201,0.42848222402273606,0.8639649432881087,-0.22190263770906607,0.14396798200802918,0.08500598648468291,-0.08008314506746185,0.25595119326908744,0.9452563667173112,-0.19399710669777187,-0.23758872313498905,-0.11138726324121204,0.09679417239253726,-0.1347876044844559,0.24972510309175103,0.7302025904761428,-0.6330503705827133,-0.24228174675517627,-0.08573774172603613,0.0684924409291501,-0.06301133139226262,0.2889759137224785,0.7901678559922468,0.5451608684838328,-0.2743376585970765,0.05633148237036761,0.059045860036197606,-0.10912380648056245,0.28229360516451396,0.42848222402273606,0.8639649432881087,-0.22190263770906607,0.14396798200802918,0.012565618534668106,-0.09360193794397828,0.2636925316177401,0.7227190119914666,-0.3411523172543191,0.24988387436313123,0.5466720913594892,0.05197322615848948,-0.14368271569451196,0.24302002022534802,0.47160380493107823,-0.6371570498074243,0.00916303219630874,0.6095381726325254,0.025923420492842127,-0.12292214904887172,0.2493921939779958,0.6596862743582258,-0.5298013034537009,0.12830385868988972,0.5173613032759681,0.011428416904329688,-0.07333008232863072,0.2794215212662351,0.7227190119914666,-0.3411523172543191,0.24988387436313123,0.5466720913594892,400,0.09482893317547482,-0.17151739593962587,0.23401126866219701,0.7302025904761428,-0.6330503705827133,-0.24228174675517627,-0.08573774172603613,Static,Right
I,35,36,36,37,0.0,0.0,0.0,-1.0,0.0,0.0,0.0,0.03019006322878611,-0.09332566909015802,0.2754740580909865,0.30982998180777405,0.9290957052442818,0.01303011508271606,0.20153602400205378,0.04546539463381716,-0.08183819778342469,0.2372375790370327,0.9596828775098196,-0.18591486315345618,-0.2060444549308588,0.044610770732521704,0.06344801154219336,-0.14059188388600102,0.23923950548086087,0.72859930931114,-0.63468597424837,-0.2431155597681177,-0.08492105252740334,0.029162709923956445,-0.06844713314149518,0.27070629087370984,0.7516282647334671,0.6266664084535458,-0.11520473629952928,0.17050522837686427,0.03929000658907823,-0.10745166224229996,0.2592538288291938,0.30982998180777405,0.9290957052442818,0.01303011508271606,0.20153602400205378,0.04616000799646151,-0.09056281621098877,0.28483596799684774,0.34399468910879755,0.9277496398567904,-0.03770215587118586,0.13973835211996183,0.06745416657301273,-0.07708570745948458,0.24332967131529806,0.9580668168201317,-0.16816110224914127,-0.23080608147824833,-0.023629874124720483,0.0800007395092859,-0.13909198950115412,0.24416021627115705,0.72859930931114,-0.63468597424837,-0.2431155597681177,-0.08492105252740334,0.048007059992478576,-0.062169139174609776,0.2808045473691026,0.7396496085540153,0.6323341617885248,-0.17325556092811234,0.15183700144754234,0.052348359501957306,-0.10835239996139481,0.26681067286384885,0.34399468910879755,0.9277496398567904,-0.03770215587118586,0.13973835211996183,0.0811045983292174,-0.12487803035029117,0.2387756357895169,0.72859930931114,-0.63468597424837,-0.2431155597681177,-0.08492105252740334,0.10228009079472361,-0.04875476439674788,0.30316019870959426,0.8506828145943192,-0.34979892439276433,-0.19820593359529948,-0.33866483333108016,0.10026864726116327,-0.08997513413622152,0.2699228685302254,0.8262087070646974,-0.4454157206755528,-0.13291394314971677,-0.3183047154252557,0.10255364186541192,-0.1356640838199859,0.25669522484538865,0.7334744927562743,-0.5388090330105835,-0.2660499262539517,-0.31767504019421045,0.10231710502940194,-0.06367775866741093,0.28812005625866677,0.8515579747731126,-0.35043646947050305,-0.1492562867706935,-0.3602302837419264,0.1007159308641836,-0.03129498998904078,0.31790247951494,0.8506828145943192,-0.34979892439276433,-0.19820593359529948,-0.33866483333108016,0.0579519862737298,-0.08861623444501575,0.2958376969399191,0.43087266801618335,0.862763282659255,-0.221276197234304,0.1450003675483895,0.0848082940814296,-0.08114010661257244,0.25570118233574535,0.94472747708225,-0.19630294014079955,-0.23829410881076993,-0.11032256090195419,0.09666523900995225,-0.135861356346664,0.24975374385340776,0.72859930931114,-0.63468597424837,-0.2431155597681177,-0.08492105252740334,0.06825474327790688,-0.06391413525505205,0.28862496418997774,0.7917088871333211,0.5428698255395503,-0.27418743163632214,0.057538186323986655,0.05884395859088182,-0.11006997683827907,0.2822104666010375,0.43087266801618335,0.862763282659255,-0.221276197234304,0.1450003675483895,0.012335244710479313,-0.09477102885668556,0.26351126009789005,0.7211928826799365,-0.34336673118552624,0.2502699646784078,0.5471243539330327,0.051856270490692184,-0.14484687664154663,0.2430507593487104,0.46957379569435725,-0.638212292224636,0.009647773719486769,0.6099938039954402,0.025756720094258855,-0.12412034412092958,0.24933117539988459,0.6580439528367611,-0.5313140102407039,0.12875258344184062,0.5177898713898946,0.011120002214733592,-0.0744324896989152,0.2791476791126253,0.7211928826799365,-0.34336673118552624,0.2502699646784078,0.5471243539330327,411,0.094754033500634,-0.17267035972584135,0.23422151794297055,0.72859930931114,-0.63468597424837,-0.2431155597681177,-0.08492105252740334,Static,Right
I,35,37,37,38,0.0,0.0,0.0,-1.0,0.0,0.0,0.0,0.0301728794724282,-0.09390340010935043,0.2758972061950711,0.3080152844532721,0.9300385270376038,0.01263314211251338,0.1999883158818519,0.045350206130917406,-0.08230037224389096,0.23765171424039896,0.9603387333981354,-0.1842873709029823,-0.20458719571948372,0.043951807796377126,0.06328802267880118,-0.14107734107459496,0.23940193638884774,0.72997264490282,-0.6336896101954937,-0.2416612778569787,-0.08471860721468956,0.029163455718423253,-0.06900799310922659,0.27121609436314154,0.7508645853519387,0.628089758058875,-0.11478044309561841,0.1689114565936211,0.0392087290306714,-0.1079717659764507,0.25959150361621225,0.3080152844532721,0.9300385270376038,0.01263314211251338,0.1999883158818519,0.04618050527869417,-0.09119400414602222,0.28520616164455453,0.3421338952035635,0.9286617409629231,-0.03767094284446426,0.13824857572416,0.06736098329260344,-0.07758628295200293,0.2436964540930896,0.9586767666801013,-0.16662086282681665,-0.22933488758946466,-0.024121659001020552,0.07985557220364667,-0.13960676962169963,0.24428141836378345,0.72997264490282,-0.6336896101954937,-0.2416612778569787,-0.08471860721468956,0.048030877492013055,-0.06278630147535147,0.2812788562519293,0.7387285977493452,0.6339158425401398,-0.17264928161337784,0.15040940463380484,0.05230974795849862,-0.1089107505746865,0.26708912123629586,0.3421338952035635,0.9286617409629231,-0.03767094284446426,0.13824857572416,0.08095753122107874,-0.1253746104358606,0.2389436926090418,0.72997264490282,-0.6336896101954937,-0.2416612778569787,-0.08471860721468956,0.10239802289259324,-0.04952534013814206,0.303569827594722,0.8515854217694858,-0.3483632894203577,-0.19605484241766008,-0.33912797994046673,0.10023977677663906,-0.09059208163066346,0.2701518441443492,0.8272198216153286,-0.4440401802602855,-0.13075961927019006,-0.31849271107739974,0.10244923350807596,-0.1362382678466702,0.2567648926659301,0.7346235166019608,-0.5381480778576234,-0.26424019723972186,-0.31765083553522555,0.10237189251473536,-0.06438171459363055,0.2884642100554863,0.8523119157743966,-0.3491643854026671,-0.1469881393441142,-0.3606149152316235,0.10089380422425401,-0.03213341308950357,0.31839944541625254,0.8515854217694858,-0.3483632894203577,-0.19605484241766008,-0.33912797994046673,0.05799174593093099,-0.08927678421061022,0.2962130646137919,0.430243696537614,0.8633597819041652,-0.2214563522960559,0.1430291320247984,0.08474616583372807,-0.0816974489254814,0.2560049845638763,0.9453600633400769,-0.19493685802176908,-0.23661954539739904,-0.1109286381516268,0.09654006615831134,-0.13640760713120262,0.2498408202053626,0.72997264490282,-0.6336896101954937,-0.2416612778569787,-0.08471860721468956,0.06830713469866581,-0.0645693489912396,0.289035974224846,0.7914160609475024,0.543862714238616,-0.2734316429962757,0.055759332346271215,0.05880659504702397,-0.11069690568325075,0.28252724585803896,0.430243696537614,0.8633597819041652,-0.2214563522960559,0.1430291320247984,0.012261662925179155,-0.09527893783306225,0.2639087878353291,0.7214567350356014,-0.34212018794392424,0.25007062162529975,0.5476482819044723,0.05170425852019864,-0.1453361783518931,0.24322930453985828,0.47086152185023405,-0.6368402064673769,0.009615021726327347,0.6104355248711142,0.025641608481597446,-0.12459770729836739,0.24962779907587776,0.6587950748270448,-0.5299565720606824,0.12878466467080518,0.5182177064313295,0.011067297507218785,-0.07497929075891803,0.279597328363803,0.7214567350356014,-0.34212018794392424,0.25007062162529975,0.5476482819044723,422,0.09455416179892748,-0.17316291721957772,0.23418993476131272,0.72997264490282,-0.6336896101954937,-0.2416612778569787,-0.08471860721468956,Static,Right
I,35,38,38,39,0.0,0.0,0.0,-1.0,0.0,0.0,5.421010862427523e-20,0.03026386995761013,-0.09508079492872665,0.2764311936357948,0.3073569031034644,0.9303897993549944,0.011438742637575936,0.19943848810520978,0.04545000550625672,-0.08343097596631856,0.2382015851727037,0.9606291517232005,-0.1834924568709045,-0.20420075140571625,0.04271070423657883,0.06329833804158187,-0.14223926091934339,0.23981160399007506,0.7306474930231089,-0.6330888456777406,-0.2409529206968478,-0.08540751972239052,0.02930745631989198,-0.07017382670980396,0.2718015924547905,0.7504346411992083,0.6287715265176463,-0.11548452919228898,0.16780208653684683,0.03926041090821523,-0.10913845779203284,0.26009499886021414,0.3073569031034644,0.9303897993549944,0.011438742637575936,0.19943848810520978,0.04628086775925214,-0.09243903208333097,0.2857443911259634,0.3412736758202121,0.9290253515616516,-0.038608991564803456,0.13767178403093067,0.0674693100082776,-0.07876416497655468,0.2442482148482421,0.958921214248678,-0.16559842087549184,-0.2289394189242799,-0.02517956175150259,0.07986954687019321,-0.14080603572619468,0.24468934255464342,0.7306474930231089,-0.6330888456777406,-0.2409529206968478,-0.08540751972239052,0.04818194386912553,-0.06402671198026567,0.2818766550975596,0.7382202180456119,0.6345914159162429,-0.17323078792431237,0.14938453276436994,0.05236834669835261,-0.11012828771802137,0.26758632858458575,0.3412736758202121,0.9290253515616516,-0.038608991564803456,0.13767178403093067,0.08099262426295314,-0.1265615336182781,0.2393851959816847,0.7306474930231089,-0.6330888456777406,-0.2409529206968478,-0.08540751972239052,0.10262083288761795,-0.05087974062194498,0.3041652764891075,0.8513705640472562,-0.3486564737770609,-0.19457867422416075,-0.3402145874361805,0.10033947522489027,-0.0918767255625442,0.2706624218496144,0.827531358100191,-0.44316357197217393,-0.1297282525502094,-0.3193250386800046,0.1024746633823268,-0.13749611887826016,0.2571749156665444,0.735023718375957,-0.5376044592835685,-0.26334774217469564,-0.31838584370963124,0.10252829817193898,-0.06571695025986579,0.28904221540721065,0.8521338742302849,-0.34913492845221206,-0.14560866546940607,-0.3616224255548491,0.10119794125418016,-0.03349544031488402,0.31901070993624586,0.8513705640472562,-0.3486564737770609,-0.19457867422416075,-0.3402145874361805,0.05810129584464,-0.09056280875570413,0.29674506746440016,0.4293220911358553,0.863753283614099,-0.2222114281078757,0.1422493877907985,0.08485315795230516,-0.08292666858550655,0.25654054186001624,0.9455635721244529,-0.19396786311361683,-0.2361403665938069,-0.1119094563266411,0.09656233246370308,-0.1376414702745916,0.2502523766756632,0.7306474930231089,-0.6330888456777406,-0.2409529206968478,-0.08540751972239052,0.06845399075936855,-0.06585598223400586,0.2896216146338367,0.7908919492312063,0.5445664166049361,-0.2737661643648639,0.05467567828817958,0.058877869023186244,-0.11195088532926444,0.28300668824478764,0.4293220911358553,0.863753283614099,-0.2222114281078757,0.1422493877907985,0.012355400496995905,-0.09641029343675714,0.26440764722488125,0.7223264298662817,-0.3411211203655001,0.24979580243554164,0.5472503696141298,0.051708575003324736,-0.14649116484588376,0.24362857801625343,0.4719723685739645,-0.6364444433438571,0.00946327680440838,0.6099926230959952,0.025677818317530812,-0.12572409431700282,0.2500631504972719,0.6598698911481997,-0.5290976468758942,0.12875710678286917,0.5177345017278254,0.011197888698042249,-0.07614173913832924,0.28013980016359136,0.7223264298662817,-0.3411211203655001,0.24979580243554164,0.5472503696141298,433,0.09451486616586235,-0.174359929536446,0.23452306861094666,0.7306474930231089,-0.6330888456777406,-0.2409529206968478,-0.08540751972239052,Static,Right
I,35,39,39,40,0.0,0.0,0.0,-1.0,0.0,0.0,0.0,0.03040830169646245,-0.09612132228329287,0.27694335380985097,0.3069053284890309,0.9306225697779842,0.010653468404608929,0.1990910735714014,0.04559641456727119,-0.08442425740149706,0.23872907241434863,0.9608523623293973,-0.18277509546723378,-0.20395648410371622,0.04192558735439197,0.06341816896441609,-0.1432454951460519,0.24021590340891924,0.7312661823105813,-0.632450762508849,-0.2406373991649753,-0.0857289083915084,0.02948415554344613,-0.07120454663552453,0.27235792207372883,0.7500123171087321,0.629381520676147,-0.11592296490833341,0.16709964638931168,0.03937902528839095,-0.11017182918869754,0.26058681307110065,0.3069053284890309,0.9306225697779842,0.010653468404608929,0.1990910735714014,0.04642770591253001,-0.09353359753695105,0.2862675319076463,0.34061720655877953,0.9292989080229495,-0.03917828431917747,0.13728991288967035,0.0676201596646181,-0.07977888075960596,0.24477919503641674,0.9591496565123764,-0.164545873403559,-0.2286745079575575,-0.025779087812009355,0.07999004876648816,-0.141829147206327,0.24509434499812702,0.7312661823105813,-0.632450762508849,-0.2406373991649753,-0.0857289083915084,0.048357521735944015,-0.06511654135082642,0.28244983592677797,0.7377717182705887,0.6351756305529516,-0.17356375150864858,0.1487293993599372,0.05248845212914613,-0.11120098780173808,0.2680798288495501,0.34061720655877953,0.9292989080229495,-0.03917828431917747,0.13728991288967035,0.08112039321764417,-0.12757327055614043,0.23982127460637134,0.7312661823105813,-0.632450762508849,-0.2406373991649753,-0.0857289083915084,0.10285998882865235,-0.0520026881569528,0.30471848247787703,0.8510704040860637,-0.3495159365111352,-0.19321308492799721,-0.34086138124776605,0.10049001829204482,-0.09295745485393114,0.2711598964610067,0.8278797157868544,-0.44243802026130086,-0.12904543214997521,-0.31970463064704613,0.10260213170037136,-0.13855127736995226,0.2575838038225506,0.7354999531946331,-0.5369960549342971,-0.26282913064735836,-0.3187411236706798,0.10270870121559157,-0.0668378434692279,0.2895926551312884,0.8519336233207171,-0.349531536782045,-0.14441871923082636,-0.3621878515165082,0.10151685489120185,-0.03460718625853776,0.3195592351181007,0.8510704040860637,-0.3495159365111352,-0.19321308492799721,-0.34086138124776605,0.05825930200442707,-0.09168895273356427,0.29725211517090877,0.4282218729660314,0.8643015310118488,-0.2224691602469526,0.1418321675187057,0.08500510162966983,-0.08397314608789856,0.2570598396541746,0.9457886412602909,-0.19295668707513883,-0.2358512539281818,-0.1123643582124862,0.09668843952362267,-0.13868047450969379,0.25066329358574413,0.7312661823105813,-0.632450762508849,-0.2406373991649753,-0.0857289083915084,0.06862142443724382,-0.06697048765754383,0.2901826545852016,0.7903100227992013,0.5454239600876835,-0.2738494509687305,0.05412254455880697,0.05902883933478352,-0.11304135423630693,0.283458034615726,0.4282218729660314,0.8643015310118488,-0.2224691602469526,0.1418321675187057,0.012516344945644641,-0.09743387224550326,0.2648938138508497,0.7229932265759497,-0.3401195115443479,0.24950136212591356,0.5471275742360694,0.05182493094535441,-0.14750071242011556,0.244022929043702,0.47267523203453765,-0.6361449973991181,0.008992507072349255,0.609767826407499,0.025802186876547294,-0.12673241441739913,0.2504827425239599,0.66072033993556,-0.5282613349478991,0.12857621841044142,0.5175487904089549,0.011388620046425772,-0.0771987727290013,0.28066984469225437,0.7229932265759497,-0.3401195115443479,0.24950136212591356,0.5471275742360694,445,0.09462062677067024,-0.17536766035267518,0.23486335417632595,0.7312661823105813,-0.632450762508849,-0.2406373991649753,-0.0857289083915084,Static,Right
I,35,40,40,41,0.0,0.0,0.0,-1.0,0.0,0.0,0.0,0.030581879977280405,-0.09671144216110254,0.27697911800923725,0.30465909330157737,0.9314634260832617,0.009361874095035689,0.19867329476132806,0.04577907466371852,-0.08487384838358197,0.23882573026685056,0.9613305376465685,-0.18083111370669294,-0.20372468054359524,0.04049642257245294,0.06350291472824933,-0.1437293940124284,0.24007445765811236,0.7324929956935246,-0.6311672006306508,-0.23989512162780569,-0.08678886292131296,0.029702724871338234,-0.07177125577470811,0.27251772099578964,0.7486150435609868,0.6311700874645763,-0.11679941849081084,0.16600522005150675,0.03952216954640476,-0.1106930811469892,0.2605458204798751,0.30465909330157737,0.9314634260832617,0.009361874095035689,0.19867329476132806,0.046602172564035024,-0.09419043402457472,0.2863206011040319,0.33869916732602373,0.9300224306207968,-0.040288221326488044,0.13681378518698767,0.06781049279897364,-0.0802895593323755,0.24489227053660412,0.9595095576483798,-0.16263203416785582,-0.22837659978698,-0.027135933991181638,0.08007865508236703,-0.14235998906937386,0.24495488405493585,0.7324929956935246,-0.6311672006306508,-0.23989512162780569,-0.08678886292131296,0.04858163856800914,-0.06575912283011684,0.2826315200391863,0.7364726608992563,0.6367128712386307,-0.1743860380658069,0.1476287542274164,0.05262837097731103,-0.11178813723134362,0.2680530840442259,0.33869916732602373,0.9300224306207968,-0.040288221326488044,0.13681378518698767,0.08123033690839872,-0.1280857855496421,0.23973796083824345,0.7324929956935246,-0.6311672006306508,-0.23989512162780569,-0.08678886292131296,0.10311520536068872,-0.05285034134178396,0.30498934458351157,0.8512957981224697,-0.3485170297670663,-0.19150154734726815,-0.3422842406903527,0.10066140421957491,-0.09362945492565561,0.2712156341969762,0.8289118764725967,-0.44002640611542343,-0.12796138898680073,-0.3207923719361041,0.10269575825800771,-0.13917137072133573,0.2574544210852813,0.7363405785742977,-0.5357357631456071,-0.2616920983665435,-0.31985463899117994,0.10291021907637678,-0.06762248352780062,0.2898015281881455,0.8522399467215203,-0.3481352514568078,-0.1428051794526898,-0.36344958471112687,0.10184520701860221,-0.03550469697976186,0.31989343240790885,0.8512957981224697,-0.3485170297670663,-0.19150154734726815,-0.3422842406903527,0.058431619563129575,-0.09245355320762272,0.29731377351800403,0.426228325790779,0.8651898106458948,-0.22341441606901266,0.14093262411752808,0.08519029270982548,-0.08456325459694551,0.2571530669970445,0.9462266952227791,-0.19061097881302372,-0.23542771847917096,-0.1135618130156921,0.09678161047457436,-0.13926343113539935,0.25053275785482354,0.7324929956935246,-0.6311672006306508,-0.23989512162780569,-0.08678886292131296,0.06882790516354809,-0.0677146327213175,0.29036600748230623,0.7890067523391217,0.5471903310141171,-0.27432861814730874,0.05286677286652856,0.059168713200137515,-0.11373881854052632,0.28341529505170515,0.426228325790779,0.8651898106458948,-0.22341441606901266,0.14093262411752808,0.012658455401054737,-0.09797102140247725,0.26500455653104327,0.7237873986184912,-0.33834382864591717,0.24855886499272395,0.5476072916350078,0.05190392359642482,-0.14797983259031636,0.2438680222904152,0.474474532198499,-0.6347296048019001,0.008145014466035133,0.6098572831592548,0.02590971395728139,-0.12721534118428965,0.25045113940051594,0.6620666297668825,-0.5265159495868238,0.12787810795336652,0.5177798007706308,0.011546501102511084,-0.07780419502633283,0.280869635054404,0.7237873986184912,-0.33834382864591717,0.24855886499272395,0.5476072916350078,456,0.09465109382172948,-0.1758820316628743,0.23458473113672557,0.7324929956935246,-0.6311672006306508,-0.23989512162780569,-0.08678886292131296,Static,Right
I,35,41,41,42,0.0,0.0,0.0,-1.0,0.0,0.0,0.0,0.03060317310015436,-0.09669535483781569,0.2769357025718983,0.3066594750961064,0.9309754538405413,0.011829943688296426,0.19774914187553555,0.045644273660357615,-0.08497232380820657,0.23867821678915663,0.9611715186935482,-0.1825193244385379,-0.2024733508919805,0.04290163210660788,0.06359769097024211,-0.14375001382349462,0.24012471924814127,0.7317701177107598,-0.6323115625695828,-0.24009804850156566,-0.08394944771785842,0.029626242938593582,-0.0717780850501936,0.27236160421371913,0.7499684522902362,0.6298852354942223,-0.1142017179691792,0.16658294717246372,0.03954059713929131,-0.1107298324209406,0.2605466185366808,0.3066594750961064,0.9309754538405413,0.011829943688296426,0.19774914187553555,0.046638129959300056,-0.09406233414934086,0.2862304097528373,0.3410156833310473,0.9293961995407477,-0.038018621996618325,0.1359617313178672,0.06767821922868804,-0.08028144936538138,0.24465657380873163,0.9595429103662528,-0.16445995211935185,-0.22719309481188235,-0.02477145503519764,0.08018659983376446,-0.14229728710116735,0.24494209537918885,0.7317701177107598,-0.6323115625695828,-0.24009804850156566,-0.08394944771785842,0.04851934858882891,-0.06564516155909628,0.28239038690861246,0.7381430328142699,0.635328838186378,-0.17188249699352645,0.14818413445362275,0.052660014084828,-0.11173942186212923,0.2680384747932707,0.3410156833310473,0.9293961995407477,-0.038018621996618325,0.1359617313178672,0.08126112136104974,-0.12804832810838473,0.23965129920948103,0.7317701177107598,-0.6323115625695828,-0.24009804850156566,-0.08394944771785842,0.1030855786235362,-0.052426688791223905,0.3044802269823754,0.8511686504741737,-0.35148527039511507,-0.19132075822627126,-0.3396562977731628,0.10066146383967142,-0.09339369464321963,0.2709290102527664,0.8286425411549352,-0.4423720274748817,-0.12822860928803126,-0.31814454585315705,0.10282351673670947,-0.13898312473859875,0.25734338244802546,0.7362780373376565,-0.5372130289825632,-0.26217533255789294,-0.3171133996281875,0.10287101774596616,-0.06728589800025986,0.2893786987050148,0.8521231511700162,-0.3510507029016826,-0.14275739159420628,-0.36092917085978915,0.10182320811798662,-0.034995046772957034,0.3192851070985299,0.8511686504741737,-0.35148527039511507,-0.19132075822627126,-0.3396562977731628,0.05848985665822497,-0.09221394033887186,0.29720147312770717,0.4294197355298813,0.8642580874564407,-0.22103403838977836,0.14071461500742655,0.08511194816498277,-0.0844416068256623,0.2568801724720332,0.9463299768612813,-0.1926816084975513,-0.23458449691883138,-0.11092108206225702,0.09688706710718278,-0.1391237425465663,0.2504413268536264,0.7317701177107598,-0.6323115625695828,-0.24009804850156566,-0.08394944771785842,0.06879027848528105,-0.06748940669307224,0.2900612107247961,0.7911393686070468,0.5451635170979496,-0.2720024749140926,0.05394342134167463,0.059233959016977325,-0.11359269858818966,0.28344701987078247,0.4294197355298813,0.8642580874564407,-0.22103403838977836,0.14071461500742655,0.012714322972560841,-0.09813313904502219,0.2652528790824329,0.7216764326583008,-0.33746272777201775,0.25124294277203074,0.5497081203852714,0.05203195642356212,-0.14802220104163064,0.24399179446966568,0.4721976954232097,-0.6334986479334361,0.008984122851239775,0.6128850504296153,0.025983648887721825,-0.12735863614102036,0.25067996059473674,0.6599836380321507,-0.525811830669603,0.1296556792886247,0.5207042549143739,0.011655478571090127,-0.07793750400926117,0.28108446447480023,0.7216764326583008,-0.33746272777201775,0.25124294277203074,0.5497081203852714,467,0.09484409916825835,-0.17581418058788573,0.23464505452954224,0.7317701177107598,-0.6323115625695828,-0.24009804850156566,-0.08394944771785842,Static,Right
I,35,42,42,43,0.0,0.0,0.0,-1.0,0.0,0.0,0.0,0.030556353933084722,-0.09643221781883343,0.2770067296400163,0.309300637682724,0.930251043207409,0.014049343977374253,0.19689776046058272,0.0454624673334935,-0.08486446819591649,0.2386368784550605,0.9609085213020611,-0.1846348044996584,-0.20131795494975438,0.045120767627647065,0.06361419122311734,-0.14356945380874667,0.24032222560988165,0.7308268977603956,-0.6336910293204623,-0.24023395210855722,-0.08133494404616698,0.02949635147983358,-0.07154465937386147,0.27229619586482706,0.7516603770654036,0.6281498832255209,-0.11183899197057115,0.16711206308542215,0.039486524213842265,-0.11054580322851841,0.2606826681159899,0.309300637682724,0.930251043207409,0.014049343977374253,0.19689776046058272,0.046602787306174995,-0.09368667984187778,0.28626147065314417,0.3438980530521124,0.9285325705093436,-0.03609544883765582,0.13512406589311135,0.06749801224430771,-0.08007727844664016,0.2445305653137181,0.9594577739555351,-0.1667577007003438,-0.2260957762939476,-0.022657210672569025,0.08021568591052605,-0.14204022897113927,0.24507534032972433,0.7308268977603956,-0.6336910293204623,-0.24023395210855722,-0.08133494404616698,0.04840912752402368,-0.06528881517664295,0.2822409629150116,0.7401828880582156,0.6334486698519991,-0.16965247256446878,0.14862743165813716,0.0526108612891099,-0.11146661886683815,0.26816522702955553,0.3438980530521124,0.9285325705093436,-0.03609544883765582,0.13512406589311135,0.08121809684211075,-0.1278218812466343,0.23969976247154864,0.7308268977603956,-0.6336910293204623,-0.24023395210855722,-0.08133494404616698,0.10300758059361843,-0.05176876020882801,0.3040378623521914,0.8507513616164807,-0.35489373206500113,-0.19139908095526698,-0.3371037695697849,0.10059862946692243,-0.09296608737690112,0.2707663094777621,0.827951201467194,-0.44534346934703356,-0.12861352284346805,-0.3156335914328045,0.10286602995665363,-0.13860904867848436,0.25737752657410173,0.7359510778062162,-0.5389043187118613,-0.2626763174476781,-0.31457796903422874,0.10278193665592604,-0.06673263790851396,0.28903985701807355,0.851704844304192,-0.35443602458613194,-0.1429633242435393,-0.3585184103858372,0.10175151933695428,-0.03423613530802968,0.31872285565172714,0.8507513616164807,-0.35489373206500113,-0.19139908095526698,-0.3371037695697849,0.05847511289106158,-0.09170633766309963,0.2972172153590689,0.4334513443800143,0.8627958282585853,-0.21898698890623922,0.14052753995042674,0.08498023811127015,-0.08412653886077445,0.2567219169137268,0.9462355965202808,-0.19540155453671595,-0.233853299424325,-0.1084853110374874,0.09691070196891481,-0.13880008136518493,0.25049404278527304,0.7308268977603956,-0.6336910293204623,-0.24023395210855722,-0.08133494404616698,0.068702004504689,-0.0670197928427106,0.2898448070853743,0.7937137356019917,0.5423413780670978,-0.2699407558381348,0.054921069641344224,0.05920543592156434,-0.11320325420009242,0.2836474763537423,0.4334513443800143,0.8627958282585853,-0.21898698890623922,0.14052753995042674,0.012739758461235227,-0.09805871351950232,0.26568069156272833,0.7197455945373193,-0.3360340970298174,0.25454898365648143,0.5515905906530029,0.05207946327810225,-0.14785204192088572,0.24426847031798732,0.4699901020332777,-0.632088906500802,0.010185795383554496,0.6160106880905347,0.025992223223130193,-0.1272759398283913,0.25107611513785755,0.6580175223704943,-0.5248125799200085,0.13194636108432756,0.5236170871998976,0.011778751201753025,-0.0778339700530878,0.2814824725625065,0.7197455945373193,-0.3360340970298174,0.25454898365648143,0.5515905906530029,478,0.09493917784096124,-0.1755664778823248,0.23486904416903803,0.7308268977603956,-0.6336910293204623,-0.24023395210855722,-0.08133494404616698,Static,Right
I,35,43,43,44,0.0,0.0,0.0,-1.0,0.0,0.0,0.0,0.03019861357002285,-0.09566716321648133,0.27724737924380743,0.31125466141131924,0.9293737657338849,0.012127997122368991,0.19808546388148485,0.0452913583454196,-0.08428434013950091,0.23889629348417218,0.9602874539268861,-0.1867197017799034,-0.20273477957243846,0.04338626452643249,0.06321627212667648,-0.14304733588037422,0.24085740298968059,0.7291532389973164,-0.6352169652916514,-0.24054526916117552,-0.0835040989985825,0.029246057845647412,-0.0707916272020834,0.2724480736077433,0.7528051833166635,0.6263590762391819,-0.11410786440799009,0.16714681829042136,0.03914044519656779,-0.10986782285839201,0.261005930758616,0.31125466141131924,0.9293737657338849,0.012127997122368991,0.19808546388148485,0.046213648309278356,-0.09293618508366581,0.28656491833621395,0.3459253208355345,0.9275239303359616,-0.03837049176829448,0.13624513356601858,0.06732229135234155,-0.07955993417735079,0.24485669994257064,0.9586827508985833,-0.16888248619804144,-0.22761496319194363,-0.024444171416175334,0.07980708059301617,-0.14156477577323043,0.24566464751871567,0.7291532389973164,-0.6352169652916514,-0.24054526916117552,-0.0835040989985825,0.04815002184202655,-0.06456174254957846,0.28244086518167716,0.7413870862292928,0.6313877379904775,-0.17204219923151412,0.1486478872076272,0.052216489141050725,-0.11081093973092677,0.26856203606007206,0.3459253208355345,0.9275239303359616,-0.03837049176829448,0.13624513356601858,0.08087994044311726,-0.12737261175722914,0.24023784567186748,0.7291532389973164,-0.6352169652916514,-0.24054526916117552,-0.0835040989985825,0.10272729181384524,-0.05117830232564317,0.3043957341449748,0.8489121688137468,-0.3567180623504688,-0.1925863755406144,-0.3391324838304307,0.10027547699544632,-0.09248563701352422,0.2712600102494622,0.8264028874233728,-0.4462983860420897,-0.12989068726771327,-0.31781193752856285,0.10242043433130422,-0.13818104501183529,0.25803390848457136,0.7339529356585227,-0.5400433639981397,-0.2635688488487079,-0.31654022675858484,0.10248606706388041,-0.06620192916251612,0.2894584963719998,0.8499840831034322,-0.3559069602693242,-0.1442872205233203,-0.36060850252915855,0.10150862734421319,-0.03357473567917495,0.3189988072199757,0.8489121688137468,-0.3567180623504688,-0.1925863755406144,-0.3391324838304307,0.058042383939026096,-0.09097919402759987,0.2975763074133474,0.4354046254733629,0.8610463435565696,-0.22129095372200966,0.1416062151357277,0.08474338415493465,-0.08363408858166338,0.25712769478623587,0.9452859484200753,-0.19708979327687418,-0.2355001660645113,-0.11013519369041652,0.09648970651200636,-0.1383729192708883,0.2511277497981438,0.7291532389973164,-0.6352169652916514,-0.24054526916117552,-0.0835040989985825,0.0683984416401739,-0.06636716399399434,0.29013344186872014,0.7945126927334406,0.5399632473208323,-0.27236493358693187,0.05483261420345789,0.058726644262397966,-0.11254211744355445,0.28411009500719775,0.4354046254733629,0.8610463435565696,-0.22129095372200966,0.1416062151357277,0.01238540019279909,-0.09731663924157999,0.26598882707134225,0.7199623762160734,-0.3378242810351709,0.25450291901498084,0.5502337650392143,0.05165392307092662,-0.14727093804366986,0.24478409957576966,0.47017149557033566,-0.6331479758346431,0.01141426292360185,0.6147618401068491,0.025615538185419926,-0.1266020959562748,0.2514995662997244,0.6579753219229773,-0.5262612165158075,0.13238689270758927,0.5221027852548634,0.011402006318032048,-0.07704270235271134,0.28172536365069284,0.7199623762160734,-0.3378242810351709,0.25450291901498084,0.5502337650392143,489,0.09443758150747512,-0.17518428970828953,0.23561901743581967,0.7291532389973164,-0.6352169652916514,-0.24054526916117552,-0.0835040989985825,Static,Right
I,35,44,44,45,0.0,0.0,0.0,-1.0,-1.734723475976807e-18,0.0,-4.336808689942018e-19,0.029912364094377072,-0.09513541137516475,0.27740283840970986,0.3127388253038501,0.9286493277281346,0.010526154840392564,0.19923366513199492,0.04517036512376386,-0.08389393719065735,0.23907535737134408,0.9597537472853818,-0.18832675510924154,-0.20407214383383776,0.041956382026491344,0.06290544174700792,-0.14270479072199874,0.24125721668916839,0.7278007009860659,-0.6363780556420352,-0.24089827347795312,-0.08542325079739867,0.029047202468791115,-0.07026988548613765,0.27253737382513643,0.7536443434116334,0.6249425589379136,-0.11608379236992548,0.1673067686042508,0.03886938259987732,-0.10940288793268474,0.2612281403855504,0.3127388253038501,0.9286493277281346,0.010526154840392564,0.19923366513199492,0.04589676787190018,-0.0924133013055489,0.2867798388707315,0.34752933013048687,0.9266847355116888,-0.0403229907003724,0.13730557923720402,0.06719571846420314,-0.07922405577060365,0.2450992599893681,0.9580141458011757,-0.1705497531195047,-0.22901371134980028,-0.02596917729752001,0.07948658463460005,-0.14126165699182866,0.24611425432316902,0.7278007009860659,-0.6363780556420352,-0.24089827347795312,-0.08542325079739867,0.04794311094082735,-0.06405873024592607,0.2825754689929669,0.7423107827271903,0.6297013815967685,-0.1741478893077,0.14873931730292464,0.05190100396388584,-0.11036431875811421,0.2688529432284461,0.34752933013048687,0.9266847355116888,-0.0403229907003724,0.13730557923720402,0.080618671712889,-0.12709038378328144,0.2406482822690985,0.7278007009860659,-0.6363780556420352,-0.24089827347795312,-0.08542325079739867,0.10249759643768959,-0.050794139422860075,0.3046805920070847,0.8473642955190563,-0.358157422980406,-0.19361112343537243,-0.3408984363789617,0.10001686290928385,-0.09218557790966925,0.27164717802739236,0.8251562976302129,-0.44692633701970125,-0.13103665423552416,-0.31969255387967893,0.10206386077591925,-0.13792061202232742,0.25854445172909896,0.7323173920650625,-0.5408500409953394,-0.26437521690098126,-0.3182738052729513,0.102244449225397,-0.06586543669520245,0.28979088764408295,0.8485536051098563,-0.35701576421023173,-0.1454402235888736,-0.3624136651988565,0.10130873024965523,-0.03313401075841438,0.3192176572109755,0.8473642955190563,-0.358157422980406,-0.19361112343537243,-0.3408984363789617,0.05768397223318175,-0.09048267586318504,0.2978440414966184,0.436993348485771,0.8595624627846422,-0.22329508217045851,0.14257802155059723,0.08456106897522928,-0.08332205087949184,0.25743952444021084,0.9444931672232024,-0.1983025362995975,-0.23700092712106233,-0.11153170719390866,0.09615620448493009,-0.13811134028082675,0.25161959751554724,0.7278007009860659,-0.6363780556420352,-0.24089827347795312,-0.08542325079739867,0.06814940015381839,-0.06593321480121461,0.2903488051424556,0.7951101600395626,0.5380073178928985,-0.27449181795770033,0.05479234590549669,0.058330104665806175,-0.11210128661287268,0.28446334718978245,0.436993348485771,0.8595624627846422,-0.22329508217045851,0.14257802155059723,0.012087542638475519,-0.09681274013596565,0.26621178701614445,0.7199731772237044,-0.3395172786499761,0.25409825867080377,0.5493639199264767,0.05131877898841672,-0.14687836822430028,0.2451657829161829,0.47040735538169914,-0.6338978850856222,0.012249389711213598,0.6137917755546046,0.025317781203504277,-0.12614299690285039,0.2518148301675241,0.657871285854351,-0.5274866150106678,0.13245755112278154,0.5209781563400582,0.01105863039333771,-0.07649970766759995,0.281895809125633,0.7199731772237044,-0.3395172786499761,0.25409825867080377,0.5493639199264767,500,0.09404162496157482,-0.174956711795959,0.23619730454882892,0.7278007009860659,-0.6363780556420352,-0.24089827347795312,-0.08542325079739867,Static,Right
I,35,45,45,46,0.0,0.0,0.0,-1.0,0.0,0.0,0.0,0.02961949641929845,-0.09466086726740654,0.2775441501348022,0.3141411248637477,0.927961218250402,0.008998612856674764,0.20030565658319438,0.04503185535263603,-0.08355541819538344,0.23924058597924783,0.9592438224025313,-0.1898549913737379,-0.20532622899516903,0.040589544462614466,0.06258082082534588,-0.14241264466847878,0.2416304539112477,0.7265105418081844,-0.6374925670060121,-0.24118293475758462,-0.08727228446295146,0.028836888721877493,-0.0698049178688088,0.2726153160245604,0.7544410932823258,0.6235937878520668,-0.11795656284443046,0.16743856724544848,0.03858977309755217,-0.10899088145203426,0.2614327724226404,0.3141411248637477,0.927961218250402,0.008998612856674764,0.20030565658319438,0.04557363860940726,-0.09194741958012767,0.2869776796241393,0.3490695128189194,0.9258762987563853,-0.04221581733980295,0.13828007588901417,0.06705169860330748,-0.07893881390452835,0.24532342142314395,0.9573724039680629,-0.17215684073150198,-0.230317638444346,-0.027457016064752135,0.07915162136750994,-0.14100755312951363,0.24653421666641284,0.7265105418081844,-0.6374925670060121,-0.24118293475758462,-0.08727228446295146,0.04772777281045099,-0.06361190043466633,0.282696357211486,0.7432036943656353,0.6280756299236085,-0.17616439813930065,0.14877962429564065,0.05157560891375092,-0.10997174492766176,0.26912378984538177,0.3490695128189194,0.9258762987563853,-0.04221581733980295,0.13828007588901417,0.08034101353474425,-0.12685706567624977,0.2410306529929788,0.7265105418081844,-0.6374925670060121,-0.24118293475758462,-0.08727228446295146,0.10226197767043176,-0.050466437505041796,0.3049425461582589,0.8458679786128529,-0.35954850926563103,-0.19454172953321935,-0.34261603539894714,0.09974855822437569,-0.09193732878879232,0.2720077633622612,0.8239531001009902,-0.4475306794234077,-0.13208653575477938,-0.32151318305956317,0.10169622797691086,-0.1377104794425313,0.2590220070205935,0.7307459280002768,-0.5416341246639209,-0.2650964519119676,-0.3199480190503581,0.10199462198216673,-0.06558237859485919,0.29009835713005255,0.8471718970283312,-0.3580800694056399,-0.14649662179219836,-0.36416641880237166,0.1011046666407868,-0.03275247847839425,0.31941665202988045,0.8458679786128529,-0.35954850926563103,-0.19454172953321935,-0.34261603539894714,0.05732128180404313,-0.09004525259515556,0.298093564255279,0.43854293504621594,0.8581192878166315,-0.22524098540012638,0.14344992329767006,0.08436520224358748,-0.08305986989085039,0.2577290663179333,0.9437394695549581,-0.19943893058789364,-0.23840169406011985,-0.11289180147091689,0.09580996800590569,-0.13789940519452512,0.2520779681660092,0.7265105418081844,-0.6374925670060121,-0.24118293475758462,-0.08727228446295146,0.06789351434150664,-0.0655579669739563,0.2905464751422762,0.7956909256278056,0.5361158414674538,-0.27652135193498506,0.054696410533580174,0.0579265706090161,-0.1117158321418214,0.28479606856721024,0.43854293504621594,0.8581192878166315,-0.22524098540012638,0.14344992329767006,0.011770133929069754,-0.09636488920393428,0.266420380228325,0.7198749447282053,-0.3412697191002162,0.25361481224425503,0.5486297201101435,0.05097077206343868,-0.14653810944662038,0.24552114049724386,0.47066452590922875,-0.634546000065412,0.013065034955416098,0.6129074829966111,0.025007278176627203,-0.1257366347465332,0.25211353456094676,0.6577103820706226,-0.52869131040786,0.13247385534805634,0.5199550261945335,0.010688135045165203,-0.07601558980706434,0.28205222277716674,0.7198749447282053,-0.3412697191002162,0.25361481224425503,0.5486297201101435,512,0.093630328466181,-0.17477531744797092,0.23673788456281364,0.7265105418081844,-0.6374925670060121,-0.24118293475758462,-0.08727228446295146,Static,Right
I,35,46,46,47,0.0,0.0,0.0,-1.0,0.0,0.0,0.0,0.02846442179053786,-0.09592541900800983,0.2777712355307297,0.3066926142587417,0.9295218762351438,0.007432617703693209,0.20463010080021773,0.0441508183218184,-0.08413415263743936,0.239776539226618,0.9598905126660783,-0.1816656299966765,-0.20984517088988444,0.03965862864194154,0.06188760419936154,-0.14296653071597062,0.24136361369208625,0.7306515440447536,-0.6309463175979744,-0.24465355514528345,-0.09055221393951399,0.027642585125141127,-0.07099505825675854,0.27324356600790956,0.748553295849823,0.6292590117965386,-0.12141980494490233,0.17017135573401607,0.0376080127673732,-0.10998064767511206,0.2615144669968604,0.3066926142587417,0.9295218762351438,0.007432617703693209,0.20463010080021773,0.04434606914864696,-0.09332742519250678,0.28734321350433967,0.3404372022566893,0.9284049496197454,-0.04265540866574842,0.1426438815819099,0.0661036520936513,-0.0795373082802062,0.24611649012087952,0.95783744352699,-0.1636399093031103,-0.23448920295719985,-0.02800402752190062,0.07840814035980773,-0.1415841920034627,0.2464350709437342,0.7306515440447536,-0.6309463175979744,-0.24465355514528345,-0.09055221393951399,0.046399464186650266,-0.0649121727520228,0.28357219553017415,0.736618070540359,0.6342884220970492,-0.17907893619177404,0.1516665762765711,0.05058633498693957,-0.11100772878782839,0.2692280359991454,0.3404372022566893,0.9284049496197454,-0.04265540866574842,0.1426438815819099,0.07960094165673945,-0.12733476608645247,0.24118079496110137,0.7306515440447536,-0.6309463175979744,-0.24465355514528345,-0.09055221393951399,0.10083688705967128,-0.05191297722265201,0.30651075617667245,0.8475796250493337,-0.3533220953389526,-0.19401959316548995,-0.3451502189111589,0.09862285197651972,-0.09284166233470872,0.2728661246636259,0.8278020098039992,-0.43856107614059586,-0.1331665511080028,-0.32353467314163065,0.10084348948612673,-0.13839706149826864,0.2591778021550185,0.7344424724305835,-0.5340429716632774,-0.2665798307377206,-0.32299775997823255,0.10065150685524246,-0.06681202780826218,0.2914478353169176,0.8493281367299457,-0.3509613241748022,-0.14617138642428498,-0.3661991137115306,0.09963327076613471,-0.034389632868447574,0.3212097581653078,0.8475796250493337,-0.3533220953389526,-0.19401959316548995,-0.3451502189111589,0.055971688706836886,-0.09158082345150621,0.298608950286573,0.42991773068850336,0.8616830698933897,-0.22663586970535962,0.1459767600053055,0.08332777201660538,-0.08379324223276596,0.25859983230441136,0.9446365797155268,-0.19031341808531888,-0.2417956931453759,-0.11391829500295843,0.09501699134113732,-0.1384969698029707,0.25218331677744515,0.7306515440447536,-0.6309463175979744,-0.24465355514528345,-0.09055221393951399,0.06650954160614092,-0.06692661019515717,0.2915752904296359,0.789766050707713,0.5432497669596862,-0.27928225688440633,0.056131068378760314,0.056774931564636866,-0.1130171756566576,0.28494790815765436,0.42991773068850336,0.8616830698933897,-0.22663586970535962,0.1459767600053055,0.010610702289274378,-0.09747995416612572,0.2662500960726558,0.7222120651468447,-0.34062952810997055,0.24408976531949447,0.5502739717651407,0.050255344546634446,-0.14720006924653242,0.24506950047958875,0.47442396115701735,-0.634409541705973,0.004815431460231515,0.6102649015733694,0.024148318133371184,-0.12658553064138728,0.2516828521226027,0.6611303396930845,-0.5273359767726816,0.12365527489709943,0.5191654982071049,0.009201125696690689,-0.07735480583784844,0.2821448565802724,0.7222120651468447,-0.34062952810997055,0.24408976531949447,0.5502739717651407,523,0.09309815354968728,-0.17513325135926405,0.23624606844976634,0.7306515440447536,-0.6309463175979744,-0.24465355514528345,-0.09055221393951399,Static,Right
I,35,47,47,48,0.0,0.0,0.0,-1.0,0.0,0.0,0.0,0.02818479612446051,-0.09609054442990207,0.2768807340798337,0.3071380002682096,0.9290357609085929,0.007115792972407741,0.20617509363308428,0.04399593051487427,-0.08436894591041445,0.2389306838501408,0.9593722657564772,-0.18262629737011205,-0.21141286903792902,0.03945997986971475,0.06172370368857861,-0.14320297252464523,0.24070255931350262,0.7294865365014792,-0.6316317652569543,-0.24605097417848426,-0.09137627858081464,0.027376906657270744,-0.07116566613071235,0.2723185457475327,0.7487584110291579,0.6284884262684166,-0.122534279989319,0.17131401048145198,0.037384024959243985,-0.11015960201352851,0.26066769819651153,0.3071380002682096,0.9290357609085929,0.007115792972407741,0.20617509363308428,0.044027589191145966,-0.09346398105949683,0.2865110854601017,0.3413502012612514,0.9277904370882128,-0.04311427106461856,0.1443125239788038,0.06592604114976697,-0.07975777119070385,0.2453375930305231,0.9572590185794871,-0.16457290492403226,-0.23618565416498585,-0.028058280057054893,0.07822377310223055,-0.14180832697661888,0.2458329782184301,0.7294865365014792,-0.6316317652569543,-0.24605097417848426,-0.09137627858081464,0.04609143519300957,-0.06505539953044212,0.2826944413598951,0.7368928297005162,0.6333397526978176,-0.180197697980688,0.15296569821726017,0.05032964055576314,-0.11118256470876989,0.2684552052527719,0.3413502012612514,0.9277904370882128,-0.04311427106461856,0.1443125239788038,0.07944035710041308,-0.12756638712905768,0.24056085874389094,0.7294865365014792,-0.6316317652569543,-0.24605097417848426,-0.09137627858081464,0.10039768008054924,-0.052048565696427594,0.30586667525800904,0.846944725604555,-0.353428075958723,-0.19570690465135068,-0.345647268709775,0.09835003459509169,-0.09299858523728109,0.2722326969983739,0.827665115937011,-0.4377106480922504,-0.13532351187773298,-0.3241410056452493,0.1006195003252646,-0.13858632814607416,0.2586583675570591,0.7333527408087206,-0.5343222784134187,-0.26825411095880014,-0.32362507982715816,0.10026561915319457,-0.0669695184489077,0.2908249109043927,0.8488222675002247,-0.3509216344231153,-0.14792290001682162,-0.36670639528129306,0.09914580452969175,-0.03450024394703662,0.3205340427922674,0.846944725604555,-0.353428075958723,-0.19570690465135068,-0.345647268709775,0.05560227958344144,-0.09172954371094995,0.2978227671832792,0.43028151544254284,0.8610607851963687,-0.227156100822021,0.14775739414600408,0.08310622748153142,-0.08398437088216021,0.257892297553292,0.944100395247061,-0.1906544811960489,-0.24364603464471568,-0.11385043827809678,0.09481773498700205,-0.13870312615192518,0.25164249126214316,0.7294865365014792,-0.6316317652569543,-0.24605097417848426,-0.09137627858081464,0.06615736332289136,-0.06708420166808515,0.2907834503951671,0.7897390221512636,0.5424936378980278,-0.2805575384984665,0.057449084617695774,0.056458246674976925,-0.11319042331847767,0.28420330637128643,0.43028151544254284,0.8610607851963687,-0.227156100822021,0.14775739414600408,0.010320075211930707,-0.09768411959615654,0.2652559263434917,0.7221442046502304,-0.3429163955780484,0.24282991499461715,0.5494995229457006,0.0500746796769448,-0.1474321562216311,0.24436166929183464,0.47353634322761207,-0.6363623296115793,0.004238741836812954,0.6089239280580012,0.023927364805868736,-0.12681716027943937,0.25080762968080905,0.660784869884731,-0.5291627899947288,0.12270690830916907,0.517970184537314,0.008815255503973708,-0.07752406996820066,0.28109524427845667,0.7221442046502304,-0.3429163955780484,0.24282991499461715,0.5494995229457006,534,0.0929556766696179,-0.1753759977586101,0.2357841822431382,0.7294865365014792,-0.6316317652569543,-0.24605097417848426,-0.09137627858081464,Static,Right
I,35,48,48,49,0.0,0.0,0.0,-1.0,0.0,6.93889390390723e-18,-4.336808689942019e-19,0.02790662898370376,-0.09627033851277526,0.2760365175686028,0.30736767343978905,0.9286132876699602,0.006856605193800338,0.20773892810981628,0.043838468606256065,-0.0846040041987247,0.2381356911275596,0.9588786498489437,-0.18341430667708014,-0.21299251809889483,0.03930794072353414,0.06156573638670673,-0.14343540613105332,0.24007213676764397,0.7284327145180542,-0.63217724221787,-0.24746785862150125,-0.09218120085438349,0.027108217013043952,-0.07135012511375578,0.2714471450110041,0.7488336794989474,0.6278642450600112,-0.12361249572676389,0.172495104636308,0.037163493373906384,-0.1103447489640201,0.25986042131174,0.30736767343978905,0.9286132876699602,0.006856605193800338,0.20773892810981628,0.04370859866278707,-0.09361408516502301,0.2857265289934612,0.34211987676668043,0.9272260207564383,-0.043539604441602694,0.14598013288938075,0.06574527720512113,-0.07997635935221316,0.24460936405621816,0.956708085100703,-0.16533849709991755,-0.2378734627033022,-0.028089802797944707,0.07804538523039573,-0.14202921604520846,0.245262628019074,0.7284327145180542,-0.63217724221787,-0.24746785862150125,-0.09218120085438349,0.04578066746270881,-0.06521087973744553,0.2818721038317507,0.7370639852256969,0.632511026690231,-0.181293735110249,0.1542694539053613,0.05007514055180934,-0.11136479207399415,0.26772576257624625,0.34211987676668043,0.9272260207564383,-0.043539604441602694,0.14598013288938075,0.07928373447129795,-0.1277923468540985,0.23997602572716822,0.7284327145180542,-0.63217724221787,-0.24746785862150125,-0.09218120085438349,0.09994568085395572,-0.05219850651546868,0.3052844834301177,0.8464371757226925,-0.3532700451069786,-0.1974191582483817,-0.34607811075132405,0.09807796774683522,-0.09315880640887132,0.27164484668427846,0.827641605836089,-0.4366820952490954,-0.13748821529649663,-0.32467693270773645,0.10040121405201,-0.13877249956605067,0.2581693364094058,0.7323750135045343,-0.534463442444588,-0.269900170787641,-0.32423689810587003,0.09987180512338543,-0.06713402928777339,0.290256593761425,0.8484382373760277,-0.3506499621512743,-0.14968457750495642,-0.3671398761490389,0.09863923671860542,-0.034635732873315256,0.3199276759001935,0.8464371757226925,-0.3532700451069786,-0.1974191582483817,-0.34607811075132405,0.055233274839187205,-0.09189489333106755,0.29708465372720033,0.4304958461790639,0.8605239820369699,-0.22762962044440854,0.14952109770244187,0.08288172808410428,-0.08417479670097894,0.25723247714692143,0.9436051240180534,-0.1908176389358482,-0.2454796599836154,-0.11374416526640348,0.09462410973953339,-0.13890390702605582,0.25113400700402483,0.7284327145180542,-0.63217724221787,-0.24746785862150125,-0.09218120085438349,0.06580284299584825,-0.06725469265000081,0.29004596397850063,0.7896207365164122,0.5418849838638726,-0.28178941290381165,0.05877485432950415,0.056145769264297554,-0.11337516988923015,0.2834999812280566,0.4304958461790639,0.8605239820369699,-0.22762962044440854,0.14952109770244187,0.010028757112416246,-0.09790407203628736,0.26430927044372393,0.722071972216411,-0.34508443600549144,0.24145620995771147,0.5488421427324364,0.049902018853191,-0.14766339669507186,0.24368374127103687,0.472704741466534,-0.638209079622864,0.003509272250566596,0.6076405870992042,0.02370947208487211,-0.12705569134243952,0.24997045837048706,0.660482439079608,-0.5308618552343723,0.12163784120069382,0.5168683332461053,0.0084256007522907,-0.07771288525415182,0.28010168492074095,0.722071972216411,-0.34508443600549144,0.24145620995771147,0.5488421427324364,545,0.09282327353404513,-0.17560830084314288,0.23534177712724114,0.7284327145180542,-0.63217724221787,-0.24746785862150125,-0.09218120085438349,Static,Right
I,35,49,49,50,0.0,0.0,0.0,-1.0,0.0,0.0,0.0,0.028316346414717978,-0.09647052449340109,0.27650935761686224,0.3056883280370988,0.929302411577752,0.006275345400884285,0.2071528275881294,0.04421841576130159,-0.08465627376915029,0.23863301195996198,0.9593846812002308,-0.18146203166682318,-0.21249992781540403,0.03868262168117055,0.061913202946610624,-0.14350354045127237,0.2403477339519595,0.7296250799056475,-0.6310120885272357,-0.24679890320523312,-0.09252722994809452,0.027531262148976762,-0.07153148802577766,0.27201756056420767,0.7477395724884169,0.6293635004686914,-0.12377547942690521,0.1716588089941053,0.03754647136055751,-0.11049034887938988,0.2602708576039231,0.3056883280370988,0.929302411577752,0.006275345400884285,0.2071528275881294,0.044126282964436964,-0.0938463890777481,0.28619227358335586,0.340496814649567,0.9279036768981415,-0.043947382661762756,0.14534549586962991,0.06613304648347003,-0.08006287926894831,0.24510384531251445,0.9571299679718916,-0.1635839127580113,-0.23731109801496916,-0.028739705214822574,0.07839917203368967,-0.14212497845225516,0.24552749959093778,0.7296250799056475,-0.6310120885272357,-0.24679890320523312,-0.09252722994809452,0.04621243308124109,-0.06543021256853225,0.282441346459665,0.7360137952105386,0.6339076164970961,-0.18142258186700663,0.1533971114312755,0.05046407430394867,-0.11153503154764445,0.2681199441953386,0.340496814649567,0.9279036768981415,-0.043947382661762756,0.14534549586962991,0.07964113162291912,-0.12787031894255416,0.2402896038644835,0.7296250799056475,-0.6310120885272357,-0.24679890320523312,-0.09252722994809452,0.10041964990323715,-0.05253987003814335,0.3058744896304468,0.8468495159244058,-0.3524993039146778,-0.195777780864806,-0.34678696434254763,0.0984822191779733,-0.09335776294096784,0.27206251605364473,0.8286055504884402,-0.43490270528361386,-0.13633934550620166,-0.32509085115346403,0.10076912342813221,-0.13892645524347752,0.25842496232176937,0.7333422756529607,-0.5334039109800672,-0.26885038162682445,-0.32466728629539593,0.10030349587930425,-0.06742183820436551,0.2907937437025335,0.848931373163953,-0.34951439625979525,-0.14815297193192736,-0.36770355909734365,0.0991728535802873,-0.03501869179110687,0.320574198156967,0.8468495159244058,-0.3524993039146778,-0.195777780864806,-0.34678696434254763,0.05565828953440696,-0.0921991802194752,0.29754496456159507,0.42895681027967236,0.8613755741992148,-0.22797157755125383,0.14851644661940497,0.08327857692897218,-0.08431604971502558,0.25769629423633283,0.9441145448015194,-0.18881635851425765,-0.24478473436611367,-0.11435271257362686,0.09498515893287793,-0.13902975878981366,0.2513941581647079,0.7296250799056475,-0.6310120885272357,-0.24679890320523312,-0.09252722994809452,0.06623404797566511,-0.06753632936564788,0.2905986096070869,0.7886415621221623,0.5434812083721208,-0.2816702572130803,0.05774537939447966,0.0565449006573018,-0.1136264533483681,0.28387473910710515,0.42895681027967236,0.8613755741992148,-0.22797157755125383,0.14851644661940497,0.010407185582064594,-0.09802723794355965,0.26477305864724454,0.7225989330727646,-0.34381511277970167,0.2407649161457979,0.54924876449537,0.05025065053223721,-0.14773886394308086,0.24395550945796418,0.47399258656670734,-0.6371301278912211,0.0028661669262915624,0.6077729947112404,0.02407726645865869,-0.12713631019119026,0.25033570585285714,0.6613304332875528,-0.5296983009982936,0.12100317927289558,0.5171266755187459,0.008813043150512272,-0.07788681681595652,0.28062871069030854,0.7225989330727646,-0.34381511277970167,0.2407649161457979,0.54924876449537,556,0.09314913088006668,-0.17567778801474465,0.23547635828790683,0.7296250799056475,-0.6310120885272357,-0.24679890320523312,-0.09252722994809452,Static,Right
I,35,50,50,51,0.0,0.0,0.0,-1.0,0.0,0.0,0.0,0.028625259460700478,-0.09601265025156422,0.2762817853052901,0.3097898716983951,0.9283136025655278,0.004262511796689638,0.20553812706669905,0.04455141672775424,-0.08454543797552866,0.2382913364750721,0.9590480932944394,-0.18521371039704213,-0.21114591794955942,0.036606523496486854,0.061887374178032736,-0.1434904160565284,0.2403700397517806,0.7273613586315791,-0.6342979670313333,-0.2446869920729025,-0.09348699856052886,0.02799124529171006,-0.07110229069133804,0.27161287551672475,0.7506167823784617,0.6263949320916816,-0.12464531941652827,0.16931443945870162,0.0377436134252098,-0.11021083020375053,0.2601360819752009,0.3097898716983951,0.9283136025655278,0.004262511796689638,0.20553812706669905,0.04445805287183885,-0.0934323243295007,0.28593346443050666,0.3445710784330391,0.9265347847584753,-0.046207417520953316,0.1437669611075602,0.06650200332127679,-0.08004270373269491,0.24470063702495123,0.9566860125745991,-0.16731023881960097,-0.23625545221883743,-0.03070046623611735,0.07838603256261689,-0.1421788547396807,0.24552265650649263,0.7273613586315791,-0.6342979670313333,-0.2446869920729025,-0.09348699856052886,0.04672039492269832,-0.06505871150928037,0.2819740153560596,0.7389268554317384,0.6307491495511884,-0.18238331170752753,0.15125786020174348,0.05065470530901112,-0.11130100265493989,0.2679896190378694,0.3445710784330391,0.9265347847584753,-0.046207417520953316,0.1437669611075602,0.07971147282309743,-0.12796276812543714,0.2401936645293715,0.7273613586315791,-0.6342979670313333,-0.2446869920729025,-0.09348699856052886,0.10104730420141245,-0.05227271656084858,0.3051819694968502,0.844471093258728,-0.3569260858884956,-0.19538589527186379,-0.34827674885289056,0.0988076968474051,-0.09335203767955691,0.2717065986202505,0.8259362419961142,-0.4389881161269398,-0.13564829464348274,-0.3266776671536821,0.1007968715990717,-0.1390241318185562,0.25837609199950556,0.730716256547797,-0.5369278294301358,-0.2678217906950429,-0.3256282340785541,0.10081815685938449,-0.06727449656444245,0.29022173286037245,0.8465344955123879,-0.35365178666393804,-0.14792614306693336,-0.3693610941806574,0.09993377052160853,-0.03462247990661953,0.3197357740438974,0.844471093258728,-0.3569260858884956,-0.19538589527186379,-0.34827674885289056,0.056011743759618454,-0.09174085147857554,0.29726821420561067,0.4333687625054596,0.8588489005490031,-0.2299697945967266,0.1472547971490053,0.083639948888142,-0.0843142823903079,0.25729919152612285,0.9432694449348882,-0.1928963268720494,-0.24398566204924277,-0.11620997395186068,0.09500297481381093,-0.139140082280475,0.2513543075730136,0.7273613586315791,-0.6342979670313333,-0.2446869920729025,-0.09348699856052886,0.06673962558930326,-0.06720525680693826,0.2901065836959119,0.7912425349324148,0.5393935551948318,-0.2826210087057653,0.05581405706578021,0.05672396466166587,-0.11328995855628331,0.2837823045388449,0.4333687625054596,0.8588489005490031,-0.2299697945967266,0.1472547971490053,0.010646209665768284,-0.09753570021456462,0.2644671796715183,0.7227974645896994,-0.34606163791585315,0.24351717939152095,0.5463557003334888,0.05020119779784435,-0.1476325651472472,0.2440117057882789,0.47357474947791994,-0.6387580767167977,0.0069974952441366365,0.6063547733351254,0.02415460219028269,-0.1268259669996017,0.2502477189199637,0.6608571860247716,-0.531843838745773,0.12432794619302188,0.5147353423488675,0.00914859560503993,-0.07726774141905773,0.28017055155110987,0.7227974645896994,-0.34606163791585315,0.24351717939152095,0.5463557003334888,567,0.09292086319564258,-0.1758838610686944,0.2356876594129292,0.7273613586315791,-0.6342979670313333,-0.2446869920729025,-0.09348699856052886,Static,Right
I,35,51,51,52,0.0,0.0,0.0,-1.0,0.0,0.0,0.0,0.028851076595116338,-0.0957628318283888,0.2759970233435688,0.31358952747578245,0.9273468315006478,0.002238374841997226,0.20416770567670922,0.04481265981501644,-0.08461147821311431,0.23790584772950685,0.9587120552687597,-0.18857099691227813,-0.2100412211460057,0.034566741607435975,0.061804891113042285,-0.1436475504905986,0.24029937892045392,0.7253396719034307,-0.6371849113592312,-0.2427609189547907,-0.09457740389425895,0.028364210618334513,-0.07088090020893202,0.271164974667766,0.7532312247548246,0.6236264339486582,-0.12564803442155004,0.16716867045241351,0.03786717142453959,-0.11012731455134729,0.2599412739331965,0.31358952747578245,0.9273468315006478,0.002238374841997226,0.20416770567670922,0.044700452267619935,-0.09323903820839341,0.2856304261979875,0.3483857194833111,0.9252033410368534,-0.04850628411280577,0.14238436921202946,0.06679660210413318,-0.08019801580014693,0.24426758215952743,0.9562661851926743,-0.1705162004640279,-0.23540234650097042,-0.03263347511679593,0.07831300942178339,-0.14240239897491924,0.2454325016160076,0.7253396719034307,-0.6371849113592312,-0.2427609189547907,-0.09457740389425895,0.04713507171250997,-0.06490737572910882,0.28147940243047415,0.7415757241185447,0.6277954590460316,-0.18347205696939745,0.14925250855733316,0.05076456012567815,-0.11127732185355012,0.2678099488468414,0.3483857194833111,0.9252033410368534,-0.04850628411280577,0.14238436921202946,0.079722757716335,-0.12822045150280326,0.24002972134616962,0.7253396719034307,-0.6371849113592312,-0.2427609189547907,-0.09457740389425895,0.10156464819557678,-0.05220686407943956,0.3044622061913426,0.8422329269896974,-0.3609425342512571,-0.19527530523131248,-0.3496165597185936,0.09905038536232458,-0.09353720854160814,0.27132068849761287,0.8232821750158836,-0.44302016367741665,-0.13509295332216262,-0.32816076675776934,0.10076096936280757,-0.1392976917171303,0.2582559090153538,0.7283160634718249,-0.5400057844220593,-0.266858248530523,-0.32670497344063004,0.10123990298704352,-0.06731982090889015,0.2896171073900313,0.8442706487354629,-0.3574551232354323,-0.14795004346414864,-0.3708688328715413,0.10056484394727733,-0.03443800879450677,0.31888088603133496,0.8422329269896974,-0.3609425342512571,-0.19527530523131248,-0.3496165597185936,0.05627036221082759,-0.09148597119804344,0.29695683630725367,0.43770492439886594,0.856288629881377,-0.23203647027240507,0.14609331934205724,0.08392141617450107,-0.08449665285279788,0.25687484826066553,0.9424226950111669,-0.19667560299277217,-0.2433555717131224,-0.11805183959387494,0.0949593814768426,-0.13942106307454194,0.2512411794047704,0.7253396719034307,-0.6371849113592312,-0.2427609189547907,-0.09457740389425895,0.06715148400868795,-0.06707980542029791,0.28958781368214703,0.7937258871797676,0.5353650755368028,-0.2836765615343178,0.05395424313463121,0.05681136807672506,-0.11315461051040557,0.28365306883319497,0.43770492439886594,0.856288629881377,-0.23203647027240507,0.14609331934205724,0.010798609037872952,-0.0972550161405974,0.2640600004285755,0.7230905101148358,-0.34833592459449664,0.24564189643954806,0.5435643996182479,0.05009529580114061,-0.14770533693097798,0.24395987367332048,0.4733089381363201,-0.6404297992494725,0.010579549901521655,0.6047449002988208,0.024163719049767263,-0.12671089507338568,0.2500476414313587,0.6605562649002298,-0.5339323293101584,0.1270880212188527,0.5122795364653584,0.00937385195456019,-0.07687476886408925,0.27962417577460436,0.7230905101148358,-0.34833592459449664,0.24564189643954806,0.5435643996182479,578,0.09264891332853681,-0.1762428872054593,0.23579186053281184,0.7253396719034307,-0.6371849113592312,-0.2427609189547907,-0.09457740389425895,Static,Right
I,35,52,52,53,0.0,0.0,0.0,-1.0,0.0,0.0,0.0,0.0286375190028404,-0.09650846973588044,0.276312192667281,0.31451487846534665,0.9276646166116665,0.005405209762861615,0.2012201133537035,0.044269337383643526,-0.08537286956222441,0.2380638593325845,0.9592498973150899,-0.18898059960230304,-0.20670339891906495,0.03741219520757216,0.061499987043632735,-0.14434052665514963,0.24046823415068166,0.7256325847078536,-0.6379877935073712,-0.24133128915024107,-0.09048832091976476,0.02801996473637495,-0.07164107298952775,0.2714201710210232,0.7541898985245584,0.6235243564975872,-0.12139793620223037,0.16636560613187273,0.03758481427206789,-0.11088526829830272,0.2602280806476266,0.31451487846534665,0.9276646166116665,0.005405209762861615,0.2012201133537035,0.044542047272542906,-0.09389480016738898,0.28582661823611993,0.3498391960716231,0.9252411617782575,-0.0452974697786071,0.13960468715210445,0.06628290647905623,-0.08086174160679352,0.24424787083412797,0.9570216616865901,-0.17122498527828967,-0.23217580675154365,-0.029764714652713766,0.07804147343897659,-0.14302029299755578,0.2454750224348026,0.7256325847078536,-0.6379877935073712,-0.24133128915024107,-0.09048832091976476,0.04684067452756581,-0.06556748308692087,0.28157316578368935,0.7429307181111032,0.6275756685236266,-0.1792806858233022,0.14853001061997612,0.050537850973089035,-0.11196953439503249,0.2680203670420991,0.3498391960716231,0.9252411617782575,-0.0452974697786071,0.13960468715210445,0.07935848499440298,-0.1288447868353918,0.2400317786767736,0.7256325847078536,-0.6379877935073712,-0.24133128915024107,-0.09048832091976476,0.10143553207226982,-0.05255420282412028,0.3040634822660176,0.8428706244380549,-0.36374211277614377,-0.1929796866876703,-0.34643848859282267,0.09879137107537653,-0.09400978573157359,0.27108734514497523,0.8236116979170162,-0.44551580836985205,-0.13310242126718164,-0.32475095226899764,0.10057587100044592,-0.1397963543469107,0.2581254656728288,0.7292602769933881,-0.5416471019153525,-0.26552460360736735,-0.3229466678344538,0.10103792278998407,-0.06772305341142035,0.28927652001142284,0.8448181916476489,-0.3602681355148445,-0.14574448472549625,-0.3677603006932008,0.10050188576101203,-0.03473191699112249,0.3184201644472321,0.8428706244380549,-0.36374211277614377,-0.1929796866876703,-0.34643848859282267,0.05619010398801086,-0.09203520684496032,0.2970606216377761,0.4400048118975385,0.8563910116434835,-0.22863203053533038,0.14393608059327764,0.08351924550238601,-0.0850627499166367,0.25673428858516717,0.943278534067197,-0.19799731174401924,-0.24035115923621372,-0.11512598300987359,0.09472196087729526,-0.13995985919931545,0.2511536672367497,0.7256325847078536,-0.6379877935073712,-0.24133128915024107,-0.09048832091976476,0.06692840021215057,-0.06761704174218383,0.2895235261616541,0.7956537531849505,0.5346713288270425,-0.27958663064268435,0.053786533062635464,0.056700916472331275,-0.11375251286589957,0.28383690163171366,0.4400048118975385,0.8563910116434835,-0.22863203053533038,0.14393608059327764,0.010473353712249493,-0.09806999923756385,0.2644260443461694,0.7205869054826162,-0.34841101862346696,0.24794179594217444,0.5457922128188661,0.04983218220285093,-0.1484352106705306,0.24422174650734343,0.47126371844277276,-0.6391165409434305,0.011875032774592658,0.6077002043512886,0.02386743977002877,-0.12751617042410726,0.2504199054731755,0.6583022812582887,-0.5335919982537463,0.12890705442713946,0.5150734483630713,0.00905278824135787,-0.07764578236233022,0.27993265286564695,0.7205869054826162,-0.34841101862346696,0.24794179594217444,0.5457922128188661,589,0.09243307340784658,-0.17682883522524967,0.23581557090926208,0.7256325847078536,-0.6379877935073712,-0.24133128915024107,-0.09048832091976476,Static,Right
I,35,53,53,54,0.0,0.0,0.0,-1.0,0.0,6.776263578034403e-21,-4.336808689942018e-19,0.028625881384116373,-0.09646951280334105,0.27686225186628194,0.3134647987608755,0.9285291916900039,0.005930338756795718,0.19884212632020776,0.04405913694175073,-0.08520659289070641,0.23855733611210853,0.960089003591836,-0.1872814785230106,-0.20428565562906967,0.037711057907088535,0.06133190421784602,-0.14417618797706283,0.24067057438003436,0.7273018506242855,-0.636987691223166,-0.2394871630161865,-0.08902021152035527,0.027980834678172185,-0.07158859647303686,0.2720436281715371,0.7536153935143242,0.6250189314493565,-0.11964705278254284,0.16462003750639354,0.03748911522553132,-0.1108117918941542,0.2607010382561096,0.3134647987608755,0.9285291916900039,0.005930338756795718,0.19884212632020776,0.04457983088578181,-0.09389698473622626,0.2863023627576971,0.3487088433744503,0.9260643390524141,-0.044371928822657704,0.1372520106243453,0.0661024744867779,-0.08070237894381066,0.24464228234002086,0.9579252783695812,-0.16953875140965027,-0.2297305831458137,-0.029319481552403697,0.07789548288636398,-0.14286373278329498,0.24560111482263983,0.7273018506242855,-0.636987691223166,-0.2394871630161865,-0.08902021152035527,0.0468399162576144,-0.06555468568560555,0.28212061053677234,0.7424273708761508,0.6290952873207548,-0.1774030496905857,0.14686346177733556,0.05049170710415854,-0.11192191409186276,0.2684183081194753,0.3487088433744503,0.9260643390524141,-0.044371928822657704,0.1372520106243453,0.07918248286065152,-0.12866508920695738,0.24020480398482527,0.7273018506242855,-0.636987691223166,-0.2394871630161865,-0.08902021152035527,0.10155483501985604,-0.052516897269067185,0.30429655877009204,0.8441155736200081,-0.3630942659242799,-0.19089250470507815,-0.3452412259167416,0.09875654724888319,-0.09391877214476789,0.2712712043385702,0.8242669944969171,-0.44603319647231554,-0.13054375224450657,-0.3234140352205405,0.1004995157026057,-0.1396620577239013,0.25815296991486925,0.7309022550138201,-0.5412371300097655,-0.2632719627932511,-0.3217641004237326,0.10110509324227429,-0.06764956038187601,0.2894737185075874,0.8458234730221722,-0.3600273220201279,-0.14348471540776375,-0.36657211613552787,0.1006569021660229,-0.03473889494757981,0.31871056831106304,0.8441155736200081,-0.3630942659242799,-0.19089250470507815,-0.3452412259167416,0.056290141730838406,-0.0920050018004091,0.29747813930712436,0.43971680029767213,0.8572369792069102,-0.2275497040780597,0.14147448247007716,0.08340471560067927,-0.08493351556826871,0.2570263124716699,0.9441421733426523,-0.1972017928187755,-0.2377802378540282,-0.11475002357714682,0.09460923231600096,-0.13980617818372387,0.2512121240789103,0.7273018506242855,-0.636987691223166,-0.2394871630161865,-0.08902021152035527,0.06698129076883774,-0.06756648190973179,0.28994100398922934,0.795757008403419,0.5357675877152474,-0.27748936342164554,0.05218743832068543,0.05673407563348431,-0.1136959047705616,0.2842070975985954,0.43971680029767213,0.8572369792069102,-0.2275497040780597,0.14147448247007716,0.010360709204134164,-0.09798397984753156,0.2648908720039744,0.7203656914667267,-0.3471282821380712,0.24815753369845855,0.5468025829915536,0.04968271648600449,-0.14829404129256551,0.24445719282665873,0.471975506275092,-0.6375869597093426,0.011869708821683755,0.6087537271322913,0.023735232789596727,-0.1273915301551019,0.2507885022467446,0.6585046191268625,-0.5322638029543966,0.12909194001817748,0.516141629473396,0.008960279864861507,-0.07759117339621147,0.28044089855394205,0.7203656914667267,-0.3471282821380712,0.24815753369845855,0.5468025829915536,601,0.0922624856788168,-0.17662679989525598,0.23576735425229534,0.7273018506242855,-0.636987691223166,-0.2394871630161865,-0.08902021152035527,Static,Right
I,35,54,54,55,0.0,0.0,0.0,-1.0,-1.7482760031328763e-18,0.0,0.0,0.02852623254283852,-0.09644985165391473,0.27736726082371327,0.31273672773353683,0.9292450114524227,0.006186036498945004,0.1966244663558943,0.0437857428269782,-0.08508448179533264,0.23901143553125118,0.9608298058519933,-0.18587958981346775,-0.20206014933391597,0.03776980709976542,0.06107730656905269,-0.1440621049659926,0.24085834362138522,0.7287807909136635,-0.6361238080819875,-0.23773280163480104,-0.08779621070065591,0.027868665669507905,-0.07155634720599657,0.27260995274996114,0.7531887828099807,0.6262628487978419,-0.11820379358383551,0.16287837440010627,0.037306110300954605,-0.11076991319626477,0.2611415284835122,0.31273672773353683,0.9292450114524227,0.006186036498945004,0.1966244663558943,0.04452755514251151,-0.09392611242437608,0.28673814271190723,0.3477141234402268,0.9267905037581111,-0.043654615614001094,0.1350871016773077,0.0658563295064277,-0.08059260274565297,0.24500631561578615,0.9587280369706721,-0.16804762495679199,-0.22750199570551638,-0.02904115739343747,0.07766106352217388,-0.1427608254701923,0.24572076441699875,0.7287807909136635,-0.6361238080819875,-0.23773280163480104,-0.08779621070065591,0.0467602378895525,-0.06557240523732853,0.28262026261381906,0.7419813586877592,0.6304443199391732,-0.17578679599477795,0.1452674263907456,0.050359156728107535,-0.11190778213232397,0.268784574947779,0.3477141234402268,0.9267905037581111,-0.043654615614001094,0.1350871016773077,0.07892533786419598,-0.12853961105733372,0.24037013286440542,0.7287807909136635,-0.6361238080819875,-0.23773280163480104,-0.08779621070065591,0.10158140935272526,-0.05251148729027959,0.30449215509677235,0.8453044772635695,-0.36223511122037655,-0.1892765141286768,-0.3441227486183119,0.09863686627471865,-0.09387792668052172,0.2714448528129975,0.8246433962768748,-0.4468648294158558,-0.12819057846203574,-0.32224566529535814,0.10032879228997398,-0.13958367964047483,0.2581869281366904,0.7323258363188699,-0.5409081260489694,-0.2611647448951748,-0.3207962665897131,0.10109146376488887,-0.06761265533828666,0.2896389280431382,0.8467206434537958,-0.3597488685503369,-0.14162453246920917,-0.36549609482020484,0.10069935457870027,-0.03477894619733626,0.31896217606298716,0.8453044772635695,-0.36223511122037655,-0.1892765141286768,-0.3441227486183119,0.05629801174206668,-0.09199277642265355,0.29785761515184034,0.4395183370642007,0.8579352554661316,-0.2266982810913227,0.13920710528856944,0.0832175032787304,-0.08485618980916644,0.2572974962181428,0.9448565996083342,-0.19671834022228507,-0.23541433680009255,-0.11457744466402638,0.0944062722788521,-0.13970867215266586,0.2512734671662533,0.7287807909136635,-0.6361238080819875,-0.23773280163480104,-0.08779621070065591,0.06695453599578141,-0.06753971985488502,0.290318457219849,0.7958817593489316,0.536662143747751,-0.27568312374156695,0.050643695439902034,0.05667547994426343,-0.11366035311053181,0.28454644415785024,0.4395183370642007,0.8579352554661316,-0.2266982810913227,0.13920710528856944,0.010158584635222213,-0.09791507061665325,0.2652716750283468,0.7202872344396674,-0.346233572283003,0.24825769097042197,0.5474273761892448,0.049442871714291396,-0.14819745937811957,0.2446721001023916,0.4726643622897115,-0.6364495414265853,0.011949956204804225,0.6094075650874814,0.023517116198075668,-0.12729876865089707,0.251101417080214,0.6587232931225134,-0.5313356750795761,0.12920450486666757,0.5167903050635934,0.008773794306477754,-0.07754545363241666,0.28085249197294,0.7202872344396674,-0.346233572283003,0.24825769097042197,0.5474273761892448,612,0.0919953424249513,-0.17648661703519314,0.23573403714268554,0.7287807909136635,-0.6361238080819875,-0.23773280163480104,-0.08779621070065591,Static,Right
I,35,55,55,56,0.0,0.0,0.0,-1.0,0.0,0.0,0.0,0.02844359741692808,-0.09671899173859665,0.2775126492018932,0.31244500107455575,0.9292274290228615,0.0054223334634136925,0.19719306467240527,0.043771240353576796,-0.08532021818379441,0.2391881457158342,0.9608074732393929,-0.1853992139826243,-0.20272596804926088,0.03712563400736233,0.06101398176291255,-0.14431318217173694,0.24099123490057078,0.7289228756175951,-0.6357383355082218,-0.23799546323880352,-0.08869255687124608,0.02781440417933336,-0.07182031252924652,0.27277983962410063,0.7528521910475421,0.6264701391745369,-0.11913249545435017,0.16296070595198975,0.03723504273203623,-0.11103409346740858,0.2612889508946259,0.31244500107455575,0.9292274290228615,0.0054223334634136925,0.19719306467240527,0.044430663941614615,-0.09422134811238124,0.28691172422296163,0.3473412689324602,0.9268160559661671,-0.0443616030167258,0.13563955720029963,0.06583618327690491,-0.08085178556578453,0.24522190853256606,0.9586483944646625,-0.16750249867235778,-0.228164050801567,-0.029619835425975148,0.07759116832763877,-0.14303079593866436,0.24588066228498784,0.7289228756175951,-0.6357383355082218,-0.23799546323880352,-0.08869255687124608,0.04669248233369895,-0.06586647728635762,0.28282546260618574,0.7415949253180841,0.6306275672345022,-0.1766690075640802,0.14537503208144734,0.05027516638583627,-0.11219372769199241,0.26895219515269175,0.3473412689324602,0.9268160559661671,-0.0443616030167258,0.13563955720029963,0.07887641905258719,-0.12880368323534822,0.24055153180233285,0.7289228756175951,-0.6357383355082218,-0.23799546323880352,-0.08869255687124608,0.10150082764184154,-0.05284684644357582,0.30476981042746065,0.8451861577567436,-0.3617033082884215,-0.18966425439145201,-0.3447586780861924,0.09856640992386963,-0.09419124395562124,0.27169467685218346,0.8245187339298293,-0.4465267206973389,-0.1284413056212696,-0.32293277336364523,0.10024362625580936,-0.13988325167548565,0.258388944857899,0.7323078786320157,-0.5403524350449543,-0.2613345469767967,-0.3216343753253028,0.10102109488157272,-0.0679371169868618,0.2899049202021962,0.8466109023656805,-0.3592277294016815,-0.14198776921673173,-0.366121416769542,0.10060796721718383,-0.03512540251738383,0.31925225643747274,0.8451861577567436,-0.3617033082884215,-0.18966425439145201,-0.3447586780861924,0.05618730079993708,-0.09229080051607098,0.29805084634994783,0.43914977313058057,0.8578642680364457,-0.2274652878313769,0.1395561436033605,0.08317517681509638,-0.0851426061089845,0.25753443057919034,0.944715617773646,-0.19632260671861668,-0.23600168282635237,-0.11520868599587375,0.0943314384550561,-0.1399970245473772,0.251465764003534,0.7289228756175951,-0.6357383355082218,-0.23799546323880352,-0.08869255687124608,0.06687676428362205,-0.0678417019856274,0.29054549962380455,0.7954977366898779,0.5368015337187153,-0.2765279895731746,0.050593826709737014,0.056563187382795546,-0.11394989201893671,0.28472664841733986,0.43914977313058057,0.8578642680364457,-0.2274652878313769,0.1395561436033605,0.010078189610179769,-0.09814795321029882,0.2653312051904379,0.7208638119851326,-0.34656592334656966,0.2472951618418231,0.546893525537494,0.04936936885880304,-0.14844669914524886,0.2447774536928666,0.47322766431062274,-0.6368905680399791,0.011461947313921441,0.6085183693501769,0.023448748981130044,-0.12753013537240127,0.25117005935046677,0.6592529214053362,-0.5316412038336701,0.12842991534688167,0.5159931907000406,0.008667761325499734,-0.07778802810175946,0.28092329689195245,0.7208638119851326,-0.34656592334656966,0.2472951618418231,0.546893525537494,623,0.09191565509309296,-0.176754582360591,0.23588109643068195,0.7289228756175951,-0.6357383355082218,-0.23799546323880352,-0.08869255687124608,Static,Right
I,35,56,56,57,0.0,0.0,0.0,-1.0,0.0,0.0,0.0,0.028104633788238565,-0.09751207459428779,0.2777229663422654,0.309650605402773,0.9300643997625854,0.004301295734933381,0.19768210268751804,0.04349081550842629,-0.08586582622363449,0.23947898065873055,0.9613102908939039,-0.18224644096704287,-0.20338234764663635,0.03611620193302073,0.06069335029372215,-0.1448816303584151,0.24090845513765413,0.7308593626604,-0.6333382658753743,-0.23793121743728085,-0.09008867164311533,0.027500280422899252,-0.07258436085672529,0.273140694435455,0.7509266073467475,0.6286114843583143,-0.12032602678382837,0.16272209250731126,0.036907197330201064,-0.11173295330360457,0.2614213321350882,0.309650605402773,0.9300643997625854,0.004301295734933381,0.19768210268751804,0.04408528573861159,-0.09510371299147377,0.2871485152191813,0.34426909808871364,0.9278734133385376,-0.04528472441728033,0.13593752482345053,0.06555139541559099,-0.08145210208913664,0.24556750194260174,0.9590881368720612,-0.16416969747863924,-0.2285940768865268,-0.030708372692920073,0.07726521695583391,-0.14364190220728046,0.24582634009406312,0.7308593626604,-0.6333382658753743,-0.23793121743728085,-0.09008867164311533,0.046368133917025676,-0.06672227503130304,0.2832521137373911,0.7394436424080769,0.6329380526509175,-0.1777743729760556,0.14494410481875622,0.049941409871604545,-0.11295894330489865,0.2690769046768547,0.34426909808871364,0.9278734133385376,-0.04528472441728033,0.13593752482345053,0.07856653291844054,-0.1293800348608057,0.2405941926805223,0.7308593626604,-0.6333382658753743,-0.23793121743728085,-0.09008867164311533,0.10095336117402093,-0.053921739170131766,0.3054076219457137,0.8478924818617422,-0.354269734665972,-0.1915592351608076,-0.3447845033156851,0.09824197732067218,-0.09498808755352123,0.27198993637274366,0.8260212890925992,-0.4434118192764912,-0.12856287637433467,-0.3233363191942263,0.09990610853183704,-0.1405918467423115,0.2583834429169392,0.7338398023832887,-0.537811421715209,-0.26053045129417685,-0.32305092951293896,0.1006245645519599,-0.0688497932190324,0.2903748670054365,0.8489360568379374,-0.35321634756394515,-0.1431787691588867,-0.36612241569751913,0.0998482765201229,-0.03639869369478519,0.3201153030741803,0.8478924818617422,-0.354269734665972,-0.1915592351608076,-0.3447845033156851,0.055846482719932276,-0.09329547431819929,0.29826513424058554,0.4348710707806298,0.8598919803360264,-0.2280825573648743,0.13946784926209405,0.08287252472036796,-0.08583520257699487,0.2578720914814907,0.9452719628460199,-0.19277131607950418,-0.23618020419527208,-0.11627143716531743,0.09400172469811478,-0.14065466616053843,0.25145279718477453,0.7308593626604,-0.6333382658753743,-0.23793121743728085,-0.09008867164311533,0.06653265694498117,-0.06877609872378564,0.29098838785968345,0.7929334649320696,0.5402748119701826,-0.2772244730554168,0.05006235392540591,0.056268055488168156,-0.11482942616585473,0.28474029907619497,0.4348710707806298,0.8598919803360264,-0.2280825573648743,0.13946784926209405,0.00972817609147111,-0.0988420430769201,0.2654519464843188,0.7222492523009658,-0.3448329911465874,0.24497064667902063,0.5472070979375687,0.049042293189745984,-0.1490327084805536,0.24465144655947024,0.4755259780554322,-0.6358035981867209,0.009376004079547742,0.6078987738717225,0.023127165016280326,-0.12813785841188408,0.2511404277091319,0.6610089542894166,-0.5301802179641917,0.12618463558479606,0.5158037771972852,0.008293769235644968,-0.07857799048311392,0.28116626948747164,0.7222492523009658,-0.3448329911465874,0.24497064667902063,0.5472070979375687,634,0.09158158032038759,-0.17730699731498917,0.23562190829199822,0.7308593626604,-0.6333382658753743,-0.23793121743728085,-0.09008867164311533,Static,Right
I,35,57,57,58,0.0,0.0,0.0,-1.0,0.0,0.0,0.0,0.027970274634073033,-0.09829843425355998,0.2783192707866149,0.3071353753414412,0.9309629188147142,0.004632369678442304,0.197368807457061,0.04329003773658214,-0.08640436415689155,0.24011985365731126,0.9619345915078711,-0.1792450443857645,-0.20303797689553552,0.03645045489289025,0.06060112300114953,-0.14539465634608048,0.24120086632929966,0.7328522625723684,-0.6311259018634469,-0.23781933992874624,-0.08971966782967379,0.02731855152532782,-0.07334678589481244,0.273879611996692,0.7490806765284301,0.6309392218185994,-0.11981105405586534,0.16260119848473575,0.0367729350335078,-0.11242359207264191,0.26193511345466003,0.3071353753414412,0.9309629188147142,0.004632369678442304,0.197368807457061,0.04394987765104099,-0.09590341778763907,0.287752051794784,0.3420518081481285,0.9287776957052324,-0.04477248702206215,0.13552850957984458,0.06534967742125357,-0.0819843293430744,0.24620734905584032,0.9597057784231194,-0.1613000098042069,-0.22808575392423064,-0.03039760772252787,0.07717647932582097,-0.14415307627733592,0.24610617922890865,0.7328522625723684,-0.6311259018634469,-0.23781933992874624,-0.08971966782967379,0.046185089695816625,-0.06750011942597273,0.2839968721328966,0.7378329204273567,0.6350304899208308,-0.17722115763625187,0.14467729500724835,0.049808281865669206,-0.11366729391293408,0.2695909604161473,0.3420518081481285,0.9287776957052324,-0.04477248702206215,0.13552850957984458,0.07844536600500365,-0.12985944468546678,0.24095099780520354,0.7328522625723684,-0.6311259018634469,-0.23781933992874624,-0.08971966782967379,0.1006574087253485,-0.054752508904227795,0.3061946555026566,0.8499994446570198,-0.3501549317231551,-0.19157216613140082,-0.34379146737002253,0.09809528174049163,-0.09560873458854413,0.27251567086615563,0.827848016457314,-0.44084252703686333,-0.12816678243519428,-0.3223333738284836,0.09982557776881332,-0.14113219975033384,0.2586516516683287,0.7357898681337192,-0.5357072540475769,-0.25967741894716634,-0.3227981505546573,0.10040206615350405,-0.06957128979933067,0.2910530098208313,0.8509286766542493,-0.34963803993726283,-0.1429236455908925,-0.3650293958125646,0.09944972842866251,-0.03735460027155972,0.32104330596356817,0.8499994446570198,-0.3501549317231551,-0.19157216613140082,-0.34379146737002253,0.05573450783838953,-0.09418884567605604,0.2988231198472176,0.4317395321320622,0.8617986709026844,-0.22716309174036414,0.13892788408276283,0.08269363507666055,-0.08640463088464005,0.258467272592677,0.9461253632503359,-0.18961186306117186,-0.23556239984798708,-0.11577777929615209,0.09391350874104704,-0.1411680029387439,0.251727928468877,0.7328522625723684,-0.6311259018634469,-0.23781933992874624,-0.08971966782967379,0.06634726303049265,-0.06959051398455356,0.2917064168024561,0.7911243355045237,0.5433986016266483,-0.2763028933185206,0.0499695573979141,0.056205591479823874,-0.11562622848679881,0.28514675763248953,0.4317395321320622,0.8617986709026844,-0.22716309174036414,0.13892788408276283,0.009580497470826704,-0.09957526869205904,0.2660478502208121,0.7224261830337062,-0.3430902025409108,0.24339308969593298,0.5487707416362999,0.04896239723646687,-0.1495876306115861,0.24493704919197112,0.47677803163389426,-0.6341452429511045,0.00749473703464303,0.6086758975929437,0.023022149440799142,-0.12876978250418253,0.25157151996788313,0.6618541774154199,-0.5283249287703883,0.12461370113408723,0.5170041034336058,0.008108478354660043,-0.0793952644310097,0.2818673245087165,0.7224261830337062,-0.3430902025409108,0.24339308969593298,0.5487707416362999,657,0.09154105458875372,-0.17773456002785895,0.2356946465545668,0.7328522625723684,-0.6311259018634469,-0.23781933992874624,-0.08971966782967379,Static,Right
I,35,58,58,59,0.0,0.0,0.0,-1.0,0.0,0.0,0.0,0.027192705296236064,-0.09809761493954608,0.2771577096308971,0.31154019485283774,0.9294093392076177,0.006070237519175285,0.19774766598161486,0.04250801855338533,-0.08647415225202638,0.23885147969388518,0.9611705105510697,-0.18278435890797518,-0.2031876001782846,0.038156610428421,0.059954281476163926,-0.14541550860309327,0.2403549079515138,0.73069754738084,-0.6334408229044535,-0.23890478213929917,-0.08808134422639281,0.026502908337026926,-0.07318551582462232,0.27250422020431747,0.7516275557718768,0.6277918508490918,-0.11872650505221656,0.16382132464960777,0.0360208385932467,-0.1123710547680989,0.2609167185604331,0.31154019485283774,0.9294093392076177,0.006070237519175285,0.19774766598161486,0.04317966468524261,-0.09561789036055593,0.28655708878627795,0.34580122543055214,0.9273620372121465,-0.04331359497028018,0.1361803837533757,0.06455718131726336,-0.08196032215484375,0.24491032581057962,0.9591073539188063,-0.16462208814506024,-0.22848352897786464,-0.02842408731071442,0.07652672346079793,-0.14410055931206756,0.245252759626276,0.73069754738084,-0.6334408229044535,-0.23890478213929917,-0.08808134422639281,0.04535057526318548,-0.06723927155461364,0.2825861963261885,0.7400589439887237,0.6324080916099453,-0.17601018931370485,0.1462640705925963,0.04907971703837685,-0.11352128532537614,0.26854668490507844,0.34580122543055214,0.9273620372121465,-0.04331359497028018,0.1361803837533757,0.07776249864846864,-0.12984239886676732,0.23999436629735768,0.73069754738084,-0.6334408229044535,-0.23890478213929917,-0.08808134422639281,0.09962973569764955,-0.054249452947345934,0.3047424589415303,0.8498631783975573,-0.35115697731053513,-0.1946720627495907,-0.34135632889247797,0.09733014971570167,-0.09532345617491016,0.2713181541294079,0.8269632893028072,-0.44314733330061784,-0.13083937668968773,-0.3203641937568664,0.09916584049587032,-0.14094002611762377,0.2577776786199907,0.7342371069050524,-0.5379939008732725,-0.2614797406261154,-0.3210712984820627,0.09949393412773735,-0.06915021545702078,0.2896806387472817,0.8507825641607693,-0.35108176292592674,-0.14594254092036946,-0.36278285379901337,0.09827725134594467,-0.03678722332576205,0.3195017940119689,0.8498631783975573,-0.35115697731053513,-0.1946720627495907,-0.34135632889247797,0.05495952573783439,-0.09381880574711263,0.2976084775739056,0.4350248498040343,0.8603182715662924,-0.22559603989707278,0.1404004218117709,0.0819086628771087,-0.08625412846553031,0.25720297206940673,0.9455545288064204,-0.1927189613283163,-0.2363840213177868,-0.11361614966119553,0.09325568607053628,-0.14103818450548933,0.2508531170743334,0.73069754738084,-0.6334408229044535,-0.23890478213929917,-0.08808134422639281,0.06550558332551945,-0.06924391917361689,0.29031357899633475,0.7930109759732035,0.540860049928497,-0.27546977469526,0.05215746932812161,0.055484255316009964,-0.11536346603793796,0.2841050484974553,0.4350248498040343,0.8603182715662924,-0.22559603989707278,0.1404004218117709,0.0087999075779495,-0.09954042238211618,0.26486090355054204,0.7199676878475324,-0.3470578929037467,0.24417045581552901,0.5491613022924379,0.048324970972798115,-0.1496066334335473,0.24412100286161056,0.4738523147249215,-0.6358065783993463,0.00894119319966763,0.609207709864309,0.02233878437503902,-0.1288018583486675,0.25061049165303384,0.659131202968768,-0.5311367234514962,0.1255633669674784,0.5173718963665732,0.007206483257888637,-0.07924029882829381,0.28051362317480505,0.7199676878475324,-0.3470578929037467,0.24417045581552901,0.5491613022924379,667,0.09096872108307505,-0.17772350726125077,0.23507952175013003,0.73069754738084,-0.6334408229044535,-0.23890478213929917,-0.08808134422639281,Static,Right
I,35,59,59,60,0.0,0.0,0.0,-1.0,0.0,0.0,0.0,0.0268391069331396,-0.09788337224255185,0.2766544290761628,0.3143489013412648,0.9284004552072602,0.006867034992820617,0.1980156731849757,0.042158849181048216,-0.08642817858617073,0.23828008744334186,0.9606845275085126,-0.18496282066754588,-0.20332634451358136,0.0391457686499531,0.05968452210771383,-0.1453403112007947,0.24001633894139374,0.729502901214844,-0.6347053095044424,-0.23953936421256322,-0.0871526258849186,0.026130660244046533,-0.07299829724066376,0.27186448049197953,0.7532472160691702,0.6257632422942416,-0.11815070118885396,0.16455822035384682,0.03568125726574015,-0.11225144747526179,0.2605052592955555,0.3143489013412648,0.9284004552072602,0.006867034992820617,0.1980156731849757,0.04284062123108712,-0.09537171087782134,0.2860168276129428,0.34778603342610553,0.9265979117627343,-0.042388584336784954,0.13661768841771277,0.06420080446822557,-0.08186193189527462,0.24432313396607805,0.9587511014001822,-0.1665218856734995,-0.22874475652914766,-0.027251119538484588,0.07625501869801479,-0.1439832731573991,0.2449102098530138,0.729502901214844,-0.6347053095044424,-0.23953936421256322,-0.0871526258849186,0.044966420213617825,-0.06700587763293063,0.2819324678088941,0.7412054075010303,0.6310370082644499,-0.17527660396607767,0.14725810739651327,0.048769156367146446,-0.11334745934552475,0.26808935377622045,0.34778603342610553,0.9265979117627343,-0.042388584336784954,0.13661768841771277,0.07747193177707298,-0.1297439611254417,0.23959599077448787,0.729502901214844,-0.6347053095044424,-0.23953936421256322,-0.0871526258849186,0.09915311910113096,-0.05387388423750303,0.30405906108794245,0.8496125148303121,-0.35220689454284115,-0.19619220675141602,-0.3400257285709575,0.09698996684872027,-0.09507699609753781,0.2707867521902668,0.8264636527479425,-0.44444575925288565,-0.13233500998737127,-0.31923853605148733,0.09888841987319577,-0.1407442818957392,0.2574245204552886,0.7333857352650778,-0.5392379955056003,-0.26250585969952606,-0.32009127000937804,0.09907369936783804,-0.06882814118783552,0.28904990119908136,0.8505849177249079,-0.3521933420801745,-0.1474994035962038,-0.36153709833442144,0.09773726005520636,-0.0363634029189294,0.31875565842045317,0.8496125148303121,-0.35220689454284115,-0.19619220675141602,-0.3400257285709575,0.05460696022992666,-0.0934959360684201,0.29708444973464554,0.4375351814316598,0.859119057605564,-0.22484686393671832,0.1411428271160641,0.08155757397011,-0.08608407679697617,0.2566345965066331,0.9451767988844345,-0.1947014458105649,-0.2368485785748096,-0.11240514524229485,0.0929787879955864,-0.14087657220575725,0.2505004550782851,0.729502901214844,-0.6347053095044424,-0.23953936421256322,-0.0871526258849186,0.06512536028739241,-0.06894638082592669,0.2896638646076581,0.7943555775879333,0.5389921540423753,-0.27503439059871315,0.05331752267028114,0.05514329185814347,-0.11511934229321669,0.28370820509640693,0.4375351814316598,0.859119057605564,-0.22484686393671832,0.1411428271160641,0.008443120631330469,-0.09944921448506847,0.2643379404915376,0.7184098850074399,-0.3494676465999131,0.24436832254582092,0.5495850471398007,0.04806016851056723,-0.14953211981651163,0.24379822484365282,0.47219646371112933,-0.6366763707713112,0.009643556944841817,0.6095741959512619,0.02204423871617712,-0.1287414259533668,0.25021132195989454,0.6575558432056435,-0.532688450978997,0.12597873823093478,0.5176800988771477,0.0067608146593435,-0.07908400882800701,0.2798961200817791,0.7184098850074399,-0.3494676465999131,0.24436832254582092,0.5495850471398007,679,0.0907419777889517,-0.17762702157781,0.2348697235838321,0.729502901214844,-0.6347053095044424,-0.23953936421256322,-0.0871526258849186,Static,Right
I,35,60,60,61,0.0,0.0,0.0,-1.0,0.0,0.0,0.0,0.027079231460984628,-0.09836376339144721,0.2769652861640857,0.3142005536024441,0.9285208847117591,0.006027183157521772,0.19771356006403737,0.04241365977740019,-0.0868560776133743,0.2385883610235556,0.9609093145727217,-0.18414784988661187,-0.203145647077182,0.03840188306728341,0.059879549280881884,-0.1457881913305592,0.24020722750259357,0.7301160682124982,-0.6341116646280477,-0.23904287283124973,-0.0877007905845329,0.026408094273032087,-0.0734727526014752,0.27220224997605935,0.7530492809004169,0.6260832326013938,-0.11867241329273379,0.16387014589007035,0.035896182726628575,-0.11273588202735942,0.2608052317615002,0.3142005536024441,0.9285208847117591,0.006027183157521772,0.19771356006403737,0.04309587892472595,-0.09589504815297795,0.28630883891951975,0.34708059931482255,0.9268822611083657,-0.04300093650952764,0.13629105282890197,0.06446178752832175,-0.08232474608080306,0.2446351018995125,0.9589262846738003,-0.1656921183127491,-0.2285280896908206,-0.027953796039182206,0.07645300238166328,-0.14445778866515716,0.2450986615524496,0.7301160682124982,-0.6341116646280477,-0.23904287283124973,-0.0877007905845329,0.045251336483883686,-0.06752324693378041,0.28227800633939254,0.7406931920249751,0.631674687263518,-0.17567222981093306,0.14662862077931763,0.0489994391844487,-0.11384714512701014,0.2683489750977988,0.34708059931482255,0.9268822611083657,-0.04300093650952764,0.13629105282890197,0.07768201338877989,-0.13021114419513632,0.23981005093252225,0.7301160682124982,-0.6341116646280477,-0.23904287283124973,-0.0877007905845329,0.09943297827539593,-0.05448297523898382,0.3044070109465171,0.8498135123583951,-0.3515059250605485,-0.19579704317285002,-0.34047627926947427,0.0972425326030187,-0.09562695671956133,0.2710651214127448,0.8266808130103792,-0.4439158658060525,-0.13183257176004715,-0.3196211984667058,0.09909071600595298,-0.14126905574370058,0.25761207919992973,0.7337845442128219,-0.5386787831162465,-0.26182719122281917,-0.32067418547670873,0.09935112167677199,-0.06940584550707155,0.28936710887040334,0.850856586931802,-0.3513015025387581,-0.1471560407193783,-0.36190526725729266,0.09802732796701535,-0.036997766311572616,0.3191353607853594,0.8498135123583951,-0.3515059250605485,-0.19579704317285002,-0.34047627926947427,0.054863938849750264,-0.09407883625728893,0.2973722501905064,0.4368983521993816,0.8594015615178294,-0.22532848844844652,0.14062666247806624,0.08181632228554084,-0.0865896181677708,0.25693456759694333,0.9453843417058548,-0.19366487905242014,-0.23660614673365757,-0.11295969372678955,0.0931794455809194,-0.14138129506125152,0.25068787741938353,0.7301160682124982,-0.6341116646280477,-0.23904287283124973,-0.0877007905845329,0.0653983491367786,-0.06951941043346396,0.290006137707752,0.7937841399724359,0.5397980208050793,-0.27522107620043434,0.05270858638034226,0.05537664703913582,-0.11568023026466849,0.2839593857220013,0.4368983521993816,0.8594015615178294,-0.22532848844844652,0.14062666247806624,0.008725769828536789,-0.09984158490135349,0.26458442421141365,0.7189850727763457,-0.34920019150642995,0.24398445498028237,0.5491732669246019,0.04825330020437571,-0.14997402003686414,0.2439880448021352,0.47321892133566684,-0.6364114983765669,0.009811854607205557,0.609054993192871,0.02227656681947908,-0.1291406273823915,0.2504239245519878,0.6583981712967354,-0.5322201123578294,0.1260526712532365,0.5170728421652581,0.007052505095213345,-0.079489952449268,0.28016205415526063,0.7189850727763457,-0.34920019150642995,0.24398445498028237,0.5491732669246019,690,0.09090124317427221,-0.17809754279519593,0.2349849114532363,0.7301160682124982,-0.6341116646280477,-0.23904287283124973,-0.0877007905845329,Static,Right
I,35,61,61,62,0.0,0.0,0.0,-1.0,0.0,0.0,0.0,0.026528571561496437,-0.09925995047111966,0.2775398634725784,0.3135491712378158,0.928691502110017,0.005544359451890678,0.19796027683095252,0.04189091940315339,-0.08766807439569815,0.23918993378758405,0.961065763406014,-0.1830605044887775,-0.20345771851188227,0.03803165632824047,0.059339042161448405,-0.14660894821890252,0.2406736029449615,0.7307854825407634,-0.6332561362175018,-0.2390589872777327,-0.08826123187611508,0.02586769681235918,-0.07435892688048912,0.2728256832994393,0.7524170484604519,0.6267594345515949,-0.11916679324612259,0.16383061915912692,0.03534880243607648,-0.11361174732413842,0.2613653919693489,0.3135491712378158,0.928691502110017,0.005544359451890678,0.19796027683095252,0.04253386949009359,-0.09680815873385148,0.28690944652060707,0.3466077018416326,0.9270125631930359,-0.04348259026034085,0.13645538849965153,0.06393639067229957,-0.08315601687891631,0.24526084438538595,0.9590284637910937,-0.16468989055241479,-0.22877731962447218,-0.028329906702465706,0.07590841350931561,-0.14529567120833492,0.2455800042361312,0.7307854825407634,-0.6332561362175018,-0.2390589872777327,-0.08826123187611508,0.04470545618183606,-0.06843070391872565,0.28292297860329696,0.7402071591490103,0.6321353287044189,-0.17616154749756782,0.14651073998710876,0.04843868910650349,-0.11474472937528894,0.2689345264394946,0.3466077018416326,0.9270125631930359,-0.04348259026034085,0.13645538849965153,0.07714686573384409,-0.13103532961883202,0.2403300446326432,0.7307854825407634,-0.6332561362175018,-0.2390589872777327,-0.08826123187611508,0.09894634490214893,-0.05539319673152926,0.3050207940196325,0.849835042245492,-0.3512334686602772,-0.19560448997187535,-0.340814223540209,0.09669866471606138,-0.0965292062080557,0.2716773116860762,0.826486822590301,-0.444159583921011,-0.13133924203982753,-0.31998718661238046,0.0985423486525003,-0.14214032988249092,0.25811687202882677,0.7343037564968766,-0.5377559540296027,-0.2615815728603244,-0.3212345059924392,0.09885104286449455,-0.07030910998759889,0.2899736803010811,0.8507978586412216,-0.3511871717456105,-0.1468849300822882,-0.3622642563758566,0.09754992342451108,-0.03791829783428795,0.3197617012029774,0.849835042245492,-0.3512334686602772,-0.19560448997187535,-0.340814223540209,0.05430365279452422,-0.09495269458621658,0.2979858122947944,0.436824813572503,0.859317755265004,-0.2258393224086974,0.1405477790206709,0.08128373236834285,-0.08745434911470457,0.2575589881506662,0.9453610759245368,-0.19336323801595903,-0.2367297051743346,-0.11341137949455767,0.09263484942278613,-0.1422349179286528,0.2511896980774633,0.7307854825407634,-0.6332561362175018,-0.2390589872777327,-0.08826123187611508,0.06486052138459568,-0.07039916600503249,0.29063624987347036,0.7936168659172304,0.5398644757460495,-0.2756258257586439,0.052431117993246096,0.0547999445584042,-0.11655154864622616,0.28456793244067785,0.436824813572503,0.859317755265004,-0.2258393224086974,0.1405477790206709,0.008193225428463406,-0.10066803250694889,0.2650413166305553,0.7195839358728302,-0.3492859686057479,0.24280428131460724,0.5488573151049445,0.047707826111009655,-0.15080371300976456,0.2444326756414335,0.47402483727046296,-0.636585668902,0.009160053095777733,0.6082558945267913,0.02173773717501486,-0.12995676143007232,0.2508538648997007,0.6592355679100539,-0.5320370542661645,0.12531177072778812,0.5163738945833313,0.006488906897966967,-0.08033859352047794,0.2806441334865579,0.7195839358728302,-0.3492859686057479,0.24280428131460724,0.5488573151049445,701,0.09035634183090387,-0.17891364291001818,0.23539918855765696,0.7307854825407634,-0.6332561362175018,-0.2390589872777327,-0.08826123187611508,Static,Right
I,35,62,62,63,0.0,0.0,0.0,-1.0,-3.469446951953614e-18,0.0,-1.0842021724855044e-19,0.02603390878594852,-0.10012655885171245,0.27805008222052274,0.3129755178529263,0.9288419124715172,0.00516294913748843,0.19817257836832783,0.04141929214817476,-0.08845667647046704,0.23972402065655257,0.9612055735148931,-0.18208905239431863,-0.20372111329842618,0.037750899836882665,0.05885146149433294,-0.14740761690653642,0.24108309813406004,0.7313900770126518,-0.6324916858498482,-0.2390600149845959,-0.08873067008542856,0.02538065475952305,-0.07521705476043924,0.2733794888852179,0.751840817617751,0.6273795418914199,-0.11955701148766554,0.16381824191500186,0.034859514755320745,-0.1144602957483696,0.26186033349329435,0.3129755178529263,0.9288419124715172,0.00516294913748843,0.19817257836832783,0.04202735243636604,-0.09768440663377438,0.2874481665862506,0.34632533536995175,0.9270794770032226,-0.04390563029938248,0.13658221344060809,0.06346272913842858,-0.08396372101274299,0.2458138934722704,0.9591182213106105,-0.16382521429948513,-0.22898495967449525,-0.028625599601900597,0.07541827795801606,-0.14610864835187992,0.24600183079122415,0.7313900770126518,-0.6324916858498482,-0.2390600149845959,-0.08873067008542856,0.04421398453613032,-0.06930441517841669,0.28349277898778386,0.7398518607026574,0.6324620144616951,-0.176570462352801,0.14640319771913574,0.04793096804049385,-0.11561201618630447,0.2694638748423224,0.34632533536995175,0.9270794770032226,-0.04390563029938248,0.13658221344060809,0.0766648466989811,-0.13183409904751794,0.2407884270536085,0.7313900770126518,-0.6324916858498482,-0.2390600149845959,-0.08873067008542856,0.09854110802499677,-0.05624456764070519,0.3055291750342609,0.8497254745603455,-0.3513682648758008,-0.19530860119197316,-0.34111803033818017,0.09621093844258555,-0.09739964231693687,0.2722174132959348,0.8261123605925579,-0.4447936103013343,-0.1307270821439705,-0.3203239639886781,0.09805049586917153,-0.14298108181605432,0.2585610340297244,0.734777833700195,-0.536938541675601,-0.26134790134217134,-0.32170764994039264,0.09842042869164666,-0.07116493841344716,0.2904874371857805,0.8505791196595273,-0.35151329400825204,-0.14650390029768773,-0.3626157367410536,0.0971646335599505,-0.038768647750803464,0.3202703048094448,0.8497254745603455,-0.3513682648758008,-0.19530860119197316,-0.34111803033818017,0.0537998588589933,-0.0957657250828344,0.29853814231369397,0.437098036057707,0.85906734741395,-0.22632857183425725,0.14044207721733837,0.08080327291842199,-0.08829128160165631,0.2581114453328407,0.9452832844371981,-0.19340974226457958,-0.23680193870936705,-0.11382893122689625,0.09214601169593778,-0.14306093323680938,0.25163146857447144,0.7313900770126518,-0.6324916858498482,-0.2390600149845959,-0.08873067008542856,0.06438361224521984,-0.07122412758145504,0.2911839627306384,0.7936827936172737,0.5396121813049759,-0.27598474929172406,0.05214149078757067,0.05427514186946204,-0.1173716365252415,0.2851309652132443,0.437098036057707,0.85906734741395,-0.22632857183425725,0.14044207721733837,0.00771140796913021,-0.10146781255330564,0.2654254112416158,0.7201306763540719,-0.34948358494102294,0.24167892934191781,0.5485110098646535,0.04721617032974004,-0.15161029723601002,0.24481950263081909,0.474713378697596,-0.63685448408634,0.008557019464368359,0.6074457602144581,0.021251014697880037,-0.1307506533711729,0.25121933355401177,0.6600002243314399,-0.5319473265926059,0.12462572475004383,0.5156550924251159,0.0059750747169543955,-0.081156527528864,0.28104702906734946,0.7201306763540719,-0.34948358494102294,0.24167892934191781,0.5485110098646535,712,0.08986605998886893,-0.1797054427789603,0.23576184272416692,0.7313900770126518,-0.6324916858498482,-0.2390600149845959,-0.08873067008542856,Static,Right
I,35,63,63,64,0.0,0.0,0.0,-1.0,0.0,0.0,0.0,0.026198691790058404,-0.10012905563182779,0.2779826199185263,0.31350507943477357,0.9288500981297154,0.0051265709632139665,0.19729616986442886,0.041530981086614974,-0.08848358399752515,0.23961667590119046,0.9613544270071755,-0.18228478074790233,-0.20285828740602813,0.03766217747406198,0.05895158504577812,-0.14743780133605872,0.24093882139202735,0.7316415600143089,-0.6325362779229111,-0.23833602698232642,-0.08828602954906271,0.025556535135254785,-0.07522190962025421,0.27329526059916004,0.7522345656366834,0.6271859987388697,-0.1191149486871408,0.16307210137413633,0.034985649607140734,-0.11448585026079533,0.2617932639615258,0.31350507943477357,0.9288500981297154,0.0051265709632139665,0.19729616986442886,0.04221001533738619,-0.09771066518055807,0.2873595712294799,0.34687402694254715,0.9270082770887007,-0.043898156649769406,0.13567245661685434,0.06358594724056345,-0.0839959750983514,0.24566904587635255,0.959318175691902,-0.16385628588741535,-0.2281229348422685,-0.028630088391286293,0.07552784758683188,-0.14614401222775059,0.24582765887278718,0.7316415600143089,-0.6325362779229111,-0.23833602698232642,-0.08828602954906271,0.04440773532516179,-0.06933363397212314,0.2833825268934379,0.7402559189258107,0.6322954836372112,-0.17607991755509458,0.14566900322676712,0.048068222014647145,-0.11566023229253958,0.26938281810164943,0.34687402694254715,0.9270082770887007,-0.043898156649769406,0.13567245661685434,0.07676710662327645,-0.13186955747300985,0.24061228664297887,0.7316415600143089,-0.6325362779229111,-0.23833602698232642,-0.08828602954906271,0.09884198112511933,-0.05625687193422982,0.305278487338098,0.8494901853022662,-0.3526840595502789,-0.19402575838436897,-0.34107826711420225,0.09637714607880626,-0.09744430213419202,0.2720123114424874,0.825965482962605,-0.44550995339435906,-0.12966307489729717,-0.3201396404525446,0.09818171998928835,-0.14302524941547073,0.25834607421555167,0.7350129600563606,-0.5371892404776827,-0.2606131413900534,-0.3213478784728556,0.09865353695945671,-0.07120034747325536,0.29025928810475093,0.8502624480404767,-0.3528061252064979,-0.1452436383659371,-0.3626098357507936,0.09753592630848423,-0.03875639641281127,0.3199969909081005,0.8494901853022662,-0.3526840595502789,-0.19402575838436897,-0.34107826711420225,0.05400503769158922,-0.09576609882507388,0.29843241875633447,0.4379019863532237,0.8588350260929883,-0.22625177753309897,0.1394789642450441,0.08094754146324416,-0.08833083165100698,0.25793552465858177,0.9454339126403686,-0.19374324967140893,-0.23590159598400234,-0.11388023115750472,0.09226518297090112,-0.14310181956775264,0.251426425617405,0.7316415600143089,-0.6325362779229111,-0.23833602698232642,-0.08828602954906271,0.06459716265520554,-0.07124317971180197,0.2910313468124161,0.7942616204999615,0.5391185507343255,-0.27542954534745,0.05136372265123215,0.05443029513641852,-0.11738821504753676,0.28504950004747537,0.4379019863532237,0.8588350260929883,-0.22625177753309897,0.1394789642450441,0.007861794914145417,-0.101486488658601,0.2653803613296876,0.7195213752343718,-0.3497421012681427,0.2417713402641164,0.5491047916457072,0.047322127311059545,-0.15163651916989795,0.2446986804782425,0.47486407094788535,-0.6362081509342588,0.009088127149940511,0.607997293375982,0.02137777022452541,-0.1307696776256901,0.2511531890060337,0.6598822480274477,-0.531529722528468,0.12518947265955607,0.5160999600293282,0.006101677575371563,-0.08116763839267507,0.28099075055688605,0.7195213752343718,-0.3497421012681427,0.2417713402641164,0.5491047916457072,723,0.08994935159664183,-0.17974310658271786,0.23555462165777474,0.7316415600143089,-0.6325362779229111,-0.23833602698232642,-0.08828602954906271,Static,Right
I,35,64,64,65,0.0,0.0,0.0,-1.0,-3.4728350837426314e-18,6.938893903907228e-18,-1.0842021724855044e-19,0.02657307696102549,-0.10089911205429526,0.27835009829076446,0.3141982156474422,0.928998807003697,0.00580308904875957,0.1954661659396927,0.041750750707332765,-0.08926203541031551,0.23990882605852953,0.9617303655141866,-0.182305877733944,-0.20094736790102116,0.03820243873442161,0.05919978728062811,-0.14821045666732077,0.24115093916547928,0.7321768482751353,-0.6326337751293369,-0.23695265551039235,-0.08686200816275398,0.025908513163430156,-0.07599575192125407,0.2736471931202358,0.7526806299673036,0.6272514169011685,-0.11752329964257976,0.16191294978666737,0.03529449292173656,-0.11528092281154584,0.2621480174064186,0.3141982156474422,0.928998807003697,0.00580308904875957,0.1954661659396927,0.042630704399136285,-0.09849994977525238,0.2876473081634978,0.3468613845864991,0.9273187333225336,-0.04295286687965743,0.13387381349109023,0.06383007290987967,-0.08476595384708126,0.24587081319813864,0.9598044401717047,-0.16375922779066548,-0.22621139198805262,-0.028049208097786604,0.07579515167588852,-0.14691036846085326,0.24597267798502628,0.7321768482751353,-0.6326337751293369,-0.23695265551039235,-0.08686200816275398,0.04479717355234586,-0.07012146063181243,0.28366556302551466,0.740524296664288,0.6326964590152969,-0.17441050350396425,0.1445680914547189,0.048425445325537164,-0.11644396214095278,0.2696444932776114,0.3468613845864991,0.9273187333225336,-0.04295286687965743,0.13387381349109023,0.0770082523095452,-0.13263404524067487,0.24075553382700066,0.7321768482751353,-0.6326337751293369,-0.23695265551039235,-0.08686200816275398,0.09940154695293665,-0.0569784172818907,0.30528207629733833,0.849551281039375,-0.35435768452752087,-0.19182926445840187,-0.3404332322174195,0.09673278574677005,-0.09820504294047352,0.27207892418143903,0.8259139056512794,-0.44683705149329017,-0.12759028854740606,-0.3192547386226586,0.09849934565082227,-0.14378344850024774,0.2584002725032164,0.7356334702989362,-0.5377601599618202,-0.25919253941256953,-0.3201197201776946,0.09912229966480171,-0.07194107686166074,0.29028472638970504,0.8502355441336502,-0.35439090454759437,-0.1431115053793319,-0.3619747274241051,0.0981933190386655,-0.039453546017457056,0.3199802376269811,0.849551281039375,-0.35435768452752087,-0.19182926445840187,-0.3404332322174195,0.05447089350843966,-0.0965169864142299,0.2986751128482379,0.4385812595814103,0.8590275214864673,-0.22523998134464301,0.13778659904600843,0.08124292465698116,-0.08909537491315078,0.25806542505199187,0.9458841030243388,-0.19418481629829037,-0.23398584775625775,-0.11334083030764688,0.09255463023148512,-0.14386132327154288,0.2515048392243651,0.7321768482751353,-0.6326337751293369,-0.23695265551039235,-0.08686200816275398,0.0650268702356464,-0.07199466217461903,0.29122207459380367,0.794925387830267,0.5391024534087554,-0.2737196608637411,0.050395632431777936,0.054843206709256714,-0.11814703579661884,0.28530231984917026,0.4385812595814103,0.8590275214864673,-0.22523998134464301,0.13778659904600843,0.00820965996194339,-0.10225694777532757,0.26576498171313545,0.7191984830972351,-0.348629150411518,0.24326058437006526,0.5495776064268936,0.04758620118320473,-0.15241442354742646,0.24495430049839356,0.47474778425812775,-0.6352459226382272,0.00998714437499493,0.6090791541833777,0.02166342628513099,-0.13154556825333247,0.2514909695505916,0.6597055685779071,-0.5305887854552407,0.1265244948391094,0.5169677511626246,0.006521956165327525,-0.08193725010345643,0.28138197612366933,0.7191984830972351,-0.348629150411518,0.24326058437006526,0.5495776064268936,734,0.09018751731567576,-0.18050210274374207,0.23563934874617684,0.7321768482751353,-0.6326337751293369,-0.23695265551039235,-0.08686200816275398,Static,Right
I,35,65,65,66,0.0,0.0,0.0,-1.0,0.0,0.0,0.0,0.02687794306570794,-0.10138066732498535,0.27878281580165093,0.3153891989210542,0.9289525447966926,0.006432930624694479,0.19374065170547572,0.0419158057747051,-0.08978980889360087,0.24026089309562604,0.9619910265763972,-0.1828010853495693,-0.19914250399182531,0.038720680332022354,0.0593774246793812,-0.14873519978668107,0.24148154771091823,0.7323685521806481,-0.6330860320882818,-0.23564412873077914,-0.08549984997792832,0.026197379161796097,-0.07648490574696865,0.2740422638060239,0.7534127772553675,0.6269299415895825,-0.11602277555120263,0.16083143648003606,0.035537121841736095,-0.11580620883439376,0.2625860155903403,0.3153891989210542,0.9289525447966926,0.006432930624694479,0.19374065170547572,0.04298204722109443,-0.09899805955488596,0.2879978981434602,0.347184220547612,0.9274782573271729,-0.04205619672957448,0.1322061855767003,0.06401662415452304,-0.08528587950400023,0.2461353446441362,0.9601775317052422,-0.16410976086268572,-0.2244372182101054,-0.02747779249012496,0.07599050577268693,-0.14742925957786426,0.24624068689340103,0.7323685521806481,-0.6330860320882818,-0.23564412873077914,-0.08549984997792832,0.04512100443158575,-0.07062103221588334,0.28399027410256145,0.7410223001332481,0.6327710512190992,-0.17283360917093527,0.14358025973390298,0.048715512162131436,-0.11694995208393254,0.26998408168510063,0.347184220547612,0.9274782573271729,-0.04205619672957448,0.1322061855767003,0.07718368918899834,-0.13315571144272015,0.24100896633809946,0.7323685521806481,-0.6330860320882818,-0.23564412873077914,-0.08549984997792832,0.09990169596838294,-0.05739864368100679,0.3053253015968732,0.8493420498492191,-0.356469153975837,-0.18982427283313574,-0.3398743445231621,0.09702131486161183,-0.09869640197898412,0.27222787158725464,0.8255552910247019,-0.44858168168031876,-0.12567690941152693,-0.3184937217006701,0.09874357612445459,-0.14428644939337562,0.2585817842397389,0.7359255171704238,-0.5386568940732077,-0.2579681865326426,-0.3189275754492064,0.09952907111582124,-0.07239723599007034,0.2903643379425577,0.8499494415122932,-0.3563801789870361,-0.14119062225188903,-0.36144753849795896,0.09879459332649972,-0.03983450901601159,0.31998428352640207,0.8493420498492191,-0.356469153975837,-0.18982427283313574,-0.3398743445231621,0.05486288514029872,-0.09696591343653785,0.2989842861982889,0.43959959886816957,0.8589898764479109,-0.22430576105645536,0.13629200413755513,0.08147595417938124,-0.08960118439262765,0.2582663398548052,0.9461883260576143,-0.19510033807937793,-0.23223831740924727,-0.11282231003008343,0.09277206094164614,-0.1443712416269558,0.2517094217857779,0.7323685521806481,-0.6330860320882818,-0.23564412873077914,-0.08549984997792832,0.06538998321063659,-0.07245168480815938,0.2914601236553155,0.7957793990239173,0.5387103594589893,-0.2721573607011782,0.04956478303058176,0.05518546909480275,-0.11861330564916797,0.2856397072620746,0.43959959886816957,0.8589898764479109,-0.22430576105645536,0.13629200413755513,0.008495337526867774,-0.10274343065137839,0.2662038287709063,0.7189290067161971,-0.34775847710620983,0.24504641509158076,0.5496884384390822,0.04777894440108456,-0.1529397228135531,0.24532844026861542,0.47438982838067617,-0.6346502427584167,0.011161861523605942,0.6099580091637156,0.021880001293120795,-0.13205654217652796,0.2519142051726974,0.6593987707154585,-0.5300122734360722,0.12808711463861036,0.5175653990073372,0.006889580504969486,-0.08240825502121665,0.2818096711857555,0.7189290067161971,-0.34775847710620983,0.24504641509158076,0.5496884384390822,746,0.09035066451953135,-0.18102557774148417,0.23588358340766516,0.7323685521806481,-0.6330860320882818,-0.23564412873077914,-0.08549984997792832,Static,Right
I,35,66,66,67,0.0,0.0,0.0,-1.0,0.0,0.0,0.0,0.02708218761673168,-0.10181574556052717,0.2792193613968168,0.31665621822111895,0.9288143081673779,0.007074219731268079,0.1923090632826444,0.04199911155012275,-0.09027287931304252,0.24062483074598356,0.9621770334884854,-0.18334747319522524,-0.19762325799071048,0.03929514221072843,0.05948232597421248,-0.14921413972365277,0.24184067432553147,0.7324567246902187,-0.6335414805274489,-0.23459874031835415,-0.08423639325260106,0.02638279504275508,-0.07692895752759821,0.2744372935980987,0.7541327826033974,0.626525192040928,-0.11466041944311403,0.1600091189715901,0.03568905768861669,-0.11628756009264288,0.2630358125674118,0.31665621822111895,0.9288143081673779,0.007074219731268079,0.1923090632826444,0.0432270018745513,-0.09944718990451629,0.28835953238454354,0.34746578113272975,0.9276074201867033,-0.0411403326442079,0.13084142305216223,0.06411732732573189,-0.08575672355722955,0.2464219961820249,0.9604786435987628,-0.16447957344941266,-0.22294969611264037,-0.026845448624704137,0.07610899968853502,-0.14789805815276785,0.2465457161421611,0.7324567246902187,-0.6335414805274489,-0.23459874031835415,-0.08423639325260106,0.04533443805556568,-0.07107251883546428,0.2843258884406566,0.7414595324871838,0.632815124197901,-0.17138678508715569,0.1428612969553727,0.04891493848388451,-0.11740597808926509,0.2703364118150214,0.34746578113272975,0.9276074201867033,-0.0411403326442079,0.13084142305216223,0.07728231120105664,-0.13362743455199733,0.24129998881988102,0.7324567246902187,-0.6335414805274489,-0.23459874031835415,-0.08423639325260106,0.10028309621482384,-0.05775653753498047,0.30540480761366345,0.849053987725082,-0.35857602812946426,-0.18807017466512496,-0.3393525709059287,0.09721058280962898,-0.09913125314885263,0.2724216522120634,0.8251259503829815,-0.4503255480901502,-0.1240099594677904,-0.3177980438811483,0.09890369028350063,-0.14473351378833568,0.2588128229585757,0.7361342712188916,-0.5394894766293251,-0.2570148494719257,-0.31780624048966005,0.09982477896279945,-0.07279116559316177,0.29048405952757056,0.849605898995242,-0.35834190707513364,-0.13953173146196796,-0.3609595405879561,0.09926714848590193,-0.040149302344260535,0.32001906702530575,0.849053987725082,-0.35857602812946426,-0.18807017466512496,-0.3393525709059287,0.05514315637789101,-0.09736002138391946,0.2993104797143031,0.44056708888678103,0.8589183319942736,-0.22340098734393102,0.13509973355917093,0.08161725333229346,-0.09005509738445898,0.25850145967202554,0.9464172905838656,-0.1960419292928315,-0.23077914485576947,-0.11226246185915995,0.09290983877690755,-0.14482773713335473,0.2519606145497367,0.7324567246902187,-0.6335414805274489,-0.23459874031835415,-0.08423639325260106,0.06563823749852206,-0.07285248954539514,0.2917191409354651,0.7965670805902115,0.538300607339684,-0.27076558571147974,0.048983056785323234,0.05542566194304254,-0.11902653474934219,0.2859956618337755,0.44056708888678103,0.8589183319942736,-0.22340098734393102,0.13509973355917093,0.008687794107708004,-0.10318638022577986,0.2666314890170381,0.7187462161718613,-0.34700445799349305,0.24671266467007602,0.5496586613186994,0.04789666587504262,-0.15342002686146475,0.24572423615077532,0.4739345396548122,-0.6342990466131595,0.012180868491336884,0.6106573491170111,0.022014249838526682,-0.13252459262880692,0.2523387406931716,0.6590792830094857,-0.5296315206076518,0.12946725340690157,0.5180185145164233,0.007161848786269055,-0.08283501454620554,0.2822239811800063,0.7187462161718613,-0.34700445799349305,0.24671266467007602,0.5496586613186994,757,0.09044829100557611,-0.1814981463673442,0.2361780715930011,0.7324567246902187,-0.6335414805274489,-0.23459874031835415,-0.08423639325260106,Static,Right
I,35,67,67,68,0.0,0.0,0.0,-1.0,0.0,0.0,0.0,0.027233245254155526,-0.10166820650101174,0.27938490647634245,0.3163215703536446,0.9288201783821908,0.004571259988430536,0.1929063087127993,0.04230968387007241,-0.09018918404467734,0.24084496515428733,0.9619949652682941,-0.18380118311383636,-0.19857346012018873,0.0367612951390909,0.05957888199167291,-0.14919816089356588,0.2419839021517753,0.732573943718145,-0.6331736979338697,-0.2343737148978451,-0.0865762496010107,0.026660239390799246,-0.07677508909622965,0.27461474482789755,0.7541430458793926,0.6262628732706319,-0.11718150482746623,0.1591589609193754,0.035824252984076446,-0.1161494530314439,0.26320097193899067,0.3163215703536446,0.9288201783821908,0.004571259988430536,0.1929063087127993,0.04336940568905443,-0.09941569078666039,0.28858431539082186,0.3472279521172011,0.9275175166820894,-0.04354518180456121,0.13133096610469536,0.06442779280368512,-0.08576081583962393,0.2467095587669184,0.9602238104725765,-0.16433115677213153,-0.22387287500206646,-0.029093651434078008,0.07619459547269734,-0.14794940930529632,0.24673978640050306,0.732573943718145,-0.6331736979338697,-0.2343737148978451,-0.0865762496010107,0.04560495757770753,-0.07104577879484612,0.2845813419547551,0.7412579164608738,0.6325861426149464,-0.17372375175418764,0.14209690894624125,0.049031673812866716,-0.11737952660587411,0.2705590698625525,0.3472279521172011,0.9275175166820894,-0.04354518180456121,0.13133096610469536,0.07743876158684498,-0.1336678920980735,0.24153450034302262,0.732573943718145,-0.6331736979338697,-0.2343737148978451,-0.0865762496010107,0.1005943160743954,-0.057974991245611826,0.30581743533290556,0.8479245023210678,-0.3593005499454746,-0.18737747475534378,-0.3417847789571084,0.09740652719110883,-0.09929983973057364,0.27277099394006354,0.8248207671633973,-0.44931583142989795,-0.12387544891645086,-0.32006383556751955,0.09897394085482224,-0.14488240222189763,0.25908440557292983,0.7357247460969866,-0.5388500522572282,-0.2567468705376807,-0.3200480645653315,0.1000750464780397,-0.07300624631454516,0.29089447131301444,0.8486269195679182,-0.35847930655933,-0.13902836401010693,-0.36331260940694193,0.09967136214263761,-0.040352330321280695,0.32041933240095455,0.8479245023210678,-0.3593005499454746,-0.18737747475534378,-0.3417847789571084,0.0552633921321385,-0.09743098542399775,0.2995767578907921,0.4400114875991584,0.8585762082447606,-0.22585267589082023,0.1350087190139274,0.08188133082524557,-0.09014243190095919,0.2588264934956768,0.946137961292783,-0.1952173524013574,-0.2314962585702688,-0.11455403000378361,0.09299860939126763,-0.1449426952094389,0.2522158600459418,0.732573943718145,-0.6331736979338697,-0.2343737148978451,-0.0865762496010107,0.06588128585009993,-0.07295814070926175,0.292044073405,0.7959816580919139,0.5382089308154412,-0.27288623547036794,0.047722628412086465,0.055484369321961186,-0.11908014506387044,0.2862333149329612,0.4400114875991584,0.8585762082447606,-0.22585267589082023,0.1350087190139274,0.00879854787012976,-0.10305396768168876,0.2666200195473672,0.7196699961669883,-0.3485366174337208,0.24439359968420252,0.5485153519804755,0.04796397778080916,-0.15337461994520968,0.24581277547984465,0.47544922657618366,-0.6351438091947799,0.011726027706216637,0.6086073240307637,0.022122014799567442,-0.13240717757351614,0.2523562797142625,0.6603320895076977,-0.5303125882848984,0.12823929513341695,0.5160278805032283,0.007180859594714973,-0.08270874981730728,0.2822111657750966,0.7196699961669883,-0.3485366174337208,0.24439359968420252,0.5485153519804755,768,0.09044973037000485,-0.18157496835652306,0.23635944191912683,0.732573943718145,-0.6331736979338697,-0.2343737148978451,-0.0865762496010107,Static,Right
I,35,68,68,69,0.0,0.0,0.0,-1.0,0.0,0.0,0.0,0.027397900717310027,-0.10179191261222208,0.27942345826546156,0.31565781735771997,0.9289504677358732,0.002275166606497323,0.19340629372172824,0.04261414577972653,-0.09034424913607741,0.24094240219708646,0.9618958731763774,-0.1838834487287547,-0.19939536623067006,0.03441938952990121,0.05969528873839408,-0.1494130407720096,0.24195621820424768,0.7329599313901425,-0.632522901682528,-0.23412670476779923,-0.0887085336269546,0.026937013538902776,-0.07689103972882262,0.27468342823881015,0.7539270409675294,0.6263023269691604,-0.11946802130504318,0.1583249949199997,0.035973582592599036,-0.11627012050365394,0.26322700134963206,0.31565781735771997,0.9289504677358732,0.002275166606497323,0.19340629372172824,0.04352804003502729,-0.09965490621867225,0.2886766676149229,0.34661725974920415,0.9275875328616998,-0.04570278135149201,0.1317159819468975,0.06473249653381787,-0.08599788791777425,0.24686757983822252,0.960067596463407,-0.1638105942138176,-0.22464465768341055,-0.031162111908470926,0.07630245642421009,-0.1482289456693295,0.2467585052888562,0.7329599313901425,-0.632522901682528,-0.23412670476779923,-0.0887085336269546,0.045874035645982365,-0.07128648349007037,0.2847234629042205,0.7408216140928567,0.6326899659499297,-0.17581760245506708,0.1413326351062753,0.0491666892997526,-0.11760812892241584,0.2706342436087311,0.34661725974920415,0.9275875328616998,-0.04570278135149201,0.1317159819468975,0.07760793705056017,-0.13393242561518995,0.24160324538504838,0.7329599313901425,-0.632522901682528,-0.23412670476779923,-0.0887085336269546,0.1009099382377496,-0.058449097417201286,0.30610208378409987,0.8470052685786744,-0.35980121577874985,-0.1864587148453583,-0.3440324225742662,0.09760907763690127,-0.09970247104719315,0.2729696256435082,0.8247394679786433,-0.44808777951622486,-0.1235582772150393,-0.3221110118238353,0.09906927592826163,-0.14525662735524586,0.2591737556089142,0.7356110844647384,-0.5379639600803978,-0.2563584177079246,-0.32210475273972106,0.10032906007263442,-0.07346741987429498,0.29116860093072494,0.8478572484854208,-0.3583959987185523,-0.1382998838920611,-0.36546345427238736,0.10007999433490869,-0.040821595584635835,0.32070439737685086,0.8470052685786744,-0.35980121577874985,-0.1864587148453583,-0.3440324225742662,0.05540246794155822,-0.09777360263809902,0.29970716772735306,0.4391609570442553,0.858462009332809,-0.22806380484573224,0.13478699217483084,0.0821443595572624,-0.09046376652120978,0.2590134295142305,0.945984207148156,-0.19405546376343427,-0.23204363766587935,-0.11667093480648602,0.09310896615949546,-0.14528073926343732,0.25229078967290713,0.7329599313901425,-0.632522901682528,-0.23412670476779923,-0.0887085336269546,0.06612805650483258,-0.07332640122345045,0.2922473741670081,0.7952415893865594,0.5384654329739365,-0.27474963359909776,0.04645891560606772,0.055566617821408884,-0.11939613109437237,0.2863200358472751,0.4391609570442553,0.858462009332809,-0.22806380484573224,0.13478699217483084,0.008921358836878186,-0.10319120153488669,0.26648386126047113,0.720583440035484,-0.34972858863436196,0.24199406292619663,0.5476205746197975,0.04805567440545071,-0.15356981077836107,0.24573234522735432,0.4770251302834304,-0.6357427396588747,0.011009371569537582,0.6067594150787843,0.022245988732139874,-0.13254593387696936,0.25222411959805024,0.6616311444505191,-0.5307065804124095,0.12685361330536532,0.5142984687819285,0.007212585763376345,-0.08286368988186385,0.2820879179631205,0.720583440035484,-0.34972858863436196,0.24199406292619663,0.5476205746197975,779,0.09048446235179428,-0.18186593023116854,0.23633804145769352,0.7329599313901425,-0.632522901682528,-0.23412670476779923,-0.0887085336269546,Static,Right
I,35,69,69,70,0.0,0.0,0.0,-1.0,-3.467752886059106e-18,0.0,0.0,0.0270618448099923,-0.10228220918363394,0.2800049954929291,0.3140748174215897,0.9293150770571481,0.0023757245715948765,0.19422886641439807,0.04230505569916283,-0.09062045182388488,0.2415804857879165,0.9621933823805818,-0.18136671600114732,-0.2002003027931277,0.034782869224874294,0.059536761243899616,-0.14964689719504354,0.24230182888596402,0.7346944982696267,-0.6301545210695148,-0.23504932638653028,-0.08877549185011832,0.026563800304159016,-0.07736314707398396,0.2753694837363245,0.7524009825964684,0.6278952236854214,-0.11971204037948352,0.15908921034779422,0.03567805108077379,-0.11669841523120755,0.26377492532384955,0.3140748174215897,0.9293150770571481,0.0023757245715948765,0.19422886641439807,0.04318603210822581,-0.10015974427092758,0.2892748846328172,0.3443365822695508,0.9283579829717763,-0.04536922584799278,0.13238355981561328,0.06440737925065967,-0.0862532189068964,0.24755320378508683,0.9603952368674199,-0.16116160027333193,-0.2251973354789574,-0.030888309971396265,0.07613768906020843,-0.14844745407090731,0.24712388672776434,0.7346944982696267,-0.6301545210695148,-0.23504932638653028,-0.08877549185011832,0.045483211385754244,-0.0717678698008887,0.28546389716964476,0.7390382412664626,0.6346110225061572,-0.17594049620077684,0.14190232505525835,0.04887491039909468,-0.11801905835869594,0.27115512720877555,0.3443365822695508,0.9283579829717763,-0.04536922584799278,0.13238355981561328,0.07740732973600802,-0.13412429660098105,0.24203764227374433,0.7346944982696267,-0.6301545210695148,-0.23504932638653028,-0.08877549185011832,0.10044463690577696,-0.05897871205684144,0.3070300951193268,0.8482863819900245,-0.3571332590492203,-0.18602264337584695,-0.34389188062910014,0.09729121416453972,-0.10001952622305037,0.2736145508384125,0.8266902423284339,-0.44468867803786655,-0.12371814388429966,-0.32175929471844905,0.0988772662333139,-0.14549242347854952,0.25956771934422973,0.7373621603814554,-0.5354392010120071,-0.25651871761092787,-0.322180157633057,0.09990574208874876,-0.0739077886692931,0.2920044085501305,0.8492619847642097,-0.3555484374046022,-0.13788934778853473,-0.36513821719994405,0.09957530458513364,-0.04143639839159358,0.3217307179492052,0.8482863819900245,-0.3571332590492203,-0.18602264337584695,-0.34389188062910014,0.05505263069878852,-0.09836650549465076,0.3003092370189663,0.4361994864201557,0.8600439168444848,-0.2275763605846434,0.13514240359205482,0.08181707379925099,-0.09074249910300364,0.25969250710305314,0.9465862010036057,-0.19086323766128566,-0.23244421420405217,-0.11625607881772775,0.09292441446091956,-0.14549359164690026,0.2526780881196079,0.7346944982696267,-0.6301545210695148,-0.23504932638653028,-0.08877549185011832,0.06572248571241512,-0.0738448528758898,0.2930108555660005,0.7933704751569594,0.5412440619493277,-0.2746135417995145,0.04696336033695907,0.055289864238149466,-0.11990479359174869,0.2867888910509736,0.4361994864201557,0.8600439168444848,-0.2275763605846434,0.13514240359205482,0.008657551183684949,-0.10368523133800202,0.2671198371721706,0.7206525574046375,-0.3482082866840745,0.23984971242577738,0.5494388009960428,0.047906697176617254,-0.15384840290934962,0.24605857648509302,0.47817644941791565,-0.634188174353727,0.008614010924866156,0.6075182643737953,0.022052673062345592,-0.13292373064119548,0.25268738494280285,0.6624766248650109,-0.5288716284191672,0.12481935962844005,0.5155964018713358,0.0068786246995673865,-0.08344832452964271,0.2828353650472974,0.7206525574046375,-0.3482082866840745,0.23984971242577738,0.5494388009960428,790,0.09040836961035979,-0.18199633909262375,0.23652114140236882,0.7346944982696267,-0.6301545210695148,-0.23504932638653028,-0.08877549185011832,Static,Right
I,35,70,70,71,0.0,0.0,0.0,-1.0,0.0,0.0,0.0,0.027820392563857023,-0.10171690381990882,0.2798249104777562,0.3160438311122326,0.9291838361246457,0.0020207941562796986,0.1916497114309548,0.04291599661057295,-0.09019920988046114,0.24130189878627525,0.962452638086218,-0.18286325819094262,-0.19768297373431745,0.034167091480394374,0.05998671374984178,-0.14926617124186028,0.24215642197614773,0.7340919683132949,-0.6318611684889853,-0.2326193969185538,-0.08802648459920945,0.02736708009730002,-0.07680813458322738,0.27512656982158734,0.7537096889366288,0.6271155612978626,-0.11860189098241498,0.15678446682153316,0.036318745319601164,-0.11621720186334347,0.26360929167702873,0.3160438311122326,0.9291838361246457,0.0020207941562796986,0.1916497114309548,0.043978454104317485,-0.09955620037693194,0.2890342026267871,0.346748400711555,0.9278030605347884,-0.04603597861718025,0.12972168723469887,0.06505731208458415,-0.0858767362609691,0.24716073185175058,0.9605584530765813,-0.1633826664945141,-0.22276584242797587,-0.03176384673841943,0.07661660503586662,-0.14809761094633103,0.24689113798143336,0.7340919683132949,-0.6318611684889853,-0.2326193969185538,-0.08802648459920945,0.04635821122404184,-0.07118738163082444,0.28510380735383817,0.7408970664292183,0.6332163012001387,-0.17508730014925805,0.13947433519267052,0.049517814087273807,-0.11751754957583938,0.27096775139988216,0.346748400711555,0.9278030605347884,-0.04603597861718025,0.12972168723469887,0.07789515042698461,-0.13380314114473074,0.24173847820477543,0.7340919683132949,-0.6318611684889853,-0.2326193969185538,-0.08802648459920945,0.10138205747453041,-0.05856578166051393,0.30644706722650167,0.8482073084261559,-0.3580080506576499,-0.18469139677395302,-0.34389487573159894,0.09801882207336464,-0.09965574086994734,0.2731155472671081,0.8260795297094835,-0.4463503840186188,-0.12188887163390977,-0.32172511287308975,0.09941264904904468,-0.14517683500638504,0.2592069118206154,0.7366238128802648,-0.5377113188286119,-0.25458975919771043,-0.32161459919131097,0.10076919287024894,-0.07351079100947296,0.29144072964745366,0.848969700388734,-0.35671657092627773,-0.13644401696674227,-0.36522153014634906,0.10057677882343606,-0.04101356606846975,0.32113991746409987,0.8482073084261559,-0.3580080506576499,-0.18469139677395302,-0.34389487573159894,0.055911669204478195,-0.09778402352693168,0.2999897168815182,0.43836606006307954,0.8592814184603522,-0.2275596719005234,0.13299337200802058,0.0825091480047391,-0.09037736012917019,0.259234743936098,0.9465983923810598,-0.1931576674741363,-0.23023281064799242,-0.11676665593683011,0.09342838518769261,-0.1451829783443497,0.25234599837580984,0.7340919683132949,-0.6318611684889853,-0.2326193969185538,-0.08802648459920945,0.06661407452477075,-0.07331535570556239,0.2925653424023002,0.7949154414557921,0.5396954352110105,-0.2734966438530053,0.04514270648381365,0.05602938006921819,-0.11936952685202158,0.28654168775622085,0.43836606006307954,0.8592814184603522,-0.2275596719005234,0.13299337200802058,0.00940043665862347,-0.10312025138346435,0.26726616957489835,0.7200728940551812,-0.34642897720412996,0.24361287400456622,0.5496678620944939,0.048367507814029216,-0.15341470282972142,0.24600157907120845,0.47819456278699196,-0.6323382666363959,0.011757418722257156,0.6093767634011208,0.022611717002052986,-0.13241849679143697,0.2527846711130152,0.6621164696953615,-0.527335944042037,0.12852521135676234,0.5167202848013078,0.007796110374067314,-0.08285061167803073,0.28295675427989253,0.7200728940551812,-0.34642897720412996,0.24361287400456622,0.5496678620944939,801,0.09073298876938504,-0.1817295460284924,0.23631622455780021,0.7340919683132949,-0.6318611684889853,-0.2326193969185538,-0.08802648459920945,Static,Right
I,35,71,71,72,0.0,0.0,0.0,-1.0,0.0,1.694065894508601e-21,0.0,0.02858342314198828,-0.10140458681709259,0.2795685942858045,0.3174949896169434,0.9292151749363103,0.001625233439325492,0.1890858240389459,0.043528854593948826,-0.08999637131547059,0.2409613025421028,0.9627841882804347,-0.18392173740637202,-0.19518744845475483,0.03348523961880452,0.06043626166892367,-0.1491034899137763,0.24190996739700044,0.733693258075526,-0.6333156451800366,-0.23014737090766382,-0.08739384583026318,0.028172483643342097,-0.07650236042170516,0.2748329812018076,0.7546723853856525,0.6267359799446822,-0.11753550551776455,0.1544571368431763,0.0369660533840815,-0.11596995083223098,0.2633515709050834,0.3174949896169434,0.9292151749363103,0.001625233439325492,0.1890858240389459,0.044771665546232964,-0.0992035981768908,0.28872372677349234,0.34886149434256364,0.9273433007076204,-0.04678512778581924,0.1270480704923697,0.06570871455768201,-0.08572335491673118,0.24670901181148053,0.9607625942122445,-0.16527609553709485,-0.2203325165125532,-0.03275106065178107,0.07709380310123702,-0.14797087790584595,0.24655998303893714,0.733693258075526,-0.6333156451800366,-0.23014737090766382,-0.08739384583026318,0.04723507814903248,-0.07085679241847652,0.2846943671912384,0.742528266793481,0.6320640657729135,-0.17431402771802704,0.13697229468765623,0.050159881050329105,-0.11725459623084333,0.27070149517089614,0.34886149434256364,0.9273433007076204,-0.04678512778581924,0.1270480704923697,0.07838189112566485,-0.13370101668661288,0.24134976039252753,0.733693258075526,-0.6333156451800366,-0.23014737090766382,-0.08739384583026318,0.10231138582988002,-0.0584223715613256,0.30582570567681167,0.8483365413863968,-0.3583159846265926,-0.1834071696115551,-0.34394269558273804,0.09874640939287815,-0.09953462529508673,0.27255149372619625,0.8255746546327792,-0.44778717544533536,-0.11995633783003165,-0.32175085415436466,0.0999437046360159,-0.14509531385597288,0.25875011151430555,0.7360489130782935,-0.5397265007860074,-0.2525427417239797,-0.32116890495203637,0.10163394812757574,-0.07336838753064526,0.2908227197471929,0.8488563986349102,-0.35741165746801745,-0.1349957442819069,-0.36534349676476946,0.10155916388682172,-0.040875737921033065,0.32052846830979104,0.8483365413863968,-0.3583159846265926,-0.1834071696115551,-0.34394269558273804,0.05677055054695425,-0.09745362080352672,0.2996024675063244,0.4403101538160149,0.8586113441006977,-0.2276190790338292,0.13077875625613694,0.0832016738213128,-0.09024621226627769,0.2587165853630607,0.9466424710822791,-0.19521297848974858,-0.22799575533679853,-0.11737913153878882,0.09392814528618541,-0.14509988856807948,0.25191509353476255,0.733693258075526,-0.6333156451800366,-0.23014737090766382,-0.08739384583026318,0.06750657687883682,-0.07303402609417846,0.2920657036893865,0.7962998407086078,0.5383517500910037,-0.27242447750068516,0.043230324077873895,0.05676617722992719,-0.1190779825154163,0.28621718101602267,0.4403101538160149,0.8586113441006977,-0.2276190790338292,0.13077875625613694,0.010149159030095913,-0.10279680734919205,0.2673591226492841,0.7196526220996379,-0.3441601552016629,0.24728031262763175,0.5500057618456956,0.04882795987484109,-0.15320141693013306,0.24584090222552563,0.4784560628615524,-0.6302101404862582,0.014663253584747155,0.6113100389602828,0.02317154650301453,-0.13214071687164897,0.252801806329198,0.6619721015464944,-0.5254183346930565,0.1320868713663348,0.5179590415806508,0.008728186744575674,-0.08250830488757567,0.28304426369515184,0.7196526220996379,-0.3441601552016629,0.24728031262763175,0.5500057618456956,812,0.09105407196634441,-0.18167867779272837,0.23599041663345952,0.733693258075526,-0.6333156451800366,-0.23014737090766382,-0.08739384583026318,Static,Right
I,35,72,72,73,0.0,0.0,0.0,-1.0,0.0,0.0,0.0,0.028535760006093536,-0.10131995141485922,0.27875815459850717,0.3209688320243843,0.927840796567821,0.0008562881121238007,0.18997297666763874,0.043606855720786306,-0.09016768246754928,0.24010772662823188,0.9620199275600035,-0.186955893869936,-0.19615458186226598,0.032992919530991455,0.06040410103186673,-0.14929637613887203,0.24142651079641697,0.7316320303759909,-0.6353894418673219,-0.23067700524877469,-0.08822102096946781,0.02818677789081137,-0.07644807245724444,0.27386069825863285,0.7567095825106699,0.623955359989953,-0.11863662952430287,0.1549053472655127,0.03693031156662943,-0.11601819980579092,0.26266706102672116,0.3209688320243843,0.927840796567821,0.0008562881121238007,0.18997297666763874,0.04470199984855375,-0.09909872242135652,0.28795257900215937,0.3521963234780624,0.9259056703166955,-0.04793177189917094,0.12790224644834344,0.06578031297322537,-0.08590498271873247,0.24588663494431495,0.959983684214114,-0.1682047803602511,-0.22143285646360353,-0.03325609696018689,0.07705485724488653,-0.14816882469497952,0.24610634116470587,0.7316320303759909,-0.6353894418673219,-0.23067700524877469,-0.08822102096946781,0.047244122640363484,-0.07078516870675329,0.28373991407819027,0.7445943729691824,0.6291971915168624,-0.17551361730495366,0.13742301142986588,0.05008832811288398,-0.11728847751346078,0.2700695435909619,0.3521963234780624,0.9259056703166955,-0.04793177189917094,0.12790224644834344,0.07837600642814194,-0.13393495959087126,0.24081415871947306,0.7316320303759909,-0.6353894418673219,-0.23067700524877469,-0.08822102096946781,0.10230846721344262,-0.05832962829232418,0.30490768258887024,0.8467138316804608,-0.36066170046185797,-0.18504313895096008,-0.34461262569460394,0.09873023886597258,-0.09963929397706683,0.27188120133657584,0.8236977257447984,-0.4501876998873617,-0.1213263335744569,-0.3226964707807531,0.09987533689030555,-0.14527405986634798,0.25832801054085625,0.7339943086133583,-0.5415464785617028,-0.25378947515500866,-0.3218239717316946,0.10163574173080785,-0.07336319207702229,0.2899943515606786,0.8472790478737535,-0.3596675591410806,-0.13670662962659444,-0.3661540104270063,0.10155758317395336,-0.04069284532026312,0.31950299665043314,0.8467138316804608,-0.36066170046185797,-0.18504313895096008,-0.34461262569460394,0.0566834977246633,-0.09732976291553569,0.298835702308984,0.4428327182037552,0.856872694382754,-0.22851156953816792,0.13210159687420847,0.0832357768146803,-0.09039561281972075,0.2579600034210805,0.9457245641683596,-0.19784862540068124,-0.22937751407727203,-0.11767296287320222,0.09387629544244296,-0.1453050484752609,0.25147893064550214,0.7316320303759909,-0.6353894418673219,-0.23067700524877469,-0.08822102096946781,0.06748162000967131,-0.07297751875445564,0.29117272609623557,0.7976819949890688,0.5355798592271949,-0.27371917724552247,0.043993877624868005,0.05667084165725909,-0.11903711895227848,0.2855854739064979,0.4428327182037552,0.856872694382754,-0.22851156953816792,0.13210159687420847,0.010179471236576067,-0.10276511438445246,0.266597814446957,0.7192240020606668,-0.3463302222209462,0.24834711506939733,0.5487220812696857,0.04878206227497753,-0.15334770895180425,0.24536464888087064,0.47746576715715056,-0.6316719702736099,0.01653283763263931,0.6105273363605451,0.023157914467827556,-0.13220487074594667,0.25219673061034775,0.6612291109634237,-0.5271565078850112,0.1335602407715238,0.5167627512641106,0.008755189602268131,-0.08239382399348794,0.28217375986395066,0.7192240020606668,-0.3463302222209462,0.24834711506939733,0.5487220812696857,824,0.09097260087159305,-0.18196397490638744,0.2357428066069576,0.7316320303759909,-0.6353894418673219,-0.23067700524877469,-0.08822102096946781,Static,Right
I,35,73,73,74,0.0,0.0,0.0,-1.0,0.0,0.0,0.0,0.028247279139675466,-0.10178460834295784,0.2801515300041675,0.3165694201675998,0.9295534022935459,0.0026492513359547293,0.18896363662515095,0.043116393481763965,-0.09020168469387663,0.2415566954868198,0.9631714203635798,-0.18195377755232042,-0.19491887443554437,0.03464491619308074,0.0602054559514349,-0.14925048924517487,0.2422920470831756,0.7352347892918665,-0.6315792024843729,-0.2303846044963718,-0.08637389429219064,0.027762106417770587,-0.07686882789110705,0.2754934509038205,0.7535646566660628,0.6281492641155519,-0.11647022606015299,0.15493061884710285,0.036644703636064146,-0.11630683535412689,0.2639029731309086,0.3165694201675998,0.9295534022935459,0.0026492513359547293,0.18896363662515095,0.044436398059127524,-0.09955737916172101,0.2893084123767923,0.34801529585800534,0.9277490930363586,-0.0457181716652067,0.12679441233220703,0.06529109848165009,-0.0858890218225825,0.24729159837410455,0.9612132679098596,-0.16345153990190978,-0.2198821256140129,-0.031693824843434484,0.0768725160958854,-0.1480849550496825,0.2469093130686272,0.7352347892918665,-0.6315792024843729,-0.2303846044963718,-0.08637389429219064,0.04682698189217971,-0.07119407310613371,0.28534743402110346,0.741679358700666,0.6332979444359355,-0.17324851257430646,0.13722388764853646,0.04983972653891244,-0.11756818823517486,0.27125075289780287,0.34801529585800534,0.9277490930363586,-0.0457181716652067,0.12679441233220703,0.07809405345696745,-0.1338078552474521,0.2417242702807007,0.7352347892918665,-0.6315792024843729,-0.2303846044963718,-0.08637389429219064,0.10193922712550786,-0.0586778124546371,0.30641880364069135,0.8491301033237341,-0.3580678408198583,-0.18212597638571282,-0.3429221744442611,0.09840414924135364,-0.09970864974137568,0.27303360689269934,0.8268489718133094,-0.44651139347383506,-0.11935744702918283,-0.320471766538026,0.0997123275815824,-0.14520951308695043,0.2590498417975081,0.7377535883072806,-0.5381117800237399,-0.2521781069729245,-0.3202523341100984,0.10124981707428768,-0.0735945653973068,0.2913875360484811,0.8497333201935983,-0.3569131283071916,-0.13382632357199203,-0.3642208375614204,0.10120718049686298,-0.04115420236364328,0.3211499117494628,0.8491301033237341,-0.3580678408198583,-0.18212597638571282,-0.3429221744442611,0.05644592564645942,-0.09782125258778358,0.3001760675354906,0.43961875107630755,0.8593653181468973,-0.22625679676738844,0.1305161506670742,0.08281434628394088,-0.09040920774141584,0.2592572619043352,0.9472763921534921,-0.19343184434581248,-0.22759247232695298,-0.11598803818388398,0.09368809094496255,-0.14520418310887545,0.2522228640959669,0.7352347892918665,-0.6315792024843729,-0.2303846044963718,-0.08637389429219064,0.06709989272580714,-0.07335393072352044,0.29267764455044076,0.7958383613378537,0.5396483230440866,-0.27112506356824034,0.043728594350868344,0.056477270603923345,-0.11942425362961405,0.2867558978837939,0.43961875107630755,0.8593653181468973,-0.22625679676738844,0.1305161506670742,0.009966618139428878,-0.1032217680423866,0.2683519249941512,0.7187782640925678,-0.3408497004991118,0.24735997705454835,0.5531657351005339,0.048625333581067326,-0.1533838977331964,0.2462673898556248,0.479209032669066,-0.626833477376275,0.013522385906641407,0.6142113966120597,0.022949955026832895,-0.13244506411764295,0.2535184066061867,0.6624709426055466,-0.5216258016237207,0.1323166873026449,0.521086430014238,0.008568706991052697,-0.08302857114514645,0.2841591277666386,0.7187782640925678,-0.3408497004991118,0.24735997705454835,0.5531657351005339,835,0.09089710315876878,-0.1817276518499444,0.23615591101526462,0.7352347892918665,-0.6315792024843729,-0.2303846044963718,-0.08637389429219064,Static,Right
I,35,74,74,75,0.0,0.0,0.0,-1.0,0.0,0.0,0.0,0.02804824925876174,-0.10225336322476182,0.2814178928510824,0.3122832818343929,0.9312079734127541,0.0044217267225212,0.18791303965410258,0.04271341137105311,-0.09025663539941528,0.2428832805823081,0.9642687169037525,-0.17712893217412906,-0.19364010949331353,0.03625866769561725,0.060084609940530304,-0.14922015204736314,0.24306310206869355,0.7386738534111799,-0.627925171797196,-0.2300599786649026,-0.08451818222634264,0.02743040776418355,-0.077298063361097,0.2769964204037923,0.7504592707525415,0.6322580125286602,-0.1142925363728842,0.15491257103387424,0.036446181592778196,-0.11660448655861191,0.2650173735431486,0.3122832818343929,0.9312079734127541,0.0044217267225212,0.18791303965410258,0.04426150435001922,-0.10001612336100088,0.2905364822780614,0.3439646576767976,0.92951521968131,-0.0434969167192425,0.125689255252821,0.06488976256304484,-0.08589345403158716,0.24857316302053872,0.9623796955768148,-0.15891062969989136,-0.218323122893617,-0.030128845312092114,0.0767691342785356,-0.14801631363398127,0.2476165290955575,0.7386738534111799,-0.627925171797196,-0.2300599786649026,-0.08451818222634264,0.046501476081118515,-0.07160771657650455,0.2868218352409317,0.7388167212299706,0.6372918544315447,-0.17096423972350158,0.13704077291800465,0.04967917559574825,-0.11785230164816407,0.27231000984421583,0.3439646576767976,0.92951521968131,-0.0434969167192425,0.125689255252821,0.07789073805892532,-0.1337007584424782,0.2425302563424654,0.7386738534111799,-0.627925171797196,-0.2300599786649026,-0.08451818222634264,0.10166885218271282,-0.0590239678519741,0.30778860995959356,0.8513568420635562,-0.3558698412204783,-0.17914735759699482,-0.34125416898155997,0.0981632250625455,-0.09978864541090275,0.2740665381369589,0.8298837264182106,-0.4429559046981827,-0.11743042446884167,-0.31826586767717774,0.0996269427629512,-0.14515605039893725,0.2596714279551927,0.7413546168068331,-0.5348386072129082,-0.25059108313030126,-0.3186614275831524,0.10095285792422799,-0.0738328856347771,0.2926529449155989,0.8520079829337086,-0.3544983111251999,-0.13091446079439725,-0.36231857305626314,0.1009658764038602,-0.041602823585564,0.3226419563335011,0.8513568420635562,-0.3558698412204783,-0.17914735759699482,-0.34125416898155997,0.05629612150079072,-0.09830158268301367,0.30139313025512515,0.43668122247848096,0.8616804506018122,-0.22402978694279788,0.12894559142414294,0.0824788348044527,-0.09043874714452764,0.26043207571116883,0.9487407340951606,-0.18929676145263993,-0.22581202878742893,-0.11430959376633096,0.09357678981095224,-0.14511827900840807,0.25286793241396716,0.7386738534111799,-0.627925171797196,-0.2300599786649026,-0.08451818222634264,0.06680914456733808,-0.07372751094081127,0.29404695043079954,0.7941193135528649,0.5434758779709621,-0.2685483264676668,0.04347737638627672,0.05636636970320206,-0.11980655842061705,0.28781715866134394,0.43668122247848096,0.8616804506018122,-0.22402978694279788,0.12894559142414294,0.009860705273042118,-0.10369167681982316,0.2700200249903913,0.7182492852694287,-0.3352104637639164,0.24668035455266085,0.5575847127306386,0.048548464663990945,-0.15343199773221744,0.24708007569140422,0.4808498367289254,-0.6218841697463996,0.010721595252600129,0.6180036903869075,0.022828795699172212,-0.13269873548338088,0.25475536818492595,0.6636298046096549,-0.5159644188148957,0.13136932379812497,0.5254696011336732,0.008505927877178462,-0.08367457680348114,0.2860541445840395,0.7182492852694287,-0.3352104637639164,0.24668035455266085,0.5575847127306386,846,0.09089180845489347,-0.18150902617568584,0.23648631864349606,0.7386738534111799,-0.627925171797196,-0.2300599786649026,-0.08451818222634264,Static,Right
I,35,75,75,76,0.0,0.0,0.0,-1.0,-3.4677528860591056e-18,0.0,0.0,0.02801245065243027,-0.10268834030310846,0.28259289381058084,0.30815105273155424,0.9328020034836025,0.006299823436909851,0.18677168742096828,0.042462811046767725,-0.09029586260049653,0.24411885464305863,0.9653191586563427,-0.17250294710580288,-0.19225269227539082,0.03795467670376501,0.06011790838380429,-0.1491656737789404,0.24377141280025286,0.7419578473883666,-0.6244404400252798,-0.22970200918941974,-0.08252076426088333,0.02725971188976171,-0.07769620053452457,0.2784023701985781,0.7474349603689323,0.6362519119725303,-0.11197651163659883,0.15487332039861165,0.03640747290690234,-0.11687143824413436,0.2660467052723651,0.30815105273155424,0.9328020034836025,0.006299823436909851,0.18677168742096828,0.04425234327276997,-0.10043326675690353,0.29166842734757153,0.3400886333487809,0.9312022220150983,-0.0411552121815743,0.12453269326322262,0.06464151979698082,-0.08587583290006398,0.24975842560373582,0.9635013457538085,-0.15460215025718207,-0.21668828093357584,-0.02845207852701275,0.07682057249576918,-0.14791928115918523,0.24825680665144362,0.7419578473883666,-0.6244404400252798,-0.22970200918941974,-0.08252076426088333,0.0463375828780244,-0.07198325555993636,0.28819079500916595,0.73605156830817,0.6411602738790567,-0.16853581560461622,0.1368841511969273,0.04968266039198755,-0.11810001940425872,0.2732820172607194,0.3400886333487809,0.9312022220150983,-0.0411552121815743,0.12453269326322262,0.07784015834067001,-0.1335702035245045,0.2432610825058581,0.7419578473883666,-0.6244404400252798,-0.22970200918941974,-0.08252076426088333,0.10156469175208568,-0.059315595339359393,0.3090371314726455,0.8534505931221423,-0.35406509949191894,-0.1761080496583937,-0.3394789319924843,0.0980795822854425,-0.09982941051710242,0.27500151809857515,0.8328208658818744,-0.43958513303954244,-0.11552296077973595,-0.3159568984767643,0.09969631491435045,-0.14506699351784505,0.26022029427043586,0.7448330305997668,-0.5317597859237411,-0.24902564414527353,-0.31692509392589224,0.10081504143889866,-0.07402646918908869,0.2938071424711627,0.8541537006683291,-0.3524393329178679,-0.12796298403214454,-0.36032408601784593,0.10089912043426139,-0.04198651896885529,0.32399940178721076,0.8534505931221423,-0.35406509949191894,-0.1761080496583937,-0.3394789319924843,0.056312635205196304,-0.09872844520366952,0.3025163293095308,0.4340374322171956,0.8638499970372082,-0.22170400945520854,0.12736570277984297,0.08229793219478529,-0.09043818124114533,0.2615086824031973,0.9501476649263311,-0.18545084741106224,-0.22397718529801844,-0.11252385745048331,0.09361960113278994,-0.14500069815524655,0.2534408178495099,0.7419578473883666,-0.6244404400252798,-0.22970200918941974,-0.08252076426088333,0.06668147229560525,-0.07405255925032614,0.2953075843556467,0.7925606406182192,0.5470736005123787,-0.26586679119631246,0.043277660567970964,0.05641827132529435,-0.12014414783074283,0.28879913546388974,0.4340374322171956,0.8638499970372082,-0.22170400945520854,0.12736570277984297,0.009931793345554205,-0.10414021751008713,0.2716326979671132,0.7175478100448733,-0.329482207559581,0.24632143411722046,0.5620430288651462,0.04862793634396144,-0.1534538877667613,0.24783790629198327,0.4822957766280153,-0.6168354622546343,0.008127936366855652,0.6219636106737336,0.022871351190693195,-0.13293144092023823,0.2559396773745353,0.6646124313754632,-0.510220330304472,0.13071249511888106,0.5299809187366913,0.008633290457812543,-0.08429630107309367,0.28788604382857014,0.7175478100448733,-0.329482207559581,0.24632143411722046,0.5620430288651462,857,0.09103879688435922,-0.181264574148945,0.23676373940798034,0.7419578473883666,-0.6244404400252798,-0.22970200918941974,-0.08252076426088333,Static,Right
I,35,76,76,77,0.0,0.0,0.0,-1.0,0.0,-8.470329472543005e-22,0.0,0.027658678045824663,-0.10266077139449477,0.2825712211911268,0.30911749273121547,0.9320439368438879,0.004618557988051908,0.18899509094742348,0.04233572883370941,-0.09026278580642129,0.24415526024352358,0.9648989207222671,-0.17237360982612832,-0.19468091916130928,0.0368341029349341,0.059890751308546604,-0.14916290568278612,0.2439349752966271,0.7410886373282719,-0.6246144274053003,-0.23119925945469535,-0.08480183445937231,0.026969769847252405,-0.0776696670818572,0.27836789373198145,0.7473789076279395,0.63560760046696,-0.11447095961747278,0.15596200199329405,0.03611367161227595,-0.11688839252075806,0.2660936403347398,0.30911749273121547,0.9320439368438879,0.004618557988051908,0.18899509094742348,0.04383306329905799,-0.10039442878919051,0.2917525408062678,0.34075315916678717,0.9305867700043242,-0.04309196972892631,0.12664371344703496,0.0644911881694,-0.08587814961690403,0.24991261415918098,0.9628908266664422,-0.1547140109253016,-0.21913959579010808,-0.029709734128218063,0.07656981476147728,-0.14794379048093412,0.2485109177632373,0.7410886373282719,-0.6246144274053003,-0.23119925945469535,-0.08480183445937231,0.04600552533264904,-0.07195386943325412,0.2882466244875197,0.736205526616667,0.6400793848343005,-0.1711785565919823,0.13783216407031004,0.04931922973698823,-0.11809847813884626,0.27341878288705523,0.34075315916678717,0.9305867700043242,-0.04309196972892631,0.12664371344703496,0.07764158877163084,-0.13359879377436493,0.2435133642658071,0.7410886373282719,-0.6246144274053003,-0.23119925945469535,-0.08480183445937231,0.10118129472838706,-0.0594013432601598,0.30944348577078806,0.8523115528263597,-0.3541466613838572,-0.17717929757512343,-0.3416908773440882,0.09776715248643658,-0.09987603745218024,0.27534492376570985,0.8325865075912339,-0.4379465478455615,-0.11725297707517841,-0.3182047579377079,0.09938582980120679,-0.14512511997677469,0.26059649264802526,0.7437327364067644,-0.5313143096061244,-0.2506741008171173,-0.318950178529819,0.10044219587947495,-0.07411473517298298,0.29421688269225443,0.8531842728113019,-0.35212024656026136,-0.12915745808753876,-0.3625000408415928,0.100525875855478,-0.0420556717842156,0.3243877510638578,0.8523115528263597,-0.3541466613838572,-0.17717929757512343,-0.3416908773440882,0.0558404919126214,-0.0987953831637563,0.30263112413214055,0.43267205668428294,0.8637872809749693,-0.22341002333443,0.12943873479052456,0.08207517043025829,-0.09046579106818935,0.26176175888630254,0.9496288221476431,-0.18436712515600392,-0.22649247531782316,-0.11364427804599674,0.09334561665643573,-0.14505126057635598,0.25378515093330384,0.7410886373282719,-0.6246144274053003,-0.23119925945469535,-0.08480183445937231,0.0662816638802192,-0.07412746563626507,0.29550098684033865,0.7916232017857131,0.5471216739564225,-0.2684092306884759,0.04412556133216935,0.05600651204669291,-0.12018623756758186,0.28887565779364727,0.43267205668428294,0.8637872809749693,-0.22341002333443,0.12943873479052456,0.009593086126007594,-0.10404307881850446,0.2714776706426248,0.7179348165470668,-0.332291157001739,0.24387388005611585,0.5609614218414226,0.048370476919870356,-0.1534300896212145,0.24794080370598615,0.48268247783295914,-0.6186356824933823,0.007489977508148378,0.6198801643672022,0.02260439596439708,-0.13286048587194202,0.25589194662973713,0.6649971318851229,-0.512115724938976,0.1291311269701264,0.5280544014608844,0.008152241121561564,-0.08417592709130936,0.28768914709980714,0.7179348165470668,-0.332291157001739,0.24387388005611585,0.5609614218414226,868,0.09079307822061447,-0.1813194030528402,0.2371132125985119,0.7410886373282719,-0.6246144274053003,-0.23119925945469535,-0.08480183445937231,Static,Right
I,35,77,77,78,0.0,0.0,0.0,-1.0,-3.469446951953615e-18,6.93889390390723e-18,-1.0842021724855047e-19,0.0274032585370788,-0.10264731517309338,0.2825605660532014,0.30983996566913186,0.9314305511510029,0.003141622053669714,0.19085715671035838,0.04227214781769853,-0.09022428630554882,0.24419763891883348,0.9645868377931791,-0.1720034259952567,-0.19672575550357124,0.03586127331256678,0.05973956630419593,-0.14915101459371555,0.24406787501728247,0.7404442581438453,-0.6246468577228618,-0.2324418688321857,-0.08677200777074646,0.026769027105877603,-0.07765505493323815,0.2783568138489168,0.7471911710816068,0.6352237750463245,-0.11659775789229174,0.15684728983340515,0.03590921188445365,-0.11691023349799012,0.26613819047871135,0.30983996566913186,0.9314305511510029,0.003141622053669714,0.19085715671035838,0.04352083098552507,-0.1003676090721189,0.2918329903566005,0.3412089217695035,0.9300989580512337,-0.0447826404399143,0.12840138259431588,0.06440666754449512,-0.08587258005298398,0.2500558407893259,0.9623998951065422,-0.15462159078575108,-0.22119840656985415,-0.03081996905835135,0.07640088511418167,-0.1479555635316531,0.2487203497641489,0.7404442581438453,-0.6246468577228618,-0.2324418688321857,-0.08677200777074646,0.04576846854429449,-0.07193547054985434,0.288311799158274,0.7362543989279284,0.6392505223603913,-0.1734499174809342,0.13857617344658843,0.049052287059326,-0.11809953683601718,0.2735404488852931,0.3412089217695035,0.9300989580512337,-0.0447826404399143,0.12840138259431588,0.0775161240889473,-0.1336131105360543,0.24372379243952985,0.7404442581438453,-0.6246468577228618,-0.2324418688321857,-0.08677200777074646,0.10090777999953768,-0.059491200661182755,0.3098178862774965,0.851327953088637,-0.35425443784279337,-0.17781850540255653,-0.3436933061539008,0.0975449759252533,-0.09991540504384798,0.275644097743205,0.8325332723061724,-0.4362309161571239,-0.1186307229985294,-0.32018383758825075,0.09916357481684811,-0.14516879430513657,0.26091005647835097,0.7428757490380763,-0.5308234601972396,-0.25201115441814304,-0.32070617961645465,0.10016660362721162,-0.0742042423381698,0.29459115024522925,0.8523571758934462,-0.3518214858809938,-0.12992598346852902,-0.36445593093702594,0.10027505078112121,-0.0421337736998008,0.3247491313701355,0.851327953088637,-0.35425443784279337,-0.17781850540255653,-0.3436933061539008,0.05548170749124013,-0.09887368342503734,0.3027359740480505,0.4312540497331831,0.8638629645335062,-0.22485023900313436,0.131160562351436,0.08192943295648013,-0.09048369987316796,0.26198635629874334,0.9492419764915123,-0.1831450137904808,-0.22861031947380459,-0.11460757313658126,0.09315557611747596,-0.14508751868191566,0.25406953223664164,0.7404442581438453,-0.6246468577228618,-0.2324418688321857,-0.08677200777074646,0.06598258732436368,-0.07420795332147632,0.2956837483576334,0.7906915301512346,0.5473566363178946,-0.27055668716288345,0.044796158957047645,0.055702755647091734,-0.12023493926758383,0.28893650896631384,0.4312540497331831,0.8638629645335062,-0.22485023900313436,0.131160562351436,0.009352161240238098,-0.10396050250711236,0.27136563137693986,0.7182033771729165,-0.3346329140628479,0.24165534847037845,0.5601851608163895,0.04819589824241999,-0.15339873863271922,0.24802198998374514,0.4831186991587829,-0.6200004800985783,0.0068750895431315155,0.6181815755459167,0.022424119034849213,-0.13279363926475,0.2558601223194703,0.6653730692347432,-0.5135715324048272,0.12772764668692646,0.5265060380587433,0.007782301978493111,-0.08407736135896604,0.2875456038732454,0.7182033771729165,-0.3346329140628479,0.24165534847037845,0.5601851608163895,879,0.09062458774265948,-0.181354639810834,0.2373916153143486,0.7404442581438453,-0.6246468577228618,-0.2324418688321857,-0.08677200777074646,Static,Right
I,35,78,78,79,0.0,0.0,0.0,-1.0,-6.776263578034403e-21,0.0,0.0,0.02771489715553195,-0.1017767398279018,0.2821771010317136,0.312205278579542,0.9307567316037176,0.0035752375765446182,0.19028133980426745,0.0425528774422575,-0.0895553936071306,0.24372604114303445,0.9642623649453713,-0.17445469874855285,-0.1960887710658429,0.03623318225602904,0.05999440956178377,-0.14849328101588039,0.24385160832455405,0.7390128116586913,-0.6265551331139245,-0.23214734143128696,-0.08600198392649824,0.0270907394829747,-0.07680683021498695,0.27783883742484916,0.7490245424122608,0.633230982428747,-0.11598592117407293,0.15661425173281326,0.036195595605242145,-0.1161251671233714,0.26581699152866595,0.312205278579542,0.9307567316037176,0.0035752375765446182,0.19028133980426745,0.04386284754476215,-0.09949868047190304,0.29138122938791905,0.3428982154007791,0.9295499587242434,-0.04415532235597408,0.12809369858958125,0.06469499804474216,-0.08518272164664392,0.24953939930772698,0.9621709294017462,-0.1567466640175021,-0.22078436629068504,-0.030196846444371657,0.07665827393464661,-0.1472821737594135,0.2484856330737506,0.7390128116586913,-0.6265551331139245,-0.23214734143128696,-0.08600198392649824,0.046094320873254935,-0.07107912732750273,0.28775265944139267,0.7374935122024893,0.6379940323123372,-0.17267745417883054,0.1387423187473787,0.04938384866679565,-0.11729534169478682,0.2731480431351435,0.3428982154007791,0.9295499587242434,-0.04415532235597408,0.12809369858958125,0.07778059146762245,-0.13295959041615432,0.24342932931205172,0.7390128116586913,-0.6265551331139245,-0.23214734143128696,-0.08600198392649824,0.10136212796092536,-0.05847232418742923,0.3090673176677748,0.8498499208110036,-0.35818783428202744,-0.17738549041611307,-0.34349814447783705,0.09785587725605581,-0.09911213716364997,0.2751608927124304,0.8310646043378118,-0.43922050581435873,-0.11844264283783827,-0.3199817354890802,0.0994425669339394,-0.14443822850835544,0.26064769498493007,0.7416434217617145,-0.5328659663199276,-0.2523078220256425,-0.31993696229129653,0.10055421421132868,-0.0732880365507545,0.29394339345676324,0.8509688164557296,-0.35533115548494554,-0.12973725211734977,-0.36436257872441774,0.10081637026537721,-0.04100226330031539,0.32386963259275486,0.8498499208110036,-0.35818783428202744,-0.17738549041611307,-0.34349814447783705,0.055820840783128614,-0.0979055418701937,0.30229918872595135,0.4339600427831512,0.8625870391063089,-0.22461968242967167,0.1310277814001674,0.08222897705187768,-0.08974162350081463,0.26147360661535196,0.9488664732988539,-0.18570082224352263,-0.22830145711300337,-0.11421937290825249,0.09342701559692546,-0.14438848351913888,0.253814551524721,0.7390128116586913,-0.6265551331139245,-0.23214734143128696,-0.08600198392649824,0.06633099693147997,-0.07328484461595111,0.2951066139121452,0.7922916841817484,0.5452221470754602,-0.2701670856295393,0.04490482554598165,0.056001783702484056,-0.11934650376267217,0.2886222894507053,0.4339600427831512,0.8625870391063089,-0.22461968242967167,0.1310277814001674,0.009598026256423954,-0.10313257529538244,0.2708417471770615,0.7173877343827579,-0.3371539987757883,0.24276864369432394,0.5592364484772858,0.04844887713269163,-0.1527221568417093,0.24782214747919068,0.4815688104085302,-0.6216401896412206,0.008555130588756312,0.6177230489508627,0.022681568095154862,-0.1320577863172584,0.2555204850784574,0.6640313678829554,-0.5158087935972057,0.12889369808755274,0.5257281098710638,0.008003601668352817,-0.08315530598722862,0.28690361030754696,0.7173877343827579,-0.3371539987757883,0.24276864369432394,0.5592364484772858,890,0.09086528235288462,-0.18073642479835758,0.23731817108691486,0.7390128116586913,-0.6265551331139245,-0.23214734143128696,-0.08600198392649824,Static,Right
I,35,79,79,80,0.0,0.0,0.0,-1.0,0.0,0.0,0.0,0.028536247653847675,-0.10131662282126361,0.281899849499662,0.3120809494758597,0.9304724182527462,-0.000406314062813439,0.19190204468429922,0.04366786660778468,-0.08913377003130414,0.2435529993326531,0.963945998533011,-0.17447488832473781,-0.19826603494612344,0.03251468349852535,0.060723088990114304,-0.14818904352874313,0.24370681621065696,0.7383256209245929,-0.6267364821546293,-0.23221763142196544,-0.0902863836883867,0.02809625913735978,-0.07633586021129392,0.2775966682892431,0.7487086584872208,0.6329859110478103,-0.12022571665682556,0.1559165102726212,0.037017981602121254,-0.1156924118257698,0.26556549717921096,0.3120809494758597,0.9304724182527462,-0.000406314062813439,0.19190204468429922,0.04463980940089041,-0.09914430406436725,0.2912042417569573,0.3426894126702815,0.9292151179772529,-0.04825390814398933,0.12959471947208692,0.06580459233035106,-0.08490929859034875,0.24949730352477018,0.9615386189309828,-0.15673641441588482,-0.2229977873586439,-0.033899373644645354,0.07736426804088718,-0.14709062078993004,0.24844341502066566,0.7383256209245929,-0.6267364821546293,-0.23221763142196544,-0.0902863836883867,0.04707718928997463,-0.07073495170722122,0.2876222050564472,0.7370589008707145,0.6374786715716289,-0.176938716641628,0.13805002894508692,0.05014823588742846,-0.1169577434024917,0.27298279698467404,0.3426894126702815,0.9292151179772529,-0.04825390814398933,0.12959471947208692,0.07861667340206975,-0.13276391848303773,0.24342130751275992,0.7383256209245929,-0.6267364821546293,-0.23221763142196544,-0.0902863836883867,0.1023114505914047,-0.05846557205136144,0.30923393352378004,0.8482091069934573,-0.35787060947084853,-0.17843903271766828,-0.34731750501969794,0.09872629829075244,-0.09907304384822668,0.2752971230188443,0.8297581671393984,-0.4385692746394777,-0.1192764351926179,-0.3239313313271963,0.10010475233944213,-0.144396405318101,0.26075427960681613,0.7401046655221165,-0.5324383031208051,-0.25258716337871673,-0.32396645248933914,0.10148792464678079,-0.07327323737356489,0.2941037386564247,0.8494328364621779,-0.35468874075819423,-0.13084838905506607,-0.3681554734088298,0.10180511629886134,-0.04099184495281664,0.32403414149089216,0.8482091069934573,-0.35787060947084853,-0.17843903271766828,-0.34731750501969794,0.05654015740792999,-0.09760510191137892,0.3022087586043062,0.43373479846034346,0.8614512774688875,-0.22890985974764957,0.13181842535130825,0.08323925295691414,-0.08959118482585593,0.26152875128114345,0.9479075870369623,-0.18572234873233426,-0.23030643883340657,-0.11805659596559372,0.09412878005013717,-0.14430159123813593,0.25388618915257055,0.7383256209245929,-0.6267364821546293,-0.23221763142196544,-0.0902863836883867,0.06726204222058438,-0.07305613982642388,0.2950858612573268,0.7915794979529732,0.5443064925078192,-0.27428749620101267,0.04357419032103612,0.05664256636315877,-0.11904527846087672,0.2885301981196552,0.43373479846034346,0.8614512774688875,-0.22890985974764957,0.13181842535130825,0.010422472550378273,-0.10250153053254944,0.2702866675835518,0.7201480929391981,-0.3388741878705549,0.24074671594416927,0.5555106009728398,0.04912307823032201,-0.1523530896923435,0.24758638460419105,0.48367370909963103,-0.6241790999097518,0.008648906733248382,0.6135025597126529,0.02343229213127697,-0.13151473060101013,0.25506916209612285,0.6663750531880132,-0.5174932476282817,0.12792536912041563,0.5213253562634491,0.008813887944295721,-0.08251105770029701,0.28633071724403525,0.7201480929391981,-0.3388741878705549,0.24074671594416927,0.5555106009728398,901,0.09142785178299534,-0.1806185048133505,0.2373442233725867,0.7383256209245929,-0.6267364821546293,-0.23221763142196544,-0.0902863836883867,Static,Right
I,35,80,80,81,0.0,0.0,0.0,-1.0,0.0,0.0,0.0,0.02912884773542594,-0.10081414534198149,0.28170855612418344,0.3119659155931288,0.9301694846275432,-0.004466436093185803,0.19349947887396735,0.04455443474033211,-0.08867503166395654,0.24346920929835414,0.9636132147530941,-0.17450684015813098,-0.20043063713873574,0.028714017263217775,0.06121017621651803,-0.14784888461051787,0.24365911279278799,0.737558574911828,-0.6269889403068725,-0.23224187610783095,-0.09463576643538914,0.028874939486779282,-0.0758250314621298,0.2774435905790614,0.748355157082532,0.6327605601434653,-0.12451149543556399,0.1551628818348858,0.03760878601139686,-0.11521975577972303,0.26539873878149817,0.3119659155931288,0.9301694846275432,-0.004466436093185803,0.19349947887396735,0.04518099976695544,-0.09873979604990575,0.29112115593354143,0.3426722212488951,0.9287871038499481,-0.05251368977966905,0.13104417916145186,0.06668346095336752,-0.08460163274776802,0.2495455099930521,0.9608670170430057,-0.15683786743520658,-0.22519594092549275,-0.037725947144304176,0.07782663036493254,-0.14686501275311364,0.24850088815951524,0.737558574911828,-0.6269889403068725,-0.23224187610783095,-0.09463576643538914,0.04783507174218308,-0.07034438149906742,0.28757863191296723,0.7367381396495482,0.636795643146948,-0.18130057754020196,0.13725277060364582,0.05066986892087576,-0.11657849121201655,0.27291851086958363,0.3426722212488951,0.9287871038499481,-0.05251368977966905,0.13104417916145186,0.07921159640011799,-0.13253662690216542,0.2435090319929448,0.737558574911828,-0.6269889403068725,-0.23224187610783095,-0.09463576643538914,0.10301586148035184,-0.058428120290463466,0.3094959437162046,0.846567066121655,-0.35742631150887366,-0.1796044895847111,-0.35115931102613596,0.09935975742065209,-0.09900156506276196,0.2755253499561027,0.8284330008640016,-0.4378574182788788,-0.12019693267902203,-0.32792124315477755,0.10052144623224402,-0.14432354533298564,0.26095870763570184,0.738469006307165,-0.5320818880379599,-0.25285058186633963,-0.32805331029502177,0.10218085415571905,-0.07322691991618797,0.2943567030349332,0.8478809563500408,-0.3539680071839383,-0.13205100535457232,-0.37197723819343903,0.10254162417803096,-0.04095283936233936,0.32429578589320873,0.846567066121655,-0.35742631150887366,-0.1796044895847111,-0.35115931102613596,0.05702434781435846,-0.09725920782802691,0.3022096429153307,0.4335609600741436,0.8602462046156861,-0.23328480178817632,0.13258794288526182,0.08401722063532263,-0.08940729961425185,0.26167370945779567,0.9469031451205145,-0.18581242375230428,-0.23231337709549768,-0.12197816100702993,0.0945859203346681,-0.14418424231622365,0.25405656557770806,0.737558574911828,-0.6269889403068725,-0.23224187610783095,-0.09463576643538914,0.06796407572504651,-0.07278711886364708,0.29515236242213855,0.7909033187046083,0.5432735119530261,-0.2784728908256873,0.04217440867928169,0.05704334227735783,-0.11869893124982092,0.2885298322877176,0.4335609600741436,0.8602462046156861,-0.23328480178817632,0.13258794288526182,0.01102266244770974,-0.10181802617447944,0.2698215105870858,0.722925780965071,-0.3406132305449269,0.2387993181168001,0.5516664101254871,0.04955486010980969,-0.15194361099384163,0.24744786368172442,0.48577223823746174,-0.6267540705479351,0.008855098677485976,0.609201325373454,0.023947073030439872,-0.1309260955905634,0.2547125175049028,0.668747913313711,-0.5191661272086209,0.12708472568596144,0.5168096683452075,0.009404864867457088,-0.0818122691521236,0.28584627301751786,0.722925780965071,-0.3406132305449269,0.2387993181168001,0.5516664101254871,912,0.0917406341685491,-0.18047165401812082,0.23747364244546407,0.737558574911828,-0.6269889403068725,-0.23224187610783095,-0.09463576643538914,Static,Right
I,35,81,81,82,0.0,0.0,0.0,-1.0,0.0,0.0,0.0,0.02867540900711995,-0.1001130336857724,0.2808616714140714,0.3142320065336676,0.9290437932132395,-0.004784119750489184,0.1952254813286257,0.04424564508764835,-0.08812936073840943,0.24262983664136856,0.9628854095945656,-0.17650638947453925,-0.20216597649722926,0.02874196255459776,0.06086957281427679,-0.1473108555060053,0.2431559801701293,0.7355959561036369,-0.6286130313513424,-0.23373182805353174,-0.09546558926653509,0.02844095903346416,-0.07514091086092742,0.2764939292249416,0.7494257769485491,0.6309258861274208,-0.12563760219464515,0.15655262365790204,0.03721131313653918,-0.11459987634868488,0.26465382105218244,0.3142320065336676,0.9290437932132395,-0.004784119750489184,0.1952254813286257,0.04468847295256512,-0.09798302311094947,0.29032225527714384,0.3446771735956058,0.9277539183636534,-0.05308720329119139,0.13286106205262738,0.06635326338395357,-0.08403673191634795,0.24877117693398404,0.9600795218037999,-0.15893323947648622,-0.2270746412853514,-0.037744463006197146,0.07746649013051901,-0.14631352607722845,0.24805885795856278,0.7355959561036369,-0.6286130313513424,-0.23373182805353174,-0.09546558926653509,0.04736622558439833,-0.06960440142820978,0.28666990285293037,0.7377706121830312,0.6349288770190306,-0.18253247079143908,0.13871460641619776,0.05023785104241948,-0.1159053038831796,0.2722204246587452,0.3446771735956058,0.9277539183636534,-0.05308720329119139,0.13286106205262738,0.07888082620383693,-0.13200652991167097,0.24301178086479522,0.7355959561036369,-0.6286130313513424,-0.23373182805353174,-0.09546558926653509,0.1024858749688771,-0.05754865307263925,0.3086862081133344,0.844628606894544,-0.36066226404662316,-0.18143975404855459,-0.3515748332275022,0.09892242859494724,-0.09832897482088765,0.27494488427965136,0.8270165395355646,-0.4394200677721966,-0.1226945620963722,-0.3284808849928375,0.10011719138449164,-0.14371952095616672,0.2605983961930907,0.7366362731868439,-0.5332647158959032,-0.25491998370261126,-0.32865110027949074,0.10166954252320404,-0.07245480621359424,0.2936502718978359,0.8462243565104217,-0.3566004253074113,-0.13420336866339197,-0.37246467075213185,0.10201910693020405,-0.039954885613398015,0.3233439916834453,0.844628606894544,-0.36066226404662316,-0.18143975404855459,-0.3515748332275022,0.056480357838476,-0.09648530968495525,0.3014510782306742,0.43494345164199955,0.8590541711999345,-0.23382048144015768,0.13482621138647427,0.08363700605086614,-0.08879276263854066,0.26098894719674093,0.9460654000662058,-0.18746212622535666,-0.2345004648306611,-0.1217692162364635,0.09420879421983183,-0.14361141765411653,0.2536729236734192,0.7355959561036369,-0.6286130313513424,-0.23373182805353174,-0.09546558926653509,0.0674452723911305,-0.0720411397358492,0.2943349703512073,0.7914791553559376,0.5415465169705957,-0.2799279972018785,0.043913926909498434,0.056557184890865066,-0.11798405377907584,0.28786406424747896,0.43494345164199955,0.8590541711999345,-0.23382048144015768,0.13482621138647427,0.010571480938510042,-0.10115481195244454,0.268881339217939,0.7227177131315127,-0.34342306648138016,0.23853409263777264,0.5503100863912604,0.04919504248042124,-0.15138537565961588,0.24690868119761725,0.4843441433034729,-0.6292362895419606,0.009201488704712149,0.6077727991418402,0.023556416532914775,-0.13033398643134841,0.2539620193494314,0.6678717477002698,-0.5218084829302293,0.12685350214302119,0.5153362249637516,0.008888279542991154,-0.08107641186544626,0.28480675230547153,0.7227177131315127,-0.34342306648138016,0.23853409263777264,0.5503100863912604,924,0.09140847942443675,-0.17997529664071832,0.23725142130321963,0.7355959561036369,-0.6286130313513424,-0.23373182805353174,-0.09546558926653509,Static,Right
I,35,82,82,83,0.0,0.0,0.0,-1.0,0.0,0.0,0.0,0.02869818983410817,-0.10001486691226348,0.2813575364616482,0.3112386193337147,0.9301852851315783,-0.0036929881810224127,0.19460785954894638,0.044142171933226435,-0.08773591778590194,0.2431709672746378,0.9636413087605794,-0.17304483945805432,-0.20140829630450752,0.029759196340788382,0.060911206635473836,-0.14687822829645322,0.24340632153603903,0.7373134706679305,-0.6268083284497094,-0.23357179849272158,-0.09446893831608098,0.02837751282652151,-0.0750150223020128,0.27715504413921305,0.7472536668327349,0.6337579318001286,-0.12430496540988885,0.15656026590390706,0.03723837391853028,-0.11438252358078904,0.265046626043785,0.3112386193337147,0.9301852851315783,-0.0036929881810224127,0.19460785954894638,0.044712865518615044,-0.09783196840124009,0.2907985010739448,0.3421731268527093,0.9288287594449108,-0.051723412509494276,0.13236077774869948,0.06625218587572308,-0.08361629537889362,0.24928756998253696,0.9607410470028216,-0.15626269517829955,-0.2262876120120679,-0.036776722929209346,0.07751548731207433,-0.1458621878880161,0.24828151456822706,0.7373134706679305,-0.6268083284497094,-0.23357179849272158,-0.09446893831608098,0.04729636783958541,-0.06942587479425852,0.2872928811931033,0.7360220270226675,0.6373201447851526,-0.18122354784556266,0.13875386299034276,0.05028188021782487,-0.11564566505469476,0.2725955140438259,0.3421731268527093,0.9288287594449108,-0.051723412509494276,0.13236077774869948,0.078884896579228,-0.13152981028067343,0.24329332056843353,0.7373134706679305,-0.6268083284497094,-0.23357179849272158,-0.09446893831608098,0.10243941539184963,-0.05729618125197455,0.3092436325975314,0.8457629973160203,-0.3596598087392187,-0.17997246988299057,-0.3506275580055085,0.09890649256476289,-0.09794281246918851,0.2753344774327435,0.8285940072912127,-0.43759340357439996,-0.12182752271918566,-0.3272644785756139,0.10018472003527779,-0.14326739370539543,0.26078728367256765,0.7384493874128603,-0.5316600634038143,-0.2541328896414938,-0.32779041110668244,0.10161590856483191,-0.07214875443923534,0.29415613114026823,0.8474183340381773,-0.35540583315679264,-0.13280575315408835,-0.37139129341337757,0.10198531387322189,-0.039750504252600724,0.3239597814294923,0.8457629973160203,-0.3596598087392187,-0.17997246988299057,-0.3506275580055085,0.05650317199868356,-0.09631883648977464,0.30194595521937906,0.43370235150900754,0.8601329712648276,-0.23260166851447422,0.1340522504211665,0.08357111156588487,-0.08838402571769383,0.26145046837704555,0.9468504556310553,-0.18521244763825648,-0.23366012289644264,-0.12072079721045768,0.09426186261524319,-0.14314279987842657,0.2538734781820854,0.7373134706679305,-0.6268083284497094,-0.23357179849272158,-0.09446893831608098,0.067391336488975,-0.07182204810242168,0.29489578389255283,0.7907152434840012,0.543377949325053,-0.27853914334713575,0.04388340839976706,0.05659927389886018,-0.11777467232138787,0.2882920060766714,0.43370235150900754,0.8601329712648276,-0.23260166851447422,0.1340522504211665,0.01054860764472966,-0.10096568208635197,0.26944462406141134,0.7224114238451375,-0.341728425916823,0.23747662061291366,0.5522212167969662,0.04925492753301122,-0.1509973121577823,0.24716537402687114,0.4849738916711773,-0.6275026077775178,0.007553298282017959,0.609084353201419,0.023578412330636674,-0.13004262256341662,0.25436772121830886,0.6682298101587071,-0.5199403675991263,0.12572291728985432,0.5170345085429718,0.008833376271529948,-0.08096085187231655,0.28545983715534207,0.7224114238451375,-0.341728425916823,0.23747662061291366,0.5522212167969662,935,0.09151860022206693,-0.17944232578420202,0.2372991947448407,0.7373134706679305,-0.6268083284497094,-0.23357179849272158,-0.09446893831608098,Static,Right
I,35,83,83,84,0.0,0.0,0.0,-1.0,0.0,0.0,0.0,0.02874585836302022,-0.09999032799205382,0.2817846667510755,0.308018937132649,0.931379813620374,-0.0026954468324311112,0.1940327593849147,0.04406710404463943,-0.08739939843035664,0.24365360763208646,0.9644148790195191,-0.16934788690839342,-0.2007077455761373,0.030686074874005133,0.06097374922563149,-0.1465027673188205,0.24359284779175555,0.73905613270187,-0.6249374998043422,-0.2334289172348175,-0.09359537730376677,0.02833990026968654,-0.07496321172444964,0.2777595011204109,0.7448908945797262,0.6367752492105402,-0.1230683474822126,0.15655356595449038,0.03729077985380036,-0.11423087265317518,0.2653641335237102,0.308018937132649,0.931379813620374,-0.0026954468324311112,0.1940327593849147,0.04475717148895442,-0.09774979098370161,0.29121098495584097,0.3395608751454892,0.9299184778844519,-0.050437838060574176,0.1319320319379229,0.06617763248367754,-0.08325622652364398,0.2497493200349082,0.9613886949176165,-0.1534858578990535,-0.2255800954602581,-0.0358816003229345,0.077584998651415,-0.14546969486362016,0.24844219638890888,0.73905613270187,-0.6249374998043422,-0.2334289172348175,-0.09359537730376677,0.04724930449975555,-0.0693164684377132,0.28786155872851954,0.7341703041263555,0.639780781408077,-0.18001916422192188,0.13880784125086615,0.05034629527495677,-0.11545088214046921,0.27290396004285894,0.3395608751454892,0.9299184778844519,-0.050437838060574176,0.1319320319379229,0.07891130717454453,-0.13111197606325892,0.2435146150804755,0.73905613270187,-0.6249374998043422,-0.2334289172348175,-0.09359537730376677,0.10240798868437441,-0.05712890249777382,0.3097685873148227,0.8469586388334399,-0.35836609172413947,-0.1785715938619865,-0.3497813520949368,0.09891199394330816,-0.09762590147844069,0.27567361602387846,0.8302212508311946,-0.43556159796588295,-0.12098522821165394,-0.32616152992078495,0.10026881956985835,-0.14288051349519112,0.2609174279852109,0.7402637605837283,-0.5299679351003103,-0.2533460454900859,-0.3270463786169864,0.10157986109510737,-0.07192030610764566,0.2946218163736034,0.8486609716619739,-0.3539587543105615,-0.1314514241405127,-0.37041635832681724,0.10195981321552411,-0.03963789202967998,0.32455024962168627,0.8469586388334399,-0.35836609172413947,-0.1785715938619865,-0.3497813520949368,0.05654066309531579,-0.09621652731643024,0.30238477093416705,0.43248885197520065,0.8611575188155264,-0.23149665880363005,0.1333057300621958,0.08353045065101988,-0.0880396914492531,0.2618603576022111,0.9476070201536306,-0.18292780160867464,-0.2328892082538917,-0.11975379506741934,0.09433374994397466,-0.14273892737963187,0.2540152257346394,0.73905613270187,-0.6249374998043422,-0.2334289172348175,-0.09359537730376677,0.06735798470850139,-0.07166831222314952,0.2954041421766026,0.7899328337694335,0.5451724499189552,-0.27725781268843147,0.04383176115083399,0.05665422015892656,-0.11763060570099723,0.28866549774886574,0.43248885197520065,0.8611575188155264,-0.23149665880363005,0.1333057300621958,0.01055457953902093,-0.10083193114306324,0.2699559000831711,0.7221539186894064,-0.33994956184436836,0.23637145603224377,0.5541268337633122,0.04933404686658953,-0.15066494597772756,0.24735654860402137,0.48571950195355534,-0.6256866869639954,0.005895893788359566,0.6103752727744184,0.023623929300664287,-0.1298058602998181,0.254714554341171,0.6686748941120276,-0.5179686656343659,0.12458723914431101,0.5187102922129284,0.008810663251817789,-0.0809045765407733,0.28606489693393217,0.7221539186894064,-0.33994956184436836,0.23637145603224377,0.5541268337633122,946,0.09164507478535032,-0.17896769588486464,0.23727891489605688,0.73905613270187,-0.6249374998043422,-0.2334289172348175,-0.09359537730376677,Static,Right
I,35,84,84,85,0.0,0.0,0.0,-1.0,0.0,0.0,-1.0842021724855047e-19,0.02928160406001447,-0.09902291436425664,0.2809380328034665,0.31013528398278123,0.9307430961570704,-0.003148426957146955,0.1937097880659765,0.044620960596968906,-0.08660013612500357,0.24275473521341373,0.9641374972587414,-0.17130702032108172,-0.20044344601985212,0.030252539001701256,0.061405151425304894,-0.1457355810156433,0.24294016936371018,0.737715337050962,-0.6266735161349728,-0.23290789276789675,-0.09386319375151025,0.028919458608614522,-0.07401045316052918,0.2768171276596839,0.7462655411881669,0.6352348394805506,-0.12327981937415729,0.15609781190114908,0.037798529771642234,-0.1133467651296493,0.2645758256884903,0.31013528398278123,0.9307430961570704,-0.003148426957146955,0.1937097880659765,0.0453043853521386,-0.09678922289706704,0.2903342354457131,0.34124912136815766,0.9293090427172362,-0.05108757387052446,0.1316199076335271,0.0667414154156821,-0.08247974772225032,0.24883140140662569,0.9611083897262135,-0.15536153847097295,-0.2254003305708273,-0.036443744873150184,0.07802101953467463,-0.1447164789700335,0.247779654046263,0.737715337050962,-0.6266735161349728,-0.23290789276789675,-0.09386319375151025,0.04784688222737106,-0.06837088516222277,0.28689858062781387,0.7352742600222614,0.6385219212017244,-0.18032453641501514,0.13836394132968607,0.05085678173707109,-0.1145614872912148,0.2720863122025301,0.34124912136815766,0.9293090427172362,-0.05108757387052446,0.1316199076335271,0.07937295074804468,-0.13038610022727662,0.24278732622414836,0.737715337050962,-0.6266735161349728,-0.23290789276789675,-0.09386319375151025,0.10300203904764017,-0.056216992159120224,0.30878050823944486,0.8459722064277068,-0.36002818487480204,-0.17883548741658256,-0.35032641991158203,0.09944838537692721,-0.09681286769845407,0.2748088186320152,0.8292708180873648,-0.4368432689733878,-0.1212847092820393,-0.32675355838265674,0.10070782464990112,-0.14213031948468574,0.2602346057434827,0.7388683989533316,-0.5317445856740021,-0.2533936396237985,-0.3272809924708875,0.10215025368677744,-0.07105577062535756,0.29368144375422084,0.8477513924003149,-0.35537567435148143,-0.131839714439219,-0.37100403833266066,0.10258806575310005,-0.038673294885552156,0.32350069903592604,0.8459722064277068,-0.36002818487480204,-0.17883548741658256,-0.35032641991158203,0.057086860005941015,-0.09527631699711553,0.30149664780910457,0.43385153143797534,0.8603375708812651,-0.23202400507062773,0.13325529584235216,0.08408502763464565,-0.08724951052183287,0.26095926288480636,0.947258174440755,-0.1844156083344828,-0.23290587728257456,-0.12019853029478061,0.09477166651249437,-0.14200289750270007,0.2533320722081636,0.737715337050962,-0.6266735161349728,-0.23290789276789675,-0.09386319375151025,0.06793972364132313,-0.0707600278867171,0.2944577357364069,0.7906134809923899,0.5440135246823476,-0.27762680264298306,0.04362301101504766,0.05716291172643476,-0.11673017098009673,0.28783993739214375,0.43385153143797534,0.8603375708812651,-0.23202400507062773,0.13325529584235216,0.011129622220883147,-0.09987287215099114,0.26923851708389007,0.7222458407966609,-0.33981999620162967,0.23867791815952843,0.5530968875490824,0.049760201616361854,-0.14985464235466264,0.2467328146981167,0.4851848419671194,-0.6260344237211326,0.007888360423338354,0.6104214472078471,0.024098900010954945,-0.12892499488398113,0.2540604327742269,0.6683460232135924,-0.5183217985651646,0.1266951714356535,0.5182706242125246,0.009492784136299264,-0.07989477159255745,0.2852961006244472,0.7222458407966609,-0.33981999620162967,0.23867791815952843,0.5530968875490824,957,0.09200448856466475,-0.17829345231306234,0.2367432221949431,0.737715337050962,-0.6266735161349728,-0.23290789276789675,-0.09386319375151025,Static,Right
I,35,85,85,86,0.0,0.0,0.0,-1.0,0.0,0.0,0.0,0.029541846903277488,-0.09826954766663946,0.280901343346623,0.3118788578136983,0.9303305827301699,-0.0011716401651725254,0.1929124468381675,0.04475246360784227,-0.08598215729858559,0.24262744922269217,0.9639631086526542,-0.17321351398980236,-0.1993564430310845,0.03208133959188241,0.06164345111501338,-0.14508402902301415,0.2430484061109642,0.7366768047216957,-0.6282713574386906,-0.23268743144560153,-0.09186373634044212,0.029106643711709432,-0.07327712658765763,0.27667137185819574,0.7476238394266334,0.6339425983164415,-0.1212059970825256,0.15647518343817118,0.03805217946242566,-0.11264208580124305,0.26457913003769734,0.3118788578136983,0.9303305827301699,-0.0011716401651725254,0.1929124468381675,0.04558098249894456,-0.09594206482645526,0.29024805651074936,0.34347482939572377,0.9286821194065333,-0.04944719595406608,0.13087985894876322,0.06688102954362889,-0.08179598821554561,0.2486271738025162,0.9610445039519561,-0.15757224641596274,-0.22439653047357938,-0.034794334231105783,0.0782716591522109,-0.1440144952804058,0.24783573919370486,0.7366768047216957,-0.6282713574386906,-0.23268743144560153,-0.09186373634044212,0.048058875969823944,-0.06753501821727169,0.2866717617954546,0.736870410042618,0.637143179323394,-0.17842366783284846,0.13869233072659357,0.051121337612807766,-0.11379351552358744,0.2720734751615092,0.34347482939572377,0.9286821194065333,-0.04944719595406608,0.13087985894876322,0.07958026315331233,-0.1297087604278168,0.2427664441839704,0.7366768047216957,-0.6282713574386906,-0.23268743144560153,-0.09186373634044212,0.10320715065570618,-0.055206102610360124,0.3083713305498823,0.8457898641886703,-0.3620382715509668,-0.1791179501408176,-0.348546346280449,0.09968254097285113,-0.0959555243779374,0.2745817325470704,0.8288087167351885,-0.43892820259616605,-0.12157997205592434,-0.32501762171357673,0.10098129909954875,-0.14133532301374888,0.26021091141181363,0.7382759667695337,-0.5336355609387822,-0.2536203346417411,-0.3253588954497374,0.10236679760950793,-0.07010733714332851,0.2933321370491916,0.8476558424853361,-0.3572382200913833,-0.13225537908341864,-0.369281656070156,0.10278389275231958,-0.0376001642754305,0.3230158017282441,0.8457898641886703,-0.3620382715509668,-0.1791179501408176,-0.348546346280449,0.057391458592407005,-0.09437692052198347,0.30136335096262656,0.43603919888859255,0.8597131763124906,-0.23032567248385807,0.1330907814318541,0.08426538555655583,-0.08648142872441979,0.26073064087825987,0.9472457682463438,-0.18653385702145814,-0.23213579966426573,-0.11850546501458914,0.09502751277444473,-0.1412501960961199,0.25332289632741534,0.7366768047216957,-0.6282713574386906,-0.23268743144560153,-0.09186373634044212,0.06817492075257421,-0.06986807650994503,0.2941931755788714,0.7920666638851102,0.5426832515092274,-0.2759628509680582,0.04438235436371008,0.05747382842167191,-0.11589505495798393,0.2878075900247284,0.43603919888859255,0.8597131763124906,-0.23032567248385807,0.1330907814318541,0.011401315153959084,-0.09921981787274581,0.2694062881319945,0.720910283380984,-0.3393670120011775,0.2415089558515715,0.553887911697327,0.05001782295144973,-0.14920327513636641,0.24690233920070334,0.48330188920226275,-0.625622894119739,0.009402442904095993,0.612312724279188,0.024342297253139876,-0.12830323030259438,0.2542629518832014,0.6667324564360092,-0.5182776259886765,0.12881126886564923,0.5198690132596557,0.009847783566374117,-0.0791951386809612,0.28541280742484765,0.720910283380984,-0.3393670120011775,0.2415089558515715,0.553887911697327,968,0.09227940139492036,-0.177620560561525,0.23690673729129103,0.7366768047216957,-0.6282713574386906,-0.23268743144560153,-0.09186373634044212,Static,Right
I,35,86,86,87,0.0,0.0,0.0,-1.0,0.0,0.0,0.0,0.029851539701366746,-0.09759945588343259,0.280876234542397,0.31326341887968545,0.9300190218883893,0.0008575274176107935,0.19217157428793283,0.04493243125187664,-0.08542382664226113,0.24252089291149392,0.9638223032179848,-0.1748204691864588,-0.19832185404049363,0.033953108590330516,0.06194092996196459,-0.14448736841044135,0.24313995302761832,0.7358413341095371,-0.629605127015745,-0.23249832949475663,-0.08988571540312693,0.02933774796070124,-0.07262474963535726,0.27655329539529283,0.7487557503731433,0.6328914359743653,-0.11911995293808161,0.1569193849257836,0.03836090083832809,-0.11200628191806794,0.2645832608835303,0.31326341887968545,0.9300190218883893,0.0008575274176107935,0.19217157428793283,0.045905980580983274,-0.09517607013914922,0.29017761737385284,0.34547292242814537,0.9281272950291043,-0.047769945431493765,0.13017763404051733,0.06706931243572492,-0.08117229377606042,0.24844561954989675,0.9610077790638055,-0.15953431554239236,-0.22341895742631399,-0.03311827600904627,0.07858050731909175,-0.14336701107901356,0.24787596968997258,0.7358413341095371,-0.629605127015745,-0.23249832949475663,-0.08988571540312693,0.0483141382697804,-0.06677930921396384,0.28647422912742837,0.7383051502290187,0.6359327081035118,-0.17652038035954526,0.13905269226865577,0.05143732269305873,-0.11309674887092307,0.2720688753073337,0.34547292242814537,0.9281272950291043,-0.047769945431493765,0.13017763404051733,0.0798445336050998,-0.12908273256744596,0.24273926345423671,0.7358413341095371,-0.629605127015745,-0.23249832949475663,-0.08988571540312693,0.10344745409307918,-0.054286606656876665,0.30800069298354155,0.8457762944197655,-0.3636783704955257,-0.1794032125250158,-0.3467203339393198,0.09996458534280804,-0.09516800896260653,0.27436944871893754,0.8284938294533509,-0.4407662234002858,-0.12184270594689395,-0.3232297416307944,0.10131352315663882,-0.14060151718582503,0.26017161161939506,0.7378741148262871,-0.5352589869118147,-0.2537956144068621,-0.3234615799554941,0.10262636998916469,-0.06923980229007139,0.29301287405450105,0.8477324401293388,-0.3587442139947881,-0.13266107176379,-0.36749603932029135,0.10300498517307555,-0.03662830403323428,0.32258163978773413,0.8457762944197655,-0.3636783704955257,-0.1794032125250158,-0.3467203339393198,0.05774633013700392,-0.09356303287446165,0.30124550484951734,0.438010931506596,0.8591980357945301,-0.2286048796039999,0.13290962413905993,0.08449418470945953,-0.08577735952199537,0.2605217882187939,0.947271968868667,-0.1884311884034029,-0.23135555602079821,-0.11680800884728666,0.095341116284086,-0.14055378481447697,0.2533001085255,0.7358413341095371,-0.629605127015745,-0.23249832949475663,-0.08988571540312693,0.06845490760269302,-0.06905744419323848,0.2939555579328354,0.7933800102457166,0.5415541247241559,-0.27428102425497397,0.0451354524780965,0.05783695190623166,-0.11513794073946815,0.28777974949337726,0.438010931506596,0.8591980357945301,-0.2286048796039999,0.13290962413905993,0.011728395337543645,-0.09864923142563894,0.2695977369173136,0.7196487618411808,-0.33858015886722775,0.24420020276911653,0.5548291598045483,0.05033645165882345,-0.14860975611219812,0.2470537474714195,0.48157865032155656,-0.6249893587339362,0.0106693604833604,0.6142934720235005,0.024642793390786295,-0.12774939268221214,0.254465593488049,0.6652530087198751,-0.5179468841414813,0.1307549392225224,0.5216057950849466,0.010259588778942189,-0.0785884079997979,0.2855682501454675,0.7196487618411808,-0.33858015886722775,0.24420020276911653,0.5548291598045483,979,0.0926188519709995,-0.1769931453024512,0.23703181911827687,0.7358413341095371,-0.629605127015745,-0.23249832949475663,-0.08988571540312693,Static,Right
I,35,87,87,88,0.0,0.0,0.0,-1.0,0.0,0.0,0.0,0.030133340830623544,-0.0968732675321576,0.2808949120152027,0.31463265179878247,0.9297073915122712,0.002697224611988141,0.1914240987151489,0.045093523178392464,-0.08480956053330008,0.24246181718057855,0.963681671946653,-0.17639889182380278,-0.19730877893270385,0.03564143478486005,0.06220488628362074,-0.14383913230484455,0.24327185122251854,0.735021026440581,-0.6309049995832484,-0.2322727040594544,-0.08804750501862733,0.029550691433202672,-0.07191450034963705,0.27648274946057966,0.7498673110764895,0.6318502264992206,-0.11719052547052174,0.1572599370206605,0.03863888711475699,-0.11131571002674198,0.26463107125727947,0.31463265179878247,0.9297073915122712,0.002697224611988141,0.1914240987151489,0.04620219043952068,-0.094361572054155,0.29015288236903447,0.347398454220164,0.9275839530543776,-0.04624268948581263,0.12947562593234987,0.06723788070889244,-0.0804989188258183,0.24831520650908806,0.9609623122404353,-0.16143203905883402,-0.2224700978163921,-0.03159409432770948,0.07885681435188502,-0.14267153300081734,0.24795815098614732,0.735021026440581,-0.6309049995832484,-0.2322727040594544,-0.08804750501862733,0.04854865938454385,-0.06597673988674103,0.28632715860511876,0.7396968441917137,0.634741065847108,-0.17475310650703627,0.13933308934433883,0.05172235907559621,-0.11235061304759289,0.2721088291556985,0.347398454220164,0.9275839530543776,-0.04624268948581263,0.12947562593234987,0.08007869693689297,-0.12840923692045075,0.24275731341279247,0.735021026440581,-0.6309049995832484,-0.2322727040594544,-0.08804750501862733,0.10367400742859272,-0.05333340087682306,0.3076866372668923,0.8457192151121448,-0.36528830376799604,-0.17962848227480663,-0.34504647900833246,0.10022107063610652,-0.09434134667026219,0.274209898293249,0.828144016473055,-0.44256233902701364,-0.12203637593025139,-0.32159475587239494,0.10161010442623367,-0.13982581805365593,0.2601789564109976,0.737452218077212,-0.5368373868549476,-0.25392737323702336,-0.32169975947876767,0.10286647912883715,-0.06833619378837658,0.2927480712748659,0.8477452581445218,-0.36025196211861477,-0.1329891704149901,-0.3658693505002829,0.10321842039129703,-0.03562502770145589,0.32220564625281783,0.8457192151121448,-0.36528830376799604,-0.17962848227480663,-0.34504647900833246,0.05807033008532231,-0.0927023137789375,0.3011766173224826,0.439922866231476,0.8586702849671826,-0.22703160717725313,0.13270215832296686,0.08470068225693407,-0.08502972146964681,0.2603643804017825,0.947275538184052,-0.19028974394131973,-0.23059319161275596,-0.11526338573330516,0.09562123304740255,-0.13981492214372596,0.25332229352829994,0.735021026440581,-0.6309049995832484,-0.2322727040594544,-0.08804750501862733,0.06871367030354536,-0.06820245124579423,0.2937705874240659,0.7946635614318908,0.5404060117418689,-0.2727181257783892,0.04578198857141649,0.05816673116319912,-0.11433031902698473,0.28779848337851954,0.439922866231476,0.8586702849671826,-0.22703160717725313,0.13270215832296686,0.012024727412306448,-0.09801205392523525,0.2698083908017253,0.7184487502445466,-0.3379963619261761,0.24670761333739574,0.5556304582346838,0.0506205601930928,-0.14796193265500523,0.2472403386297089,0.47995723621249936,-0.624464305074623,0.011938067070003371,0.6160705037977061,0.024913231703149352,-0.1271338582860076,0.25469466495672516,0.6638464198949611,-0.5177358319576619,0.1326089988937794,0.5231370685701218,0.010631528391197697,-0.07791474821001061,0.2857386354475673,0.7184487502445466,-0.3379963619261761,0.24670761333739574,0.5556304582346838,991,0.09291960602898677,-0.17631952999792538,0.23719842495204005,0.735021026440581,-0.6309049995832484,-0.2322727040594544,-0.08804750501862733,Static,Right
I,35,88,88,89,0.0,0.0,0.0,-1.0,0.0,1.6940658945086007e-21,0.0,0.030160011741655137,-0.0958894774653799,0.28086979414162655,0.3163116607476204,0.928970190793223,0.0027189036762524533,0.19223403823330684,0.045193674185077,-0.08395836550344259,0.24241088737233615,0.9632066477807105,-0.178060085888467,-0.1981019032346324,0.035821717145532866,0.06227872568997624,-0.14299460029908626,0.24347929610900657,0.7334805955034567,-0.6323778369304208,-0.23304535413065247,-0.08828561772574119,0.029589875199672173,-0.07094871136472237,0.27635958831086926,0.7509906665599887,0.630251022578343,-0.11762622530377917,0.157989678142344,0.03869280613399262,-0.11039100077037522,0.2646733837154622,0.3163116607476204,0.928970190793223,0.0027189036762524533,0.19223403823330684,0.046215897011993246,-0.0933589324786985,0.29013117871717037,0.34876861281705174,0.9269298158777648,-0.04623473674007512,0.13047574590343797,0.06732804713276806,-0.07963029206327576,0.24828848530933761,0.9604833290994721,-0.16297549333024333,-0.22345583612526634,-0.03127702667001938,0.07891932322002274,-0.1418146556855559,0.24819760868364715,0.7334805955034567,-0.6323778369304208,-0.23304535413065247,-0.08828561772574119,0.04856348323906451,-0.06498543352864876,0.28621609222540706,0.7405638447480144,0.6334020861803771,-0.17515890529481162,0.1403080431418971,0.05177504434457597,-0.1114017665035926,0.2721525767891905,0.34876861281705174,0.9269298158777648,-0.04623473674007512,0.13047574590343797,0.08016356468823661,-0.12756742628891693,0.24295244217644055,0.7334805955034567,-0.6323778369304208,-0.23304535413065247,-0.08828561772574119,0.10375982066810666,-0.052210349553368056,0.3075823666279286,0.8442167930425,-0.3679736839160756,-0.18019739271510285,-0.3455752797133326,0.1002578531846292,-0.09337746380805638,0.27430184115602374,0.8268460043941606,-0.4443091201869554,-0.12288081501465796,-0.32220396651413064,0.10165789582288275,-0.13891930305119754,0.26046204777017606,0.7360478715841642,-0.5380974162086132,-0.255200132625922,-0.3218036570857269,0.10292122662413615,-0.06729466216294022,0.29272735002995354,0.8463112664233656,-0.36271294735364185,-0.13369700210894353,-0.36649920842205724,0.1033468817166614,-0.03441644540522613,0.3219985576848311,0.8442167930425,-0.3679736839160756,-0.18019739271510285,-0.3455752797133326,0.058052886494812696,-0.09162612900102347,0.3011862502271779,0.4414437569873148,0.8576253878939467,-0.227355597386423,0.1338489289973768,0.08476572374724141,-0.0841168790332995,0.2603892924993338,0.9466829444365468,-0.191980835372589,-0.23167777514092738,-0.11515281181257807,0.09568171681988373,-0.1389340956693703,0.2535937995435493,0.7334805955034567,-0.6323778369304208,-0.23304535413065247,-0.08828561772574119,0.06872093734400528,-0.06716032546472198,0.2937014685067712,0.7955080802888304,0.5387047901271882,-0.27347471970373594,0.04664355231074244,0.0581642683951048,-0.11330719763974698,0.28789426580967103,0.4414437569873148,0.8576253878939467,-0.227355597386423,0.1338489289973768,0.012016383399031851,-0.09701663941080421,0.2695751508753014,0.7182028131074004,-0.3410781979384967,0.24655868026484543,0.5541292261934053,0.0506806591575918,-0.14710373582347863,0.24742519929491463,0.4786305110131817,-0.6269477967763356,0.012674545289554813,0.6145637883460613,0.024957174726505344,-0.12622092997679799,0.25466697136351024,0.6629356990568803,-0.520541898076659,0.13260869967583264,0.5215048648219874,0.010556036137015879,-0.0768369229580979,0.2853955557614823,0.7182028131074004,-0.3410781979384967,0.24655868026484543,0.5541292261934053,1002,0.09299808656280426,-0.17550456157230998,0.23761630620807248,0.7334805955034567,-0.6323778369304208,-0.23304535413065247,-0.08828561772574119,Static,Right
I,35,89,89,90,0.0,0.0,0.0,-1.0,0.0,0.0,0.0,0.030219501076069084,-0.09508179523728551,0.28082831006536435,0.31760919951509564,0.9284013276253855,0.0027041424630426156,0.19284205677274174,0.04531097090596675,-0.08325296621299956,0.2423475938260906,0.9628402708326153,-0.1793449066234187,-0.19870347095462518,0.03592976428809287,0.06236459736705127,-0.14229881017809703,0.2436209048545373,0.732228037042937,-0.6335913828952783,-0.23359878695225633,-0.08851930876103102,0.029662526827199453,-0.07015471243220367,0.2762414422326608,0.7518953734074902,0.6289704678679775,-0.11798999441810541,0.15851769369872845,0.038772621356130355,-0.10962936017808728,0.264683638072166,0.31760919951509564,0.9284013276253855,0.0027041424630426156,0.19284205677274174,0.04626557861315912,-0.0925389554145863,0.29009015941146093,0.34980429330119694,0.9264290338709086,-0.046236383967267265,0.13125699366775417,0.06743863061267767,-0.07891510830153466,0.24824349287915662,0.9601069055945685,-0.1641727868268495,-0.22422792795855664,-0.031046130492230147,0.07899522778399443,-0.1411113938738675,0.2483652993844532,0.732228037042937,-0.6335913828952783,-0.23359878695225633,-0.08851930876103102,0.04861510100271013,-0.06417526973707047,0.2861044895395222,0.7412371651408275,0.6323549784813003,-0.1754903822934398,0.14105946237812741,0.05185559987089072,-0.11062197452911848,0.2721616612021413,0.34980429330119694,0.9264290338709086,-0.046236383967267265,0.13125699366775417,0.08026059106679122,-0.12687559744006202,0.24308665366250914,0.732228037042937,-0.6335913828952783,-0.23359878695225633,-0.08851930876103102,0.10389644902196302,-0.051288612610692466,0.30746456019206014,0.8428599307980703,-0.3704259503871192,-0.18042608885763944,-0.3461476257240642,0.10032442371306514,-0.09258914229920215,0.27435173748481984,0.8257093803520429,-0.44583430432010185,-0.12338627383708156,-0.3228182456408821,0.10172507106070498,-0.13817781327779477,0.2606666209192527,0.7348867608539141,-0.5391479903356752,-0.25616689774846335,-0.32193075922715614,0.10301870643578631,-0.06644231163728465,0.2926815184967976,0.8450117079040662,-0.36493729806261405,-0.13405776625938298,-0.36715731954212283,0.10353589190530472,-0.033420824199346506,0.3217893610581454,0.8428599307980703,-0.3704259503871192,-0.18042608885763944,-0.3461476257240642,0.058076777179287734,-0.0907392228449533,0.30117279339933956,0.44271404410854776,0.8567481275462934,-0.22768587846585617,0.13470731918573126,0.08485674958781386,-0.08336871514305164,0.2603848278333202,0.9461965031835233,-0.19337445437975218,-0.23251003408981516,-0.11514157287513015,0.0957593099190912,-0.13821318314418152,0.25378968955608183,0.732228037042937,-0.6335913828952783,-0.23359878695225633,-0.08851930876103102,0.0687691948017208,-0.06630548615567691,0.29362252732544614,0.7962195764683907,0.5372752190349976,-0.27411248185173465,0.047244812968987936,0.05819596572950697,-0.1124643345557308,0.28795141320498274,0.44271404410854776,0.8567481275462934,-0.22768587846585617,0.13470731918573126,0.012035494473991805,-0.09618607644691107,0.2693304085217922,0.7180660157511662,-0.34375335210101404,0.24635371855487162,0.5527428654417434,0.05075447762640923,-0.14639438301661895,0.24754481766349665,0.47756798694279384,-0.6291244325143351,0.013294711247512952,0.6131513001810962,0.02501912428467712,-0.12546189813674596,0.2546009182955801,0.6622182286505951,-0.5229817752305889,0.13255685618788385,0.5199863077977294,0.010518251441378041,-0.07593628838800225,0.2850560007252436,0.7180660157511662,-0.34375335210101404,0.24635371855487162,0.5527428654417434,1013,0.09308345466467904,-0.1748361061166406,0.2379309025403371,0.732228037042937,-0.6335913828952783,-0.23359878695225633,-0.08851930876103102,Static,Right
I,35,90,90,91,0.0,0.0,0.0,-1.0,0.0,0.0,0.0,0.03003192489727165,-0.09408635768424643,0.2797577262895106,0.32096793321321015,0.926892851282501,0.0016029878648779429,0.19454217671276586,0.045320340971510706,-0.08253901696572392,0.24126231324754802,0.961854899827078,-0.18272695520310814,-0.2005251339398779,0.035152271324019504,0.062246476348949475,-0.14161441998084018,0.24296789402435445,0.7295820692968373,-0.6359691621253047,-0.2348884957357598,-0.0898922886413215,0.02955035655956782,-0.06919007144416135,0.27500163615286777,0.7539052655701933,0.625968349609109,-0.11982927734530578,0.1594723177359832,0.03862307429088244,-0.10876209296926725,0.2637501636099313,0.32096793321321015,0.926892851282501,0.0016029878648779429,0.19454217671276586,0.046046676068142056,-0.0915558132355137,0.2890635744898678,0.3523733376480613,0.9251302721939096,-0.04743656264249227,0.13310440604973567,0.06743011664140805,-0.07820609332630168,0.24722854610939235,0.9591178203266236,-0.1670047452545217,-0.22628132976938892,-0.03160983378912407,0.07885492815470381,-0.14043115504291354,0.2477861931747403,0.7295820692968373,-0.6359691621253047,-0.2348884957357598,-0.0898922886413215,0.048467048496086476,-0.06322104253725871,0.2849229584985741,0.7428298915628251,0.6297061937904374,-0.17728842629178118,0.14227675708177168,0.05168359274335038,-0.10974724452007906,0.2712598980376376,0.3523733376480613,0.9251302721939096,-0.04743656264249227,0.13310440604973567,0.08018136530309396,-0.1262236944347096,0.2424371715298314,0.7295820692968373,-0.6359691621253047,-0.2348884957357598,-0.0898922886413215,0.10368604916976507,-0.05026588530140239,0.3064277482579398,0.8408172295443381,-0.3728379677178958,-0.18290766607462627,-0.3472218628204542,0.10017322716199308,-0.09177567337020871,0.2735698489790067,0.823719446844453,-0.44781515779230313,-0.12586307991549714,-0.32420108336633957,0.1015451126604336,-0.13745410546655265,0.26018468295841274,0.7322658828028419,-0.5410379855928809,-0.25830513045359305,-0.32302172467176987,0.10283308596675778,-0.06551835277412242,0.2917477409429575,0.8430517372489239,-0.36727552215819975,-0.1366180906851663,-0.3683856083542526,0.10330846319585425,-0.03229778183973006,0.32062763902593305,0.8408172295443381,-0.3728379677178958,-0.18290766607462627,-0.3472218628204542,0.057810620936193956,-0.08971084801989457,0.3001856641089362,0.44446769403109104,0.8551349475534682,-0.22901609566173498,0.13690989140039045,0.08478615385690791,-0.08261539900991492,0.25947596087997304,0.9450312758192094,-0.1959431186632382,-0.2347712791736237,-0.11577835914894362,0.09560941900655046,-0.13752261215025216,0.2532807545345703,0.7295820692968373,-0.6359691621253047,-0.2348884957357598,-0.0898922886413215,0.0685810282033955,-0.06533896821885621,0.29254615258905803,0.7971492766340557,0.5346869085855385,-0.2762468291367594,0.048483295483372796,0.05795520179987872,-0.11150285165179881,0.2870746742118718,0.44446769403109104,0.8551349475534682,-0.22901609566173498,0.13690989140039045,0.011848506132630311,-0.09522326118488453,0.26799165802267105,0.718333306841385,-0.3479393671706664,0.24623659536293493,0.549820876430922,0.050605489697737684,-0.14566984759567791,0.2468429788811182,0.47596805857699453,-0.6330280335152133,0.014480792126905872,0.6103443476085332,0.024865834183853835,-0.1246328071114334,0.25356268093484374,0.6614048020409404,-0.5269965556608998,0.13271584064887754,0.5169185852719888,0.01027017813064465,-0.07485794788547204,0.2835615128689732,0.718333306841385,-0.3479393671706664,0.24623659536293493,0.549820876430922,1024,0.09293161439319275,-0.17424029788029113,0.23764572261638198,0.7295820692968373,-0.6359691621253047,-0.2348884957357598,-0.0898922886413215,Static,Right
I,35,91,91,92,0.0,0.0,0.0,-1.0,0.0,0.0,0.0,0.030264819865681313,-0.09330580118644863,0.280487949601142,0.32203405337986674,0.9271973929484822,0.0051082105835057404,0.19124060541084292,0.04517849975933354,-0.08180159215319828,0.24182801256615763,0.9623789706305436,-0.18346398315021303,-0.19674653692600888,0.03819010319934322,0.062337112317832524,-0.1408099383073543,0.24360764376914165,0.7295000065303371,-0.6372959539946502,-0.23320730268989015,-0.08542810700461993,0.029641587121818497,-0.06842508007447085,0.2756654353300426,0.7549733674133343,0.625810739651142,-0.11511309255311425,0.1585090172725809,0.03877903584660692,-0.10799835037626584,0.2644532410121171,0.32203405337986674,0.9271973929484822,0.0051082105835057404,0.19124060541084292,0.046335194352698617,-0.09065676442611996,0.28965917373369104,0.3540191898162868,0.9251159575092504,-0.04397993514494249,0.1299870905444443,0.06732115502523216,-0.07736379295128964,0.2475935951923204,0.9598400262885616,-0.1682623867094672,-0.22265273387630147,-0.028647046106291107,0.0789791730002257,-0.1395468603291462,0.24828639918746695,0.7295000065303371,-0.6372959539946502,-0.23320730268989015,-0.08542810700461993,0.04861342974934228,-0.06232795167466924,0.28539624920108153,0.7444375672610634,0.629277978629534,-0.17273455898725698,0.14136727412606967,0.051891492397633146,-0.10889298075476618,0.27187669665509856,0.3540191898162868,0.9251159575092504,-0.04397993514494249,0.1299870905444443,0.08021167577595578,-0.12535117334286539,0.2428795002707718,0.7295000065303371,-0.6372959539946502,-0.23320730268989015,-0.08542810700461993,0.10398511212696093,-0.04903809025846383,0.3063535914278566,0.8412410989696459,-0.3762407426898151,-0.18052957141557788,-0.3437519320513945,0.10033247514094974,-0.09070932744357496,0.2737125253835217,0.8238927080917806,-0.450687545907966,-0.12387670950604232,-0.3205247297145772,0.10176411496629845,-0.1364339945270752,0.2604909836990755,0.7328985820105708,-0.5432989312254229,-0.25688161400771836,-0.31890088773943126,0.10304870118695714,-0.06436572191252632,0.29175636712222847,0.8433371388591222,-0.3707977125799545,-0.13429761228525644,-0.3650420221027469,0.10368147789394486,-0.03099994309647593,0.32046639066170834,0.8412410989696459,-0.3762407426898151,-0.18052957141557788,-0.3437519320513945,0.05818130985201287,-0.08869271320867565,0.3006815304414085,0.4469590427568757,0.855184397062668,-0.22531707513913535,0.1346086058510509,0.08479383651910333,-0.08166098583932277,0.25971250074095675,0.9458294119559837,-0.1978375987491616,-0.23143193087218153,-0.11272208910829164,0.09577079225236174,-0.1365499612249229,0.2536374622267519,0.7295000065303371,-0.6372959539946502,-0.23320730268989015,-0.08542810700461993,0.06879939399689916,-0.06431443497596567,0.2928486022851769,0.7993433944310394,0.5336924189931636,-0.2718346556793363,0.04825411547615323,0.058295842301897466,-0.1105384396391449,0.28766046681192636,0.4469590427568757,0.855184397062668,-0.22531707513913535,0.1346086058510509,0.011965025296833298,-0.09449235985407743,0.2687900687987814,0.7158679442481717,-0.34779919956421257,0.24945966041757328,0.5516689958704756,0.05074103803494129,-0.14489692224669,0.24758558526007388,0.4734576308252025,-0.6319760378035222,0.016348857586693046,0.6133325968111899,0.024973967085205342,-0.12392077135140557,0.25439142468585635,0.6589767667998715,-0.5267493905298155,0.13531639464889805,0.5195903903400056,0.010437811709145383,-0.07406764122545346,0.2842858283348326,0.7158679442481717,-0.34779919956421257,0.24945966041757328,0.5516689958704756,1035,0.09310219652667939,-0.17333855373444132,0.23816540534922317,0.7295000065303371,-0.6372959539946502,-0.23320730268989015,-0.08542810700461993,Static,Right
I,35,92,92,93,0.0,0.0,0.0,-1.0,0.0,0.0,0.0,0.030555241231490112,-0.09225605901803886,0.2812651357433864,0.3232030147554754,0.9274023348876435,0.00875482507808718,0.18811718033122665,0.04509808074065371,-0.08080028258277305,0.24244725364922887,0.9628224942126759,-0.1842928106070778,-0.1931199906126109,0.04139654360463714,0.06250092904880573,-0.13973491749690647,0.24434591720585155,0.7291671518140154,-0.638801686015541,-0.23172917905572352,-0.08092748750146272,0.02978222011244074,-0.06739251872716084,0.27637238737938963,0.756042145303643,0.6255615195750764,-0.1103592409529638,0.15777800127987396,0.039001588167626916,-0.10696714045407116,0.2652115779627312,0.3232030147554754,0.9274023348876435,0.00875482507808718,0.18811718033122665,0.04667019948207189,-0.08945788201525053,0.2903134276840277,0.35606747043877723,0.9248952285112582,-0.04048430476555631,0.12706610027890125,0.06726851720228853,-0.07624975392280138,0.24801543477194649,0.9604428463063615,-0.16983771567660838,-0.21920693892796253,-0.025554006310538665,0.07917390439810768,-0.13838551389779502,0.24888742619827636,0.7291671518140154,-0.638801686015541,-0.23172917905572352,-0.08092748750146272,0.04880243690406749,-0.061140259813209544,0.28590686957154027,0.7462365821506725,0.6285276247197872,-0.16820563595750132,0.14067996465850358,0.05215449750339115,-0.10775483035734572,0.27257020403160065,0.35606747043877723,0.9248952285112582,-0.04048430476555631,0.12706610027890125,0.08031032318944976,-0.12420772793677105,0.24341197410972043,0.7291671518140154,-0.638801686015541,-0.23172917905572352,-0.08092748750146272,0.10431155979036291,-0.047491552376482504,0.3063181532818017,0.8414937478221605,-0.3799053652429471,-0.1784532178744593,-0.3401685389128275,0.10053904564065015,-0.08934889870607374,0.2739285296928362,0.8238808381664938,-0.45381173398622127,-0.12219114891210518,-0.3167721542781727,0.10204556758850346,-0.13512665929511938,0.26089979464016627,0.7333285063371277,-0.5457004663460959,-0.2557275394919779,-0.3147121357183257,0.10330078271361952,-0.06290570120959864,0.29181829323241937,0.8434696926786556,-0.37457113389499314,-0.13229321878228295,-0.3615990147240677,0.10407076219005659,-0.029371845226716372,0.3203282255986171,0.8414937478221605,-0.3799053652429471,-0.1784532178744593,-0.3401685389128275,0.05859286921943195,-0.08735370298374208,0.3012378408461705,0.449907200432632,0.8549337021154383,-0.22158096557664886,0.13256602762466246,0.08485441919093681,-0.08042416456562548,0.26001289321241355,0.9464787816489839,-0.20014508412049462,-0.2283125909328317,-0.10951356999108619,0.09599952588417934,-0.13529816932324762,0.2540948453369146,0.7291671518140154,-0.638801686015541,-0.23172917905572352,-0.08092748750146272,0.06905693886791547,-0.06297855100562387,0.2931916033133027,0.8017473591908294,0.5322768625830372,-0.26748859527008045,0.04829456480525242,0.05868301646784197,-0.10926896379097904,0.2883335279537929,0.449907200432632,0.8549337021154383,-0.22158096557664886,0.13256602762466246,0.012153012459600196,-0.09348463464273235,0.26966656948882567,0.7132705154346607,-0.34776920996000427,0.25286958185592684,0.5534968138908992,0.050951754938384365,-0.143851698760639,0.24842784278010627,0.4707194841962881,-0.6310031591847826,0.018344194103468638,0.6163778636838759,0.02515619300543504,-0.12293750398405508,0.25531236741224217,0.6563645910022889,-0.5266235758666283,0.13805757302676025,0.5222961224724957,0.010678339538974766,-0.0729933676122184,0.2850801062426453,0.7132705154346607,-0.34776920996000427,0.25286958185592684,0.5534968138908992,1046,0.09335112753045079,-0.17216470674305281,0.2388084342854585,0.7291671518140154,-0.638801686015541,-0.23172917905572352,-0.08092748750146272,Static,Right
I,35,93,93,94,0.0,0.0,0.0,-1.0,0.0,0.0,0.0,0.030759771508428416,-0.09045910513699783,0.2807760850509938,0.3276831663728689,0.9254865641709273,0.007492392111563233,0.18984790247824587,0.045526567395371136,-0.07939750523262361,0.24191740625475933,0.9615703182094878,-0.18900541638846305,-0.19499542077065787,0.04045073043595687,0.06274397735210793,-0.13836894653202667,0.24442605040104728,0.7255052765003829,-0.6423137848323418,-0.23297133428340885,-0.08245879569010953,0.03008533715995432,-0.06564146124941088,0.27564479903494277,0.7589637737542567,0.6214176876563677,-0.11240338351329503,0.15868058158222612,0.03923935088160686,-0.10533931686135221,0.2648981624635659,0.3276831663728689,0.9254865641709273,0.007492392111563233,0.18984790247824587,0.046847611756073625,-0.08766727183582951,0.2898560124727707,0.35991738970816045,0.9230606255472728,-0.04184977820034624,0.1291013176327939,0.06768238647718415,-0.07485962295707502,0.2475508920555078,0.9591555461220036,-0.1740332452380108,-0.22147281534887273,-0.026131589250786055,0.07939575873876825,-0.13702586557198185,0.2490434842322611,0.7255052765003829,-0.6423137848323418,-0.23297133428340885,-0.08245879569010953,0.049065157764586656,-0.059391988423372774,0.2852245589595226,0.7485985338395081,0.6248692719247846,-0.17014883466616676,0.14208448965060833,0.05237768241683333,-0.10612195399304256,0.27229144188413257,0.35991738970816045,0.9230606255472728,-0.04184977820034624,0.1291013176327939,0.08060817307619667,-0.122893788447846,0.24345702903850197,0.7255052765003829,-0.6423137848323418,-0.23297133428340885,-0.08245879569010953,0.10456725747711396,-0.045622655450129834,0.30570681828247426,0.8383721389206911,-0.384274312903006,-0.181256588182717,-0.34148419929014184,0.10078875226085333,-0.08781108160321818,0.2737479554889375,0.8207039799630876,-0.45762600883021154,-0.12490186357732243,-0.3184696811154728,0.10222683792572196,-0.13371194615664284,0.2611520119407684,0.7297054028640609,-0.5486951651896813,-0.2581983639583353,-0.3159070204628347,0.10356007655490768,-0.06119105367163551,0.2913712729002238,0.8405000953334749,-0.3786681284787747,-0.13529494780273127,-0.36313264149323976,0.10434255903562754,-0.027348224031119025,0.3195133376093091,0.8383721389206911,-0.384274312903006,-0.181256588182717,-0.34148419929014184,0.05870722261561818,-0.08543198664598659,0.3008494370702399,0.45402783401621194,0.8519039286567416,-0.2234056539745878,0.13493826755203084,0.08519767426508582,-0.07897243688192652,0.259673796671421,0.9448168785786678,-0.20460797762172933,-0.2308519074131519,-0.110290699019086,0.096212439769561,-0.13392945200057008,0.25431974342825925,0.7255052765003829,-0.6423137848323418,-0.23297133428340885,-0.08245879569010953,0.06928898749340553,-0.06117300683327615,0.2926098276427411,0.8038458464463757,0.527699618234794,-0.270009908825253,0.04959452794352459,0.058781602645924955,-0.1074797943337552,0.2881735741499388,0.45402783401621194,0.8519039286567416,-0.2234056539745878,0.13493826755203084,0.01235045174446987,-0.09172876857572619,0.2689030549162438,0.7132226136221114,-0.35316147670403963,0.253438032217278,0.5498723839365827,0.05115816384696517,-0.14242190902347618,0.248467152907413,0.46850850437150615,-0.6356567049641481,0.020631416763978068,0.6132003582908343,0.02537400693628558,-0.12136311129654535,0.2549467554184985,0.6549624963253273,-0.531717882002311,0.13898706508198153,0.5186355349435375,0.0108151099591457,-0.07107720084868448,0.28409491102462114,0.7132226136221114,-0.35316147670403963,0.253438032217278,0.5498723839365827,1057,0.09353297114244834,-0.17092895998673993,0.23936306272505245,0.7255052765003829,-0.6423137848323418,-0.23297133428340885,-0.08245879569010953,Static,Right
I,35,94,94,95,0.0,0.0,0.0,-1.0,0.0,0.0,0.0,0.030715720987566534,-0.08918486540314322,0.2811850175902642,0.32800635879158707,0.9248818111743842,0.006718048518790427,0.19225070032427546,0.04568354859383794,-0.07810996772702847,0.24238576394779673,0.9610917307365235,-0.18892575130813624,-0.19748137330759424,0.0401354307199599,0.06290244520969909,-0.13708135532369534,0.24496714599157904,0.7249034769830106,-0.6420757319396926,-0.23494636754790973,-0.08398754602970868,0.03006585921813863,-0.06436960457566049,0.2760397045050732,0.7587967731495524,0.6208486621178669,-0.11429137188646267,0.16034923796698217,0.03927886045140802,-0.10407504767932939,0.26536099005917224,0.32800635879158707,0.9248818111743842,0.006718048518790427,0.19225070032427546,0.04675606825214228,-0.08640215229040613,0.2903434815097224,0.35986469383547615,0.9227028349982531,-0.04262601839683314,0.13152909553600065,0.06780861433258045,-0.0735638164430268,0.24813358453992482,0.9586366982630871,-0.17365038058114218,-0.22398129481702903,-0.026336393818416414,0.07952641103262192,-0.1357341796508794,0.2496770741253054,0.7249034769830106,-0.6420757319396926,-0.23494636754790973,-0.08398754602970868,0.048988627778701166,-0.05812714875324173,0.28571938225324933,0.7481815803429918,0.6244756274190393,-0.17196455815918227,0.14381482653808003,0.05238204137820268,-0.10485816426081515,0.2728102592863842,0.35986469383547615,0.9227028349982531,-0.04262601839683314,0.13152909553600065,0.08077072179610748,-0.12159403844654847,0.2441088751844044,0.7249034769830106,-0.6420757319396926,-0.23494636754790973,-0.08398754602970868,0.10446387863794862,-0.044288634775327365,0.30644612256586573,0.8372230470190334,-0.3851220672349738,-0.1824799347631044,-0.3426946691702089,0.10078324560709406,-0.0865036579961612,0.2745013175272267,0.8203497657498262,-0.45688228564311745,-0.12681720112081854,-0.3196908450356499,0.1023011021396928,-0.1324043069538527,0.2619151234714676,0.7290784908965063,-0.5478527197233061,-0.2601735665217069,-0.3171934218851717,0.1034767056365132,-0.05988410434765566,0.2921382954323063,0.839606540241951,-0.3790071871452876,-0.13673416430443527,-0.3643050617094496,0.10423887459482896,-0.02597569339383371,0.32020211024900047,0.8372230470190334,-0.3851220672349738,-0.1824799347631044,-0.3426946691702089,0.05854914927279827,-0.08414211596408189,0.3014113381154043,0.4538510681002783,0.8513511098002842,-0.22458777941148583,0.13704315074121368,0.08526265040988293,-0.07766976882989286,0.2603464867997898,0.9442812565841667,-0.20408690343984567,-0.23330467510524477,-0.11068140260313981,0.09632249165942228,-0.13262409247925383,0.2550525648343393,0.7249034769830106,-0.6420757319396926,-0.23494636754790973,-0.08398754602970868,0.06917658576544328,-0.05989064101263,0.2932075171596604,0.8033565143224227,0.5272841686294666,-0.2720276483415324,0.05089867332490274,0.05867952770783867,-0.10619988837812415,0.2887539566091848,0.4538510681002783,0.8513511098002842,-0.22458777941148583,0.13704315074121368,0.012312139999111633,-0.09042467249307456,0.2689886706297544,0.7137985001661497,-0.3561930822829587,0.25064834495563465,0.5484465301789427,0.05129256998593603,-0.14114416084163056,0.24892956073666658,0.4682799602961212,-0.6383204059791572,0.019181846104639848,0.6106496498612648,0.025461681943391958,-0.12007394214967362,0.25518248055117415,0.6550644034197215,-0.534349787421365,0.13654040227497521,0.5164471421178499,0.010629657715111464,-0.06975114856799913,0.2841337275092566,0.7137985001661497,-0.3561930822829587,0.25064834495563465,0.5484465301789427,1068,0.09373283800529847,-0.16962526038683512,0.24008415875932096,0.7249034769830106,-0.6420757319396926,-0.23494636754790973,-0.08398754602970868,Static,Right
I,35,95,95,96,0.0,0.0,0.0,-1.0,0.0,-1.694065894508601e-21,0.0,0.030794598619609963,-0.08811586015077993,0.2815137111736218,0.3284663342434066,0.9242979561671583,0.006294357935077089,0.19427695836639458,0.04592062159152337,-0.07702285925425499,0.24275890010244194,0.9606884974936524,-0.18880863129626874,-0.1995424842268937,0.04014608972214384,0.06317044759262089,-0.13598673421307622,0.24539850287035198,0.7244133839251636,-0.6418412722524205,-0.23671747338061772,-0.08502863176474237,0.030152428492417095,-0.06330415660431994,0.276350239313494,0.758702340595339,0.620308745577326,-0.11566951351627543,0.1618900311271413,0.039429313084184,-0.1030189935425457,0.265741694491456,0.3284663342434066,0.9242979561671583,0.006294357935077089,0.19427695836639458,0.04679018166554489,-0.08532736172578488,0.29074025291765565,0.3600229667091193,0.9223277607484287,-0.04308722008153103,0.13356068530971055,0.0680175936710238,-0.07245788184000573,0.2485980900398539,0.9582113430936867,-0.1733220251279904,-0.22605522641197065,-0.026258944837104756,0.07977042110413401,-0.13462658000576264,0.2501830303234437,0.7244133839251636,-0.6418412722524205,-0.23671747338061772,-0.08502863176474237,0.04902592440003059,-0.05705277351314394,0.2861100796130405,0.7479511606794201,0.6240205157594084,-0.1733050849163001,0.1453712650141843,0.052498848476476415,-0.10379051694336529,0.2732420833661481,0.3600229667091193,0.9223277607484287,-0.04308722008153103,0.13356068530971055,0.08103421684016524,-0.12047884632893642,0.2446317495570631,0.7244133839251636,-0.6418412722524205,-0.23671747338061772,-0.08502863176474237,0.10449902606777492,-0.04313045554189267,0.3070353075130535,0.8360993062677717,-0.38640699883418206,-0.18311822165712585,-0.3436499646553788,0.10089186561435776,-0.08536923654233974,0.27510406877949384,0.8201826513377248,-0.4561289256462798,-0.12838248505919359,-0.32056942955219025,0.10249854484452275,-0.13127086021694656,0.2625286061682769,0.7286330191578869,-0.5471220503110454,-0.26192759664886905,-0.3180335195699466,0.1035155649984622,-0.05875547624029419,0.29275917254942735,0.8387572493700423,-0.3796867506881489,-0.1376385751507394,-0.3652120899033197,0.10429929289905344,-0.024774729613262183,0.3207335235025288,0.8360993062677717,-0.38640699883418206,-0.18311822165712585,-0.3436499646553788,0.058529329899841505,-0.08304816174427727,0.30186538645292194,0.4537805455355536,0.8508944072181118,-0.22537256129885694,0.13881330221555307,0.08542306341716163,-0.07655005142767139,0.2608834637819126,0.9438905710914869,-0.2035160165544211,-0.23533927577245295,-0.11075760059384034,0.09654940309684668,-0.1314948819819237,0.25564094657194997,0.7244133839251636,-0.6418412722524205,-0.23671747338061772,-0.08502863176474237,0.06918463401437404,-0.05880120069950399,0.2936861774251451,0.803009241531023,0.5269150224216675,-0.27353712765482124,0.052097571502851804,0.05871011144530601,-0.10511721979300687,0.2892276945800116,0.4537805455355536,0.8508944072181118,-0.22537256129885694,0.13881330221555307,0.012386550284389921,-0.08932984251000615,0.2689961635975312,0.7140486492913249,-0.35924094537348233,0.24805342142570927,0.5473115837723523,0.051541739983484824,-0.1400640423633582,0.2492941651489466,0.46788769806697833,-0.6407472262134382,0.017886798161100115,0.6084440455365746,0.025665991694236,-0.11899025454286402,0.2553391957831306,0.6549049267855783,-0.5369075087319286,0.1342654374199765,0.5145897941600405,0.010552331096415422,-0.06862948181766663,0.2840887028198591,0.7140486492913249,-0.35924094537348233,0.24805342142570927,0.5473115837723523,1080,0.09405084000930669,-0.16849981081786708,0.2406654090742723,0.7244133839251636,-0.6418412722524205,-0.23671747338061772,-0.08502863176474237,Static,Right
I,35,96,96,97,0.0,0.0,0.0,-1.0,0.0,0.0,0.0,0.030861533688353013,-0.08705748521499694,0.28189914569299995,0.3292217125359638,0.9236620878493503,0.005768389406412368,0.1960309596679114,0.046134047114961746,-0.07596413666596727,0.2431756354620848,0.9603047952097449,-0.18886713165441257,-0.20134676449370867,0.04004231893534439,0.06339404393683615,-0.13492652297095803,0.24588588285483576,0.7238587152977012,-0.6417797243110572,-0.23821321545395086,-0.08603377089186932,0.030236720224686965,-0.06225050371816871,0.2767085112277688,0.758785586985801,0.6196285075585289,-0.1169833450773195,0.16315588428838373,0.03955646104153049,-0.10198706467466905,0.2661847595936228,0.3292217125359638,0.9236620878493503,0.005768389406412368,0.1960309596679114,0.046816400580711195,-0.0842599700734052,0.29118963359621036,0.3605002781723806,0.9218595909473648,-0.0436894279295822,0.13529847709113094,0.0682074403327764,-0.07138858203151677,0.24909654591900734,0.9577925252736397,-0.17323843601492261,-0.22787955673606028,-0.02632167241693677,0.07997259204968957,-0.1335590286714122,0.25073786480147514,0.7238587152977012,-0.6417797243110572,-0.23821321545395086,-0.08603377089186932,0.04906962994968786,-0.05599125659152149,0.2865360709298274,0.7479708339805783,0.6233382793776222,-0.17461053252587527,0.14662940669584001,0.05258917559044378,-0.10274465677811072,0.27373512274325645,0.3605002781723806,0.9218595909473648,-0.0436894279295822,0.13529847709113094,0.08125866927656837,-0.11940582586152473,0.24519784164369907,0.7238587152977012,-0.6417797243110572,-0.23821321545395086,-0.08603377089186932,0.10456450747450971,-0.04200779121762438,0.3076375422207596,0.8347902451229964,-0.3881441821307827,-0.1833384336923161,-0.34475550649229897,0.100988288836068,-0.0842765033518319,0.2757299428004719,0.8199608482946108,-0.4554775219578404,-0.12967555622626778,-0.32154110837113103,0.10266025958271559,-0.13018105826184903,0.26317974290821566,0.7280970317792256,-0.5466213989382717,-0.26345872599076664,-0.31885617170813924,0.1035606688918232,-0.0576680666060646,0.2934020110098031,0.8377374487238168,-0.3807270934263085,-0.1381690654832165,-0.36626787557791646,0.10441648022498642,-0.023602066526462965,0.32126862638624615,0.8347902451229964,-0.3881441821307827,-0.1833384336923161,-0.34475550649229897,0.058508989498687734,-0.08197291757145149,0.3023632410820906,0.45391967556100815,0.8503484685410656,-0.22622129570412577,0.14031512947077385,0.08556904824014008,-0.0754680828879407,0.2614486176737132,0.9435075319957849,-0.20310410950618632,-0.23713606601307002,-0.11094477889818521,0.09673708330210494,-0.13041126457882174,0.2562696530534861,0.7238587152977012,-0.6417797243110572,-0.23821321545395086,-0.08603377089186932,0.06919996192794178,-0.05773771919368656,0.2941954430858547,0.8028170791103544,0.5263689771631619,-0.2749692377345218,0.05303164780224866,0.05872487352225323,-0.10405722926695048,0.2897520030372191,0.45391967556100815,0.8503484685410656,-0.22622129570412577,0.14031512947077385,0.012446791213507686,-0.08823694188721104,0.26905626410265987,0.714242755327313,-0.36237990396943365,0.24570713323243937,0.5460458738423435,0.05174881501780916,-0.1390131458797917,0.2497210513810486,0.4675206677386473,-0.6431349939942334,0.016954542456019076,0.6062296167520634,0.02583966171357635,-0.11792047748715939,0.25556043663432776,0.6546885514813471,-0.5395173024323772,0.13229264426255674,0.5126427968960133,0.010469787957321477,-0.0675031954371787,0.28408429724977546,0.714242755327313,-0.36237990396943365,0.24570713323243937,0.5460458738423435,1091,0.09430890240183448,-0.1674230816362599,0.24129904679915234,0.7238587152977012,-0.6417797243110572,-0.23821321545395086,-0.08603377089186932,Static,Right
I,35,97,97,98,0.0,0.0,0.0,-1.0,2.168404344971009e-19,1.6940658945086007e-21,0.0,0.030880152172576895,-0.08629772924457835,0.2817674098454752,0.33148479197254843,0.9227074669767823,0.00781876226178694,0.19664086562284155,0.046121694451709355,-0.07537160303629807,0.2429875075114807,0.9596833074996856,-0.19124613344206506,-0.2016285535448731,0.04217572933958665,0.06359779401671689,-0.13425476505110306,0.2460179873632829,0.7222501074243994,-0.6432951500309221,-0.2396910881643372,-0.08410894439197807,0.030173251474594445,-0.06152145068750105,0.276439893607555,0.7602002591016644,0.6177245135011965,-0.11555588179521714,0.16479936184343194,0.039627578258579765,-0.1012860210333135,0.26613740923365015,0.33148479197254843,0.9227074669767823,0.00781876226178694,0.19664086562284155,0.04684357526175649,-0.08344713543515418,0.2910122427379358,0.36202185518463365,0.9212309596904369,-0.04147548162868865,0.13621115850098758,0.06817762509890762,-0.07068223691622731,0.24888671683798466,0.9574231801332528,-0.1750201787010165,-0.22833302401014166,-0.023933686247159223,0.08016931935949659,-0.13280004806831425,0.2508660509265622,0.7222501074243994,-0.6432951500309221,-0.2396910881643372,-0.08410894439197807,0.048974113882420955,-0.055185960849759484,0.28625281785254186,0.7488195997630505,0.6222910382734037,-0.17302390995380332,0.1486129108779328,0.052698236807759806,-0.10197552941929386,0.2736314989232929,0.36202185518463365,0.9212309596904369,-0.04147548162868865,0.13621115850098758,0.08140571489059308,-0.1186716449388323,0.2452511348896539,0.7222501074243994,-0.6432951500309221,-0.2396910881643372,-0.08410894439197807,0.10434058923083095,-0.04090716983305859,0.30735799531200153,0.8349975930595002,-0.3885431286739714,-0.1855350323698531,-0.3426222533762227,0.10100105081590664,-0.08330472584210784,0.2755955423740629,0.8198450587542605,-0.45639946405545917,-0.1318091983198504,-0.3196559777078965,0.10284350959248958,-0.1292704192247797,0.2632941464164163,0.7271734910332118,-0.5480816225442362,-0.2653937143602979,-0.31684605938198657,0.10342489199532608,-0.05662338269291707,0.29317744169387694,0.8378211890610314,-0.3817043245163778,-0.14018210531020503,-0.364288952833673,0.10407337960175136,-0.022464265360303035,0.32093722605689057,0.8349975930595002,-0.3885431286739714,-0.1855350323698531,-0.3426222533762227,0.05851441052534817,-0.08106728304140377,0.3021872482338658,0.455153328791668,0.8499692027970349,-0.22415866426551298,0.14191791578633733,0.08555200667173948,-0.07463126108259859,0.26126356466346334,0.9432385967759752,-0.20474706964005457,-0.2379022704585019,-0.10854536718160611,0.09692214407372315,-0.12955977804460359,0.25638504062286,0.7222501074243994,-0.6432951500309221,-0.2396910881643372,-0.08410894439197807,0.06910354538906213,-0.056818727436626415,0.29392706664263535,0.8036963352105375,0.5253559747292207,-0.2738684497559955,0.05540192066805738,0.05883358741799133,-0.10319676378172782,0.28965825357049274,0.455153328791668,0.8499692027970349,-0.22415866426551298,0.14191791578633733,0.01248659554804537,-0.0876639565971373,0.2690015986483255,0.7124199026745432,-0.36395025506067075,0.24670591370750322,0.5469317016376112,0.05196566748863515,-0.13836427136570695,0.24987115181408528,0.4646120880389075,-0.6442022405205757,0.017078207329567757,0.6073280956705405,0.025966486214863648,-0.11735882461035067,0.2556178424009762,0.6525804332412573,-0.5408371752636992,0.13284352088289517,0.5137961920478502,0.010460889016304778,-0.06687433400885848,0.2839444157416381,0.7124199026745432,-0.36395025506067075,0.24670591370750322,0.5469317016376112,1102,0.0946338046822785,-0.1666610529614375,0.24161555294132311,0.7222501074243994,-0.6432951500309221,-0.2396910881643372,-0.08410894439197807,Static,Right
I,35,98,98,99,0.0,0.0,0.0,-1.0,-5.421010862427523e-20,0.0,0.0,0.030800344552173023,-0.08559268223399866,0.2816143938445923,0.3334574872647477,0.9218959960351372,0.009389053543523256,0.1970424379544162,0.04601540055050182,-0.0748144485968569,0.24278750794537418,0.959168792353226,-0.19329304295422844,-0.20177763460634615,0.0438042634205468,0.06365592085583106,-0.13363519233458204,0.24608393032397602,0.7209016054821487,-0.644593334232137,-0.24079795152445765,-0.0825630378461323,0.03003158164442796,-0.06084409934006651,0.27617287665415335,0.761419543428769,0.6161075372333076,-0.11442337677738286,0.1660092536453751,0.0395833581568357,-0.10063454373769748,0.2660569473791901,0.3334574872647477,0.9218959960351372,0.009389053543523256,0.1970424379544162,0.04677408927324546,-0.08271086914652084,0.2908153534094884,0.36321343375307075,0.9207413070894201,-0.03971481158515076,0.1368728632758361,0.0680576355199191,-0.07003740945769062,0.24866603085643535,0.9571282915131255,-0.17648951633242876,-0.22862612926130998,-0.022067560556205817,0.0802228834408605,-0.1321118020662242,0.25092696767635186,0.7209016054821487,-0.644593334232137,-0.24079795152445765,-0.0825630378461323,0.04880880742814717,-0.05445738219636041,0.28597397827557947,0.7494718340172377,0.6214995475205543,-0.17172675965384043,0.15013394841066582,0.052691198579723444,-0.10127281966212023,0.2734916479308204,0.36321343375307075,0.9207413070894201,-0.03971481158515076,0.1368728632758361,0.08141972932590186,-0.1180051732916415,0.24524839016577982,0.7209016054821487,-0.644593334232137,-0.24079795152445765,-0.0825630378461323,0.10405620032011567,-0.03995774903190581,0.3070953045297879,0.8352642707195015,-0.38860901422930094,-0.18732942665540314,-0.3409168784734899,0.10091476803472414,-0.08244583292963599,0.27543334836950367,0.8198539174652953,-0.4569220555590793,-0.13355584248463692,-0.3181581777963493,0.10288727016478035,-0.12846182103160977,0.26334042480462844,0.7263666552929948,-0.5493518586981977,-0.26689525634995587,-0.31523156498230737,0.10321456595930757,-0.0557138168350306,0.29295462406574924,0.8379445948144323,-0.38233535315130424,-0.1417868296291964,-0.36271893898119767,0.10368662731820483,-0.021492553810495182,0.3206416994092918,0.8352642707195015,-0.38860901422930094,-0.18732942665540314,-0.3409168784734899,0.05842822155526804,-0.0802639228131006,0.30198985225259006,0.4560310291829635,0.8497289800091077,-0.22249042119354973,0.1431585604570177,0.08544235555238927,-0.07388031343664643,0.26106100013437855,0.9430313943272659,-0.2060439435269615,-0.2384604911422832,-0.1066502546326654,0.09696692944015095,-0.12879914873473297,0.2564319643592759,0.7209016054821487,-0.644593334232137,-0.24079795152445765,-0.0825630378461323,0.06893494878135034,-0.05600311376029301,0.2936594981124641,0.8043546459470146,0.5246220372251873,-0.27295897200383945,0.05726011878920906,0.05883046483692797,-0.10242724225442491,0.28952196880413816,0.4560310291829635,0.8497289800091077,-0.22249042119354973,0.1431585604570177,0.012428950554700502,-0.08711971429612106,0.26893983307623115,0.7109704787216937,-0.3649995992472181,0.24770552045408742,0.5476661812383393,0.05203540466587003,-0.13776046114523857,0.24995409979296274,0.4622596720541046,-0.644960397435602,0.017259508130886343,0.6083125764861531,0.025963819583329478,-0.11682450003307687,0.2556336184868218,0.6509348774496795,-0.5417130218045232,0.133486189436787,0.514793380451448,0.01037512183189718,-0.06628564020377818,0.283816930988531,0.7109704787216937,-0.3649995992472181,0.24770552045408742,0.5476661812383393,1113,0.09478273015284754,-0.16597291855137086,0.24183183435667127,0.7209016054821487,-0.644593334232137,-0.24079795152445765,-0.0825630378461323,Static,Right
I,35,99,99,100,0.0,0.0,0.0,-1.0,0.0,0.0,0.0,0.031339733174235745,-0.08449301599468631,0.28173559323537634,0.33377213481513973,0.9218588473803496,0.010306412528467939,0.1966372431364687,0.04648873795116373,-0.07373865391079044,0.24288159391179218,0.9591657872021762,-0.19367954381932248,-0.2012381031378509,0.044636899671109204,0.06420383304064582,-0.13253086329308944,0.2462704507866856,0.7204930165317249,-0.6451633843583906,-0.24084236851929658,-0.0815412419469953,0.030532403136076032,-0.059750513148888726,0.2762720846433469,0.761678560450322,0.6159335197629362,-0.11343121882371936,0.1661476102113166,0.04012194452913893,-0.09953882038847395,0.26618137644822537,0.33377213481513973,0.9218588473803496,0.010306412528467939,0.1966372431364687,0.04731998242434479,-0.08156402100206164,0.29091135545099467,0.36371609511045766,0.9206200758278693,-0.038722785596499956,0.13663756443941888,0.06853228881650432,-0.0689245880272969,0.24872535758912612,0.9571387627467419,-0.17708735181038576,-0.22820774358503731,-0.0211349105568637,0.08077610668737134,-0.13097874187912517,0.2510896946375776,0.7204930165317249,-0.6451633843583906,-0.24084236851929658,-0.0815412419469953,0.0493052979771778,-0.053312883235930544,0.2860316769703205,0.7498391688346769,0.6212564966294439,-0.17072463293821988,0.15044828342370953,0.05324460344256307,-0.10013886472096373,0.2736041332703889,0.36371609511045766,0.9206200758278693,-0.038722785596499956,0.13663756443941888,0.08194833170625593,-0.11688302168432554,0.24538208369296843,0.7204930165317249,-0.6451633843583906,-0.24084236851929658,-0.0815412419469953,0.10453727413170491,-0.03872479737204456,0.30710246209792413,0.8353485671392775,-0.3891331271679989,-0.18736463751619814,-0.34009215416888655,0.10143448039314151,-0.08124447878736606,0.27547822523194576,0.8199746074807365,-0.4572369685617068,-0.13374607992805612,-0.31731369931219644,0.10344835111258843,-0.1272808472200419,0.2634681144807376,0.7262001242597338,-0.550044196086941,-0.26709524024938835,-0.3142370037286184,0.10370502801752435,-0.0544953179089393,0.2929776553593945,0.8380718178431376,-0.3828017501136106,-0.14186918869107057,-0.3618999606896817,0.10415748681352549,-0.020244302761491088,0.32062761520397987,0.8353485671392775,-0.3891331271679989,-0.18736463751619814,-0.34009215416888655,0.05897938075718402,-0.07910060356768421,0.30206889613253335,0.4564919774472043,0.8497311024252026,-0.22154477072803347,0.1431434338719523,0.08593553899906667,-0.07272396806785163,0.26110786999132374,0.9431174652561065,-0.20649126335716309,-0.2381380687065823,-0.105740555695337,0.09752105443437925,-0.12763755253552558,0.2565666113541429,0.7204930165317249,-0.6451633843583906,-0.24084236851929658,-0.0815412419469953,0.0694400154579217,-0.05483153072020264,0.29370319049694216,0.8047083860904264,0.5244745678050718,-0.2721022715441828,0.057716504588551584,0.05940009618223874,-0.10127527472631642,0.28962365159746534,0.4564919774472043,0.8497311024252026,-0.22154477072803347,0.1431434338719523,0.012964444587638443,-0.08603818528695824,0.26913775138776264,0.7101182257597443,-0.365270771968188,0.2485204089641525,0.5482216476188143,0.05259368662461757,-0.13666098477459457,0.25016559016113626,0.4613278441626895,-0.6448486049833376,0.01774717357715793,0.6091239074944202,0.026505630431176434,-0.1157487419640445,0.25585373069038286,0.6501194294234768,-0.541818836342324,0.13419356731186047,0.515528042460214,0.010908503957704534,-0.06518192893865975,0.2839851137211955,0.7101182257597443,-0.365270771968188,0.2485204089641525,0.5482216476188143,1124,0.09536444833166284,-0.16484046226347918,0.24203780562581573,0.7204930165317249,-0.6451633843583906,-0.24084236851929658,-0.0815412419469953,Static,Right
I,35,100,100,101,0.0,0.0,0.0,-1.0,0.0,0.0,0.0,0.03209348002515061,-0.08360198766123227,0.28166762030266534,0.3372846103662251,0.9210917672556928,0.012400480704709732,0.1941012003625444,0.04700964279005547,-0.07312574400545634,0.2426459212976799,0.9589867762218954,-0.19704896477264536,-0.19840152590210786,0.04639938613042291,0.06478911770689977,-0.13187503595129968,0.24640028749497206,0.7186572589498779,-0.6481363709326255,-0.23935305668598036,-0.07849269448816312,0.031230995529590078,-0.05890257625746954,0.27602203567371886,0.7642520288893905,0.613571477439589,-0.11033271699661268,0.1651531712417166,0.040799380203985894,-0.09876301929533107,0.2661823614134503,0.3372846103662251,0.9210917672556928,0.012400480704709732,0.1941012003625444,0.04812326751343897,-0.080576787519383,0.29072020707010754,0.36723388833589354,0.9196434209909647,-0.03675092123487954,0.13433026194466996,0.06908131147969897,-0.06824988578412589,0.24832652627075222,0.9570911194582753,-0.18080173052905038,-0.22563739634535163,-0.019367205846402162,0.08138672558470489,-0.1302732080396932,0.2511114050987068,0.7186572589498779,-0.6481363709326255,-0.23935305668598036,-0.07849269448816312,0.050054754767837946,-0.05236112694599382,0.2856172859073434,0.7525859939136851,0.6189329872559216,-0.16773807828310952,0.14966701755998726,0.05396637386541121,-0.09927609102687379,0.2735209514904527,0.36723388833589354,0.9196434209909647,-0.03675092123487954,0.13433026194466996,0.08251457177621854,-0.11622308019954114,0.24528397070236435,0.7186572589498779,-0.6481363709326255,-0.23935305668598036,-0.07849269448816312,0.10538825768983147,-0.037577600414054245,0.30627654125842446,0.8343566128550455,-0.39355574193371706,-0.18627306323168957,-0.33803145784133787,0.10214515114649593,-0.08033492651684977,0.2749872992336043,0.8188022952053244,-0.46103682364511966,-0.13287755177841037,-0.31520057874802104,0.10412575398963889,-0.12646269427185353,0.26332901980145085,0.7248995088200069,-0.5536931006746845,-0.26646947193486764,-0.3113497597630668,0.10448495373981234,-0.053456931296917476,0.2922783974283866,0.8371140611768745,-0.38701439492396084,-0.14097826323148285,-0.3599792160636988,0.10508494911200027,-0.01898697757060131,0.31965172111512524,0.8343566128550455,-0.39355574193371706,-0.18627306323168957,-0.33803145784133787,0.05983882536951937,-0.0780183993234859,0.30179807635801337,0.46047456945914694,0.8483827448386314,-0.21931174333633008,0.14181765890136014,0.08655808267572702,-0.0719400554212825,0.2606389857168049,0.943012183345232,-0.21039535992794547,-0.23599216162217854,-0.10377627010131166,0.09815910861790644,-0.12687893136183956,0.2564652629808093,0.7186572589498779,-0.6481363709326255,-0.23935305668598036,-0.07849269448816312,0.07022880119557393,-0.05380587229421941,0.29318490393485597,0.8074866336905018,0.5216167425942153,-0.2693550556190122,0.057698910466840704,0.06020919587573938,-0.1002922807125161,0.2895299042628909,0.46047456945914694,0.8483827448386314,-0.21931174333633008,0.14181765890136014,0.013645372896883164,-0.08526006570876447,0.26924867982562545,0.7076597866730526,-0.3662557231521216,0.2526733849553296,0.5488447249627001,0.05320503196499361,-0.13598221347678544,0.25039790482262025,0.45853165575022586,-0.6446034784289295,0.021165752204583523,0.6113812944520755,0.027131240448020774,-0.11505517668679327,0.2560974320064972,0.6473991964943153,-0.5426191046422951,0.13794816044251662,0.5171161307542386,0.01166466444418571,-0.06429612154235917,0.2839533406178113,0.7076597866730526,-0.3662557231521216,0.2526733849553296,0.5488447249627001,1135,0.09594784679057967,-0.16419727445410398,0.24224142538404767,0.7186572589498779,-0.6481363709326255,-0.23935305668598036,-0.07849269448816312,Static,Right
I,35,101,101,102,0.0,0.0,0.0,-1.0,8.673617379884037e-19,6.932117640329195e-18,0.0,0.0327371279677695,-0.08282792011571903,0.28158188673408313,0.3405625755189844,0.9202997093290712,0.014419463547073356,0.19198347906973062,0.04744798698085875,-0.07260168217636775,0.24241148945878363,0.9587669283126004,-0.20008835149091386,-0.19598717442220015,0.04816280965300729,0.06530546384884062,-0.1313041481935995,0.24649888806978634,0.7169767153995077,-0.6507570983800149,-0.23818119383000116,-0.07569218842570552,0.03181638609473948,-0.058169107100498385,0.2757671809733733,0.7665691637312639,0.61136085415244,-0.10750626293811433,0.16447500313248414,0.041382987759746095,-0.0980944334366817,0.2661671541227676,0.3405625755189844,0.9202997093290712,0.014419463547073356,0.19198347906973062,0.048809100707207856,-0.0797086273957448,0.290524891552927,0.37040750862161254,0.918723909598777,-0.03487849304118308,0.13239390549207597,0.06954214759165642,-0.06766438609937075,0.24794912924052703,0.9570004327497881,-0.1841569035903359,-0.22343854903595792,-0.017652800951802064,0.08192523332440099,-0.12965273810192313,0.25111650177042655,0.7169767153995077,-0.6507570983800149,-0.23818119383000116,-0.07569218842570552,0.05068318225451829,-0.05152756405062093,0.2852183881757354,0.7550312418326365,0.6168086492443664,-0.16502736804611756,0.14913377172786285,0.05458829387181514,-0.09852062590512521,0.27342444745199135,0.37040750862161254,0.918723909598777,-0.03487849304118308,0.13239390549207597,0.08300919100828899,-0.11564490079811944,0.2451807998060667,0.7169767153995077,-0.6507570983800149,-0.23818119383000116,-0.07569218842570552,0.10610283121134434,-0.03655161128432686,0.3055102028369208,0.8333794760920068,-0.397698571550534,-0.1853479625121731,-0.3360961585735,0.1027484905999545,-0.07952763077169167,0.27453141762696776,0.8177405648706344,-0.4644534429292126,-0.13223388630579117,-0.31320531162278137,0.10471797987171712,-0.12573551652235504,0.26319174843152526,0.7237358860800743,-0.5568960429995753,-0.2660626406501567,-0.30868079911385904,0.10514175721743238,-0.05253087292580501,0.29163055265503895,0.8362223438106111,-0.3908689866728224,-0.1402791612629084,-0.3581555303002095,0.10586840551315256,-0.017857785414260488,0.3187426478465048,0.8333794760920068,-0.397698571550534,-0.1853479625121731,-0.3360961585735,0.060571894878470214,-0.0770561412805626,0.30153251853122165,0.4641631473243949,0.8470853150290589,-0.21719336416270466,0.14080512878343274,0.08708250092128626,-0.07124929084980897,0.2602017117847105,0.9428658753131564,-0.2139703231916515,-0.23420184828020443,-0.10183386580775491,0.09871831094021502,-0.12620483583397893,0.2563604509635397,0.7169767153995077,-0.6507570983800149,-0.23818119383000116,-0.07569218842570552,0.07089028927452229,-0.05289589742608996,0.2926916642749895,0.8100110558223351,0.5189534827623041,-0.2668643893359537,0.05790310767834056,0.06090596058993247,-0.09942353670339384,0.2894331699909437,0.4641631473243949,0.8470853150290589,-0.21719336416270466,0.14080512878343274,0.0142244164842017,-0.08460175978124838,0.2693328965158172,0.705335175675135,-0.3671442626342734,0.2562975404492813,0.5495625088465471,0.053746358991668505,-0.13539256344929282,0.2505861336701773,0.45591018867503025,-0.6443427191410331,0.024061976873617903,0.613505812051664,0.027676820233862306,-0.11446534237785444,0.256300113472591,0.6448391097864509,-0.5433378403221726,0.14115563486382313,0.5186922020910338,0.012300473965994447,-0.06354501011074676,0.28391161825335187,0.705335175675135,-0.3671442626342734,0.2562975404492813,0.5495625088465471,1146,0.09647515146676673,-0.16362542104100722,0.24241337986096714,0.7169767153995077,-0.6507570983800149,-0.23818119383000116,-0.07569218842570552,Static,Right
I,35,102,102,103,0.0,0.0,0.0,-1.0,8.673617379884037e-19,-6.776263578034404e-21,-1.7347234759768075e-18,0.032076648471181704,-0.08263299692720001,0.28103958668964346,0.3401851804058632,0.9198359236331519,0.015498182841191184,0.19477094997662717,0.04692488975185613,-0.07234447173556646,0.24193575973815443,0.9582229451958689,-0.19977698511445915,-0.19857914017140513,0.04964140013655511,0.06500886221757951,-0.13097246753008848,0.2460943504821996,0.7166651602497578,-0.6500043695251791,-0.24115391248066387,-0.07569780827495551,0.031083358578662096,-0.05797770219345609,0.27522051564851996,0.7659875643602458,0.6112004373251537,-0.10802545649342306,0.16741438829559016,0.04085494763338222,-0.09786305808148942,0.26566404637212887,0.3401851804058632,0.9198359236331519,0.015498182841191184,0.19477094997662717,0.048098507408235236,-0.07944530644496937,0.29005157046629637,0.36988667803314035,0.9185545591189523,-0.033720175336643426,0.135293448143882,0.06897369224705348,-0.06731627433017552,0.24757419173474707,0.9565116953207199,-0.18369104393574961,-0.22602150373050567,-0.016039231399221053,0.08160143133818511,-0.1292529063688529,0.2507857362466296,0.7166651602497578,-0.6500043695251791,-0.24115391248066387,-0.07569780827495551,0.04987589222613571,-0.05125592586171958,0.2847556245128528,0.7543132002090523,0.6168383448290954,-0.16543174550248754,0.15216566603173134,0.05403812928868766,-0.09822609510248377,0.2729717019855665,0.36988667803314035,0.9185545591189523,-0.033720175336643426,0.135293448143882,0.08265189066453371,-0.11523978919205657,0.24485671987010754,0.7166651602497578,-0.6500043695251791,-0.24115391248066387,-0.07569780827495551,0.10504283311808708,-0.03612237726762218,0.30539024390779296,0.8345288465442301,-0.3945461752418211,-0.18884959208372962,-0.33500858415481855,0.10210772331564605,-0.07904772353761293,0.2743038803531889,0.8185882505618791,-0.46256850042750525,-0.13541969126427716,-0.3124182543837333,0.10432223862736703,-0.12524370493038764,0.2629632840684887,0.7238364232997812,-0.5555569670770824,-0.2688285555192737,-0.3084614990142442,0.10426514508475418,-0.052067483074231806,0.29146118409964944,0.8374050512399299,-0.3881471407739312,-0.14358475328586306,-0.357040608181633,0.10459762702764136,-0.017475566433323302,0.31868385591683324,0.8345288465442301,-0.3945461752418211,-0.18884959208372962,-0.33500858415481855,0.05981039159415996,-0.07681419348414995,0.3010852978239436,0.46225069569097577,0.847869665512994,-0.2162041009252765,0.1438649066978649,0.0864723684214743,-0.0708305465983696,0.25990547636238254,0.9426616144816266,-0.2127282404002659,-0.2368181209664177,-0.1002644199157168,0.09835449814673318,-0.1257366522038693,0.2561046980960472,0.7166651602497578,-0.6500043695251791,-0.24115391248066387,-0.07569780827495551,0.07004648887834838,-0.05258495055417662,0.2923383373559312,0.8087394371715365,0.5202451002429153,-0.2675234999461304,0.06096503434984846,0.06032267077272137,-0.09915072664012956,0.28893453243179523,0.46225069569097577,0.847869665512994,-0.2162041009252765,0.1438649066978649,0.013611856262722558,-0.08450454079914986,0.26873288484740343,0.7045165526286201,-0.3690128479507513,0.25369257676249607,0.5505688164209498,0.05344953006902793,-0.1351089698393513,0.25013062895685,0.4547748356213533,-0.6454982868129419,0.02158431795456139,0.6132258375391278,0.027266093534068697,-0.11429857033833801,0.2557507265385641,0.6439525052961066,-0.544725796462154,0.13836568266311788,0.519089506205538,0.011511998836777983,-0.06345993251922993,0.2833038540373865,0.7045165526286201,-0.3690128479507513,0.25369257676249607,0.5505688164209498,1158,0.09633108520848456,-0.1631632873900397,0.24213933434415605,0.7166651602497578,-0.6500043695251791,-0.24115391248066387,-0.07569780827495551,Static,Right
I,35,103,103,104,0.0,0.0,0.0,-1.0,0.0,0.0,0.0,0.03243306481243148,-0.08131397772782926,0.2805424695673557,0.33892703015833675,0.9202674254511375,0.013509569035296364,0.19507389734678898,0.047380192532037166,-0.07092261839666551,0.24149155241827414,0.9585028367884811,-0.19828872431016598,-0.19918281995360285,0.04775037083847743,0.06530663157484258,-0.12961316195337416,0.24544270785215058,0.7176824962145847,-0.648806161716178,-0.24073916384940672,-0.07763410420306242,0.031523926972186526,-0.05663664340661632,0.2748050134074777,0.7651128479850827,0.6121855183095759,-0.10987279976431677,0.16661089067687637,0.04119233401940699,-0.09651797266811891,0.26512927061920155,0.33892703015833675,0.9202674254511375,0.013509569035296364,0.19507389734678898,0.04846842570971234,-0.07822393941982982,0.289556372171059,0.3675406084952904,0.9194073654132106,-0.03541763665928198,0.13546065312230635,0.06943227338949061,-0.06597384897967756,0.2471859869041401,0.9566871547733412,-0.18203418774636285,-0.226469671172641,-0.01802027808239825,0.08189571835619505,-0.12795495421621036,0.25016846460225606,0.7176824962145847,-0.648806161716178,-0.24073916384940672,-0.07763410420306242,0.05032277060830272,-0.05001185942617638,0.28440327393516496,0.7528330730405858,0.6183950909504561,-0.16714476705540593,0.15130268494193766,0.05439051548528612,-0.09692545077431669,0.27238542756256306,0.3675406084952904,0.9194073654132106,-0.03541763665928198,0.13546065312230635,0.08299201376322066,-0.11392115452819496,0.2442973708628247,0.7176824962145847,-0.648806161716178,-0.24073916384940672,-0.07763410420306242,0.10544135115617478,-0.0351543535765747,0.30525002908595017,0.8352929853211664,-0.39144918058804584,-0.1887626968075662,-0.336781549352301,0.10249311635744665,-0.07789867680839872,0.27392150301106255,0.8192329234300832,-0.4603835019126869,-0.1348754658108972,-0.3141863412962185,0.10460657069736479,-0.12405387559277117,0.26239820513553525,0.7243399049105816,-0.5541928476921414,-0.2680716521069917,-0.31038617729794726,0.1046818125169269,-0.0510098005952733,0.29121751235185256,0.838159936042089,-0.3850643010482877,-0.143400080081781,-0.3586778815380923,0.10498107498019019,-0.016594031773246403,0.3186629473887922,0.8352929853211664,-0.39144918058804584,-0.1887626968075662,-0.336781549352301,0.060169007929315524,-0.07570651360904909,0.30061992029132867,0.45980615444939044,0.8488197865015971,-0.21793925611680284,0.14347735367332737,0.08690311509750956,-0.0695835268886784,0.25953075297752587,0.9428539186135463,-0.21067863149710464,-0.23703101954357894,-0.10226093173699842,0.09864896250029966,-0.12450419386973101,0.255527537626501,0.7176824962145847,-0.648806161716178,-0.24073916384940672,-0.07763410420306242,0.07047391977979212,-0.05145103237051303,0.2920273314706687,0.8071126928528886,0.5221638623992801,-0.2689664465831797,0.05975828354665298,0.06065409556812298,-0.09797427517373838,0.288343809715058,0.45980615444939044,0.8488197865015971,-0.21793925611680284,0.14347735367332737,0.01397863045793421,-0.08308527908242413,0.26813236077787433,0.7060257727719693,-0.36837531720539896,0.2522265979380369,0.5497353701083543,0.05372944627837421,-0.13373599730763697,0.24944448323976018,0.4569013673614457,-0.6452531762306731,0.02096713177292984,0.6119230821375231,0.027597172230074487,-0.11286763222343396,0.2550883993249776,0.6456244752560324,-0.5441802063574753,0.1373084834403918,0.5178641910138294,0.011882728197984416,-0.06208218773928509,0.2827653316569712,0.7060257727719693,-0.36837531720539896,0.2522265979380369,0.5497353701083543,1169,0.09655177010620408,-0.16186945983664955,0.24140876982319828,0.7176824962145847,-0.648806161716178,-0.24073916384940672,-0.07763410420306242,Static,Right
I,35,104,104,105,0.0,0.0,0.0,-1.0,0.0,0.0,-1.734723475976807e-18,0.03287459022541359,-0.08027995400668213,0.28005507682989106,0.33781078254254276,0.9206811948134497,0.011806579626861956,0.1951681772020947,0.04789480784872763,-0.06979068673267501,0.24104494254913353,0.958800926856863,-0.19686937101865185,-0.19953843750723485,0.046126406431808306,0.06569189468443606,-0.1285333756881031,0.24478677143994101,0.7187266409621222,-0.6476372094483528,-0.2402625064076523,-0.07919588703946831,0.03203739461097385,-0.055582704112397324,0.27439095402380614,0.7643581746190242,0.6130826878735046,-0.11136874107135228,0.16578058461428608,0.0416109151804053,-0.09545978560162233,0.26460749135415923,0.33781078254254276,0.9206811948134497,0.011806579626861956,0.1951681772020947,0.04893212578017332,-0.07728459620571516,0.2890490353883799,0.36504559124400376,0.9203534409269508,-0.036799467350968416,0.13541439838481897,0.06995111034162646,-0.0649111750038821,0.24677967110681753,0.9569251492810867,-0.18037510205506033,-0.22664409654865122,-0.019787236584277192,0.08227954287219988,-0.12692945997930463,0.2495360255917048,0.7187266409621222,-0.6476372094483528,-0.2402625064076523,-0.07919588703946831,0.05084738161759656,-0.04905111186447766,0.28404474812341285,0.7513048353802727,0.6201061793505992,-0.1684967943458499,0.15039348709500783,0.054834691896445575,-0.09589933951108941,0.2717777390294479,0.36504559124400376,0.9203534409269508,-0.036799467350968416,0.13541439838481897,0.08341214519088663,-0.11287554723484801,0.2437207094731346,0.7187266409621222,-0.6476372094483528,-0.2402625064076523,-0.07919588703946831,0.10593422124687592,-0.03443930660501704,0.3050604335920731,0.8360974536663047,-0.38854871132565016,-0.18846368344453304,-0.33830812423354095,0.10295932975047321,-0.07700860398756718,0.2735038933675706,0.8198785153642368,-0.45842902204678354,-0.13410243467366667,-0.31568748597934543,0.1049863003894856,-0.1231243908677731,0.2618039398442441,0.7249395065171744,-0.5529209355394958,-0.26725083038809755,-0.3119585622957588,0.10518886644444082,-0.05020668844340819,0.2909275236234622,0.8389733051842577,-0.3821275225830719,-0.1430301796588162,-0.36006210211502826,0.10546215165669283,-0.015962062446558685,0.31858761998136864,0.8360974536663047,-0.38854871132565016,-0.18846368344453304,-0.33830812423354095,0.060623127726929835,-0.07487009400662026,0.300143630045757,0.4575048980946116,0.8497821124795244,-0.21941620085902536,0.1428851298416594,0.08740144384115833,-0.06860546029942259,0.2591287211881099,0.9431153228657279,-0.2086840650983394,-0.23697651204714695,-0.10405086010156006,0.09903474561904035,-0.12353518450243153,0.2549255791816941,0.7187266409621222,-0.6476372094483528,-0.2402625064076523,-0.07919588703946831,0.07098526322604569,-0.05058707986398362,0.2916953036998779,0.8055815305183243,0.5240913130281297,-0.2700790898336798,0.058514771902626286,0.061078205860958794,-0.09707080406825853,0.28774543035180966,0.4575048980946116,0.8497821124795244,-0.21941620085902536,0.1428851298416594,0.014425948036798197,-0.0819506939527472,0.26751800303139,0.7073386371559724,-0.3679124790428385,0.2508856655148319,0.548970712324496,0.05410239384063431,-0.132647085516931,0.2487605704579746,0.45882332722760616,-0.645034116939152,0.020466490150531,0.610731745660266,0.028017288950691117,-0.11172429513887859,0.25442437383351124,0.6470633325031588,-0.5437847873604893,0.13632957710375868,0.5167411297467275,0.012328662506673596,-0.060984656557709266,0.2822022544033531,0.7073386371559724,-0.3679124790428385,0.2508856655148319,0.548970712324496,1180,0.09687226991840477,-0.1608399517085879,0.24066066587881552,0.7187266409621222,-0.6476372094483528,-0.2402625064076523,-0.07919588703946831,Static,Right
I,35,105,105,106,0.0,0.0,0.0,-1.0,0.0,0.0,0.0,0.032599409704144024,-0.08061587086535293,0.2808226369963114,0.3349125294934186,0.9213255603389817,0.013076060833335018,0.19703255083225263,0.047655601302963646,-0.0698416553719011,0.24190413956847776,0.9590015298653001,-0.1938114037446288,-0.20120364169397784,0.04764766587810967,0.06573954326981905,-0.12851392634268446,0.24537032177234203,0.7203979324817494,-0.6449936498402983,-0.2424967599359307,-0.07877392945821134,0.03165650025996734,-0.05589314655391264,0.2752910338470789,0.7621531335728022,0.6152532057108968,-0.11121285921465122,0.1679815281301058,0.04144177663484061,-0.09567303328445617,0.26531426964356697,0.3349125294934186,0.9213255603389817,0.013076060833335018,0.19703255083225263,0.048628971404882565,-0.07759213861622753,0.2898552254386028,0.36199030390312326,0.9213423630229157,-0.035229309571952167,0.13729590571666017,0.06967449138754243,-0.0648824806637199,0.2477162327075262,0.957198827193602,-0.1771957635370131,-0.22812218638652426,-0.01823004887430981,0.08230915482724732,-0.12685141566171534,0.2501648866192914,0.7203979324817494,-0.6449936498402983,-0.2424967599359307,-0.07877392945821134,0.05040761551911421,-0.04931942838628958,0.2850224006570831,0.7488763973095335,0.6225997917331878,-0.16817118972978864,0.15255193158840208,0.05466658742431012,-0.0960760008574678,0.27248961532986193,0.36199030390312326,0.9213423630229157,-0.035229309571952167,0.13729590571666017,0.08338328486964672,-0.11276149729371819,0.2444278826943157,0.7203979324817494,-0.6449936498402983,-0.2424967599359307,-0.07877392945821134,0.10538661125173251,-0.03460190702294869,0.30631782509878763,0.8378430039738397,-0.3851402877829352,-0.18896310753684117,-0.3376077656224609,0.10268256676489715,-0.07695836927451272,0.27445007334336813,0.8221207443551676,-0.4546917840042574,-0.13506828708716434,-0.31484825088170715,0.10496756630584439,-0.12299877547787694,0.2625058098781264,0.7269094746325775,-0.5499282389804295,-0.268623519406531,-0.31148507585905755,0.10474102144856165,-0.050275071287645794,0.2920753960314598,0.8409044227703283,-0.37853143806104583,-0.1435504137129647,-0.35914757536084563,0.10481474259978761,-0.016215227204034902,0.31996392686748587,0.8378430039738397,-0.3851402877829352,-0.18896310753684117,-0.3376077656224609,0.06029132007237488,-0.07523354100973827,0.3009681684731235,0.45353667882267207,0.8519855384024901,-0.21812180626792768,0.14438836845790554,0.08711510451613147,-0.06855535601169313,0.26008491131023637,0.9437753194435573,-0.20492763325335187,-0.23820796041862544,-0.1027121177446457,0.09903419891324247,-0.12340291055127392,0.255612133338945,0.7203979324817494,-0.6449936498402983,-0.2424967599359307,-0.07877392945821134,0.07053735080038764,-0.05083083522297562,0.29272970607985416,0.8030863805947606,0.5278290145708319,-0.2698188456698737,0.06038697874350919,0.0609028613812217,-0.09733557494941886,0.28840015753436365,0.45353667882267207,0.8519855384024901,-0.21812180626792768,0.14438836845790554,0.014177995624591874,-0.08229719495462245,0.2681920769684853,0.7071001697251845,-0.36780371800281664,0.24744182641694315,0.5509104442079196,0.0541620046843335,-0.13270627818343111,0.24929509314720982,0.45906360066739266,-0.6446984010311801,0.01679112941193281,0.6110177086003319,0.027964764807646376,-0.11193540414188721,0.25499789424786506,0.6472248703988889,-0.5433628981410226,0.13267766369596926,0.517931815606176,0.01191861494014283,-0.06141301377206663,0.28296930520171365,0.7071001697251845,-0.36780371800281664,0.24744182641694315,0.5509104442079196,1191,0.09709199231853241,-0.16064049870174346,0.241140528857082,0.7203979324817494,-0.6449936498402983,-0.2424967599359307,-0.07877392945821134,Static,Right
I,35,106,106,107,0.0,0.0,0.0,-1.0,0.0,0.0,5.421010862427522e-20,0.032877859107456234,-0.07934754588086239,0.2801901083393108,0.33747374404950214,0.9204464923605244,0.011541521752037938,0.19686675710760695,0.04802077675879683,-0.06883163704055441,0.24124004857983095,0.9584792954559913,-0.19669679466805476,-0.20125478243161868,0.04609038617652986,0.06589982938299038,-0.1275519939538644,0.24496104148963393,0.7188234993142454,-0.646835942446401,-0.24191238597431747,-0.07984007706228965,0.03204005029737193,-0.05464782085678775,0.2745363950345133,0.763920100968004,0.6130721036836754,-0.11247121706458074,0.16708949803599105,0.04167896111903123,-0.09451249834546169,0.2647622153811556,0.33747374404950214,0.9204464923605244,0.011541521752037938,0.19686675710760695,0.04891848396501716,-0.0763572080606832,0.2892191830925845,0.3643014903180442,0.9203919089688153,-0.03694148376599439,0.13710756665464874,0.07005061983806804,-0.06392458072663451,0.24705454539681407,0.9566381891457898,-0.17985661997685662,-0.22826496734127644,-0.019750341846425837,0.08246961768284987,-0.12592775383049126,0.24976716453419534,0.7188234993142454,-0.646835942446401,-0.24191238597431747,-0.07984007706228965,0.050812558242737914,-0.04811151240660887,0.2842692603004713,0.7503913576710924,0.6206304846735701,-0.1694214223576938,0.1517464776285764,0.05490011894750137,-0.09494151611987399,0.2719415874584282,0.3643014903180442,0.9203919089688153,-0.03694148376599439,0.13710756665464874,0.0835992453293671,-0.1118636404522557,0.24397514465643577,0.7188234993142454,-0.646835942446401,-0.24191238597431747,-0.07984007706228965,0.1058007000464603,-0.033565034904151206,0.3056163175741146,0.8365142185507048,-0.38659048523549105,-0.18928907402222475,-0.33905958966485505,0.10299066437223428,-0.0760052846567985,0.2738703924585585,0.8207790764351046,-0.4560090099405028,-0.1352288376355294,-0.3163710669627723,0.1051303897908187,-0.1221016598698404,0.2621159969678699,0.7251169858738613,-0.5517113789427079,-0.26868029332271237,-0.3124592951447652,0.10512333270753133,-0.049275255478928026,0.29141600697962367,0.8396805774393731,-0.3796692363171045,-0.1440143909540766,-0.36062120578744955,0.10527949326296834,-0.015133730883572904,0.31920406718874406,0.8365142185507048,-0.38659048523549105,-0.18928907402222475,-0.33905958966485505,0.06058748795736568,-0.07402496748384371,0.30032634014190623,0.455300818722916,0.8506531845918551,-0.21967996688661903,0.1443296094454347,0.08746611063991967,-0.06760746918929603,0.2594557704452606,0.9430564404975165,-0.20722868291811278,-0.23842367472739065,-0.10418720814795907,0.09920234378808777,-0.12251303474876644,0.2552182382522801,0.7188234993142454,-0.646835942446401,-0.24191238597431747,-0.07984007706228965,0.0709304958858927,-0.04968767666942972,0.2920151896315936,0.803971039113669,0.5259214159578073,-0.27106970061838553,0.05965274436337017,0.06112680370532053,-0.09617482581359912,0.2878425565209132,0.455300818722916,0.8506531845918551,-0.21967996688661903,0.1443296094454347,0.014469773587014508,-0.08104223510107661,0.2674780795115039,0.7075204253123301,-0.36948484831305967,0.24877220437763384,0.5486421283150135,0.05430337099003366,-0.1316896889116869,0.2488892833580063,0.45879927161552647,-0.6462377641725193,0.019037271959136716,0.6095224054936125,0.028177927617558357,-0.11079156104193753,0.2544518253246973,0.6469808101921632,-0.5451898403746783,0.13421208152160274,0.515917615873856,0.012263149019035247,-0.060080440950577435,0.28215299589995696,0.7075204253123301,-0.36948484831305967,0.24877220437763384,0.5486421283150135,1202,0.09714687465346036,-0.15980271833023763,0.24089565835093749,0.7188234993142454,-0.646835942446401,-0.24191238597431747,-0.07984007706228965,Static,Right
I,35,107,107,108,0.0,0.0,0.0,-1.0,0.0,0.0,0.0,0.03300591412815818,-0.07825249754874225,0.27954877240465353,0.3398737273182457,0.9196231079302734,0.009592313732937462,0.19669055990747547,0.04825269650176348,-0.0679970956960024,0.24057892382795593,0.9579653686889954,-0.19952893252642892,-0.20136036907778293,0.044097156850301265,0.06588732934380248,-0.12677766816746427,0.24451967584421835,0.7174119037716858,-0.6485026974363672,-0.24116006792087474,-0.0812787388241239,0.03229322067115466,-0.05357589878311637,0.2737840428883053,0.765608446263011,0.6109688960497051,-0.11408713970832231,0.16596638100445746,0.0417582923736701,-0.09352290868954621,0.2641975096670707,0.3398737273182457,0.9196231079302734,0.009592313732937462,0.19669055990747547,0.049060343059357164,-0.07531559396947178,0.2885833535825029,0.36650170168195567,0.9194683788467949,-0.03912963582978033,0.13683301708617862,0.07029587116583659,-0.06315990950856472,0.24640397099662584,0.9560820101017843,-0.1823823088462484,-0.22840896951534326,-0.021753758860998475,0.08245740937566479,-0.12520450741667727,0.24934060594015017,0.7174119037716858,-0.6485026974363672,-0.24116006792087474,-0.0812787388241239,0.05109449970016096,-0.04709855645244326,0.2835308311903421,0.7518133382170263,0.6187334432828713,-0.17104491224933602,0.15062957424061854,0.05497006080402529,-0.09399993128110314,0.2713902625746725,0.36650170168195567,0.9194683788467949,-0.03912963582978033,0.13683301708617862,0.08365244073307646,-0.11116377068500989,0.24350355196688553,0.7174119037716858,-0.6485026974363672,-0.24116006792087474,-0.0812787388241239,0.10608936007941822,-0.03277600116247864,0.30494422078264866,0.8351715562433395,-0.38782171968544715,-0.1895288910253608,-0.3408248594938428,0.10315492919683,-0.07528300195652937,0.27330017137537654,0.8194115879605871,-0.45718739783023415,-0.13524220374856502,-0.31820414690314763,0.10511925769960519,-0.12142700030163779,0.26170512160145065,0.7233774131178055,-0.5533044676265251,-0.26852105777298013,-0.313808422175058,0.105376272745814,-0.048514618819033135,0.2907766425592739,0.8384501151385512,-0.3805552803609857,-0.14439754268261482,-0.3623926498713023,0.10562527656244741,-0.014307523662883653,0.31848281806361634,0.8351715562433395,-0.38782171968544715,-0.1895288910253608,-0.3408248594938428,0.060734137739156424,-0.07301698736885552,0.2996958063931786,0.457131280824195,0.8491922677775833,-0.22168807349650796,0.14407596089633742,0.08768098678712477,-0.0668714895295464,0.25883808445848117,0.9423030313378479,-0.20945564436552783,-0.23861137707742408,-0.10610344435568439,0.09919809166546942,-0.12183778816016846,0.25480147646779255,0.7174119037716858,-0.6485026974363672,-0.24116006792087474,-0.0812787388241239,0.0711974942196427,-0.048754488742495,0.29131526383507933,0.8048231845320554,0.5239383909048044,-0.2726153241185545,0.058558425794253334,0.06117968420643971,-0.0952156868575756,0.28729465066659426,0.457131280824195,0.8491922677775833,-0.22168807349650796,0.14407596089633742,0.014618315745370019,-0.07995407921488891,0.26674011940963804,0.708346721899784,-0.3708491227948953,0.25002331996868266,0.5460807533395812,0.05426868950146925,-0.13085573480252577,0.24844453848310735,0.45893621131874035,-0.6477406927668711,0.021249049708876748,0.6077483251813733,0.02822795307945046,-0.10981623274351826,0.2538691458152523,0.6471175854700095,-0.5468392551628244,0.13569430197827173,0.5136075505666384,0.012481399645397809,-0.058924004626460746,0.2813273045523181,0.708346721899784,-0.3708491227948953,0.25002331996868266,0.5460807533395812,1213,0.09700792818722263,-0.1591676330109809,0.2406040434479529,0.7174119037716858,-0.6485026974363672,-0.24116006792087474,-0.0812787388241239,Static,Right
I,35,108,108,109,0.0,0.0,0.0,-1.0,0.0,0.0,0.0,0.03320261697398349,-0.07711240505372843,0.2789588042093469,0.3422385085754344,0.9187930833338934,0.00797705723096863,0.1965411911630573,0.04853910279268453,-0.06711607557837096,0.23996881448438173,0.9574202685993569,-0.2024044714464138,-0.20144249300911404,0.042423828491856205,0.06596983268500277,-0.12594416932122707,0.2441175015059323,0.7160739117299129,-0.6500630052812644,-0.24055287630523617,-0.08240482877713863,0.032599099129104414,-0.052459178941288216,0.2730794224850652,0.7672920137690366,0.608851996282699,-0.11543727601315174,0.16503468585570805,0.041911672091522884,-0.09248286344140591,0.2636834532506182,0.3422385085754344,0.9187930833338934,0.00797705723096863,0.1965411911630573,0.04926925601194364,-0.0742207427849843,0.2879991356384161,0.36873700885859373,0.9185326061146646,-0.04103572335113415,0.1365537960339039,0.07059279848118105,-0.06233356343800557,0.2457985072813005,0.955541423755099,-0.18487645076399745,-0.22849608679385344,-0.023469634868940208,0.0825398665427791,-0.12441005313248274,0.24895157054470066,0.7160739117299129,-0.6500630052812644,-0.24055287630523617,-0.08240482877713863,0.05142765394512817,-0.04603293189346898,0.28283979396469555,0.753236312895511,0.6168579511043908,-0.17241429533469135,0.14964837406103312,0.055113190800971615,-0.09300451498115413,0.2708905909234502,0.36873700885859373,0.9185326061146646,-0.04103572335113415,0.1365537960339039,0.08378901399135598,-0.11039169255582817,0.24307160044319434,0.7160739117299129,-0.6500630052812644,-0.24055287630523617,-0.08240482877713863,0.10641850036791822,-0.03190063968333652,0.30430435369911707,0.8339695706605488,-0.3890176344174932,-0.1898555977281146,-0.3422205244221596,0.10338317112582292,-0.074478250852305,0.27276757197465756,0.8181400400061783,-0.4584108666580246,-0.13533740202061897,-0.31967192539044953,0.10520443669710446,-0.12066677661614966,0.26132815693360184,0.7217921151892251,-0.5548072158178347,-0.26846477975672106,-0.31485196165388946,0.1056786151983901,-0.04766852541406135,0.29017048771989135,0.8373730841057121,-0.3814114945601146,-0.14487265084068493,-0.36379046836207907,0.10599889067773305,-0.013394907635379576,0.3177935211336595,0.8339695706605488,-0.3890176344174932,-0.1898555977281146,-0.3422205244221596,0.060949991597753966,-0.0719428368310108,0.29911598027343894,0.4591407359768971,0.8476931983014867,-0.22341731217219674,0.14384272919317392,0.08795258953668457,-0.06606248873080528,0.25826240252596533,0.941582787020657,-0.21170314521756975,-0.23875465036128402,-0.10770260174323516,0.09928826689358694,-0.12108112413422659,0.25442047056331757,0.7160739117299129,-0.6500630052812644,-0.24055287630523617,-0.08240482877713863,0.0715190439254133,-0.04775329214561528,0.29065598442187696,0.8057716546805374,0.5219014448451443,-0.273914818265274,0.057633277857863825,0.06130688086026835,-0.0941952612142875,0.2868084196653875,0.4591407359768971,0.8476931983014867,-0.22341731217219674,0.14384272919317392,0.014836476136169695,-0.07884300532244816,0.26604778285410563,0.7090284569475223,-0.37217863251480987,0.2512391204502592,0.5437284405780166,0.05433301533940359,-0.1299708022979285,0.2480412541658362,0.45886946664997835,-0.6492174956156962,0.023264394734312348,0.6061470315859792,0.02836484599859934,-0.10880741493495,0.2533304471488759,0.6470918956666212,-0.5484804571236527,0.1370395842423506,0.5115285124669897,0.012765161617541224,-0.05774724420832407,0.2805497985478198,0.7090284569475223,-0.37217863251480987,0.2512391204502592,0.5437284405780166,1224,0.09698522950153093,-0.1584498216736508,0.24034469360508814,0.7160739117299129,-0.6500630052812644,-0.24055287630523617,-0.08240482877713863,Static,Right
I,35,109,109,110,0.0,0.0,0.0,-1.0,0.0,6.938893903907228e-18,0.0,0.032537285869766244,-0.07756330743978337,0.27913807383664235,0.34017349872814107,0.9190979525658076,0.010009125522887645,0.1985969832567026,0.047903794932969604,-0.06735298849644428,0.2402074486389168,0.9573850086695117,-0.2003228060204529,-0.20318688865573373,0.04471919991875233,0.06564068588361835,-0.12609912330873263,0.24428292530076104,0.7165277278152543,-0.6487019340804892,-0.24317424150116065,-0.08148683490280334,0.03180245799825883,-0.0528963890073187,0.2733287880762936,0.7657859972145691,0.610116769739736,-0.11477769284635292,0.16779575375231132,0.04137122722663969,-0.09283213776830254,0.26383246308430025,0.34017349872814107,0.9190979525658076,0.010009125522887645,0.1985969832567026,0.04854667650319135,-0.0745362900067311,0.2882360185499498,0.3677308669671579,0.9186918440107587,-0.03905453726788981,0.1387589577161972,0.06991582540163407,-0.06245981508660996,0.24610150417206866,0.955454901537574,-0.1834152560623525,-0.23025450458833466,-0.021157459398214177,0.08218535670539864,-0.12448457923168105,0.24916888649812943,0.7165277278152543,-0.6487019340804892,-0.24317424150116065,-0.08148683490280334,0.05056129263501315,-0.04632907416622766,0.28311980272488313,0.7521827863402519,0.6176359379905886,-0.1717769405801097,0.15244535650795765,0.054539983536209286,-0.0932664040112295,0.2711198021109563,0.3677308669671579,0.9186918440107587,-0.03905453726788981,0.1387589577161972,0.08338187020889597,-0.11044143741556217,0.24332946937239497,0.7165277278152543,-0.6487019340804892,-0.24317424150116065,-0.08148683490280334,0.10546501306104555,-0.031962850509029056,0.30479608382223505,0.8348622509400446,-0.38756123835196465,-0.19104294521619966,-0.34103357835487963,0.10270338308843767,-0.07447063137724853,0.27313496207088467,0.8194879167650974,-0.4563218240602896,-0.13709445393191913,-0.3184573093263836,0.1048056848897781,-0.12062947611156992,0.2616249552103789,0.7227645881034629,-0.5530675443456741,-0.27064002437040924,-0.31381781145094645,0.1048165959795827,-0.047705480709232785,0.29063001031303354,0.8383722016989219,-0.37995991015555797,-0.1460537019149951,-0.3625339077245168,0.10494693955867908,-0.013484957344690665,0.3183196293282569,0.8348622509400446,-0.38756123835196465,-0.19104294521619966,-0.34103357835487963,0.060188947032404315,-0.07223097196016474,0.29938018050268517,0.45740771385612045,0.8486770967694213,-0.22193213013985827,0.14584751741297716,0.08726506000380148,-0.06611521133780553,0.25860418448333405,0.9418140265939636,-0.20981960709027253,-0.2403538007969885,-0.10579282694866451,0.09890953240622821,-0.12106421221139292,0.2547003757708577,0.7165277278152543,-0.6487019340804892,-0.24317424150116065,-0.08148683490280334,0.070654366628424,-0.047969406540654444,0.2910009549373914,0.8047046216726778,0.5234223844884771,-0.2736331507286796,0.06003647305867572,0.06069395950128477,-0.0944507831669601,0.2870180189869694,0.45740771385612045,0.8486770967694213,-0.22193213013985827,0.14584751741297716,0.014097296508174782,-0.07932508492372153,0.26598739292493734,0.7078542767311768,-0.3746681380906939,0.24764484849091872,0.5451955045934855,0.05401039632967301,-0.13020380040835147,0.2481497653283876,0.45757676733255126,-0.6505051977635828,0.019998534164923726,0.605860172243818,0.0278990680514812,-0.10919179396919447,0.2533346172982442,0.6458901637412896,-0.5502586636915381,0.13322658669284912,0.5121444874377014,0.011782853742505504,-0.05824862456718289,0.28048103534234564,0.7078542767311768,-0.3746681380906939,0.24764484849091872,0.5451955045934855,1235,0.09684690325012352,-0.15842207722274565,0.240557329785005,0.7165277278152543,-0.6487019340804892,-0.24317424150116065,-0.08148683490280334,Static,Right
I,35,110,110,111,0.0,0.0,0.0,-1.0,0.0,0.0,0.0,0.03192472776758064,-0.07800722107134735,0.2792763183868117,0.3381274607607645,0.9194132155930842,0.011845266731979652,0.20052144256490542,0.04732125259504197,-0.06758996483936636,0.24040525355917142,0.9573597650583716,-0.19828403801750513,-0.20483081634419933,0.04679804686758998,0.06533415805183793,-0.12626205101458765,0.24440547553450426,0.7169617958808576,-0.6474039204813546,-0.24560043949553426,-0.08071165412917627,0.03107115035951382,-0.053327569905182094,0.2735370889154603,0.7643146204802705,0.6113587767017901,-0.11422221022662353,0.1703434582270065,0.04087431461721086,-0.09317586899899033,0.2639402496510456,0.3381274607607645,0.9194132155930842,0.011845266731979652,0.20052144256490542,0.04787702367987251,-0.07484981364344842,0.2884321109500432,0.3668082464911143,0.9188195166344063,-0.03729502022036494,0.1408243147492374,0.06929429672893436,-0.06259745032376002,0.24636140460674197,0.9553597507849168,-0.18203508379806616,-0.23192057068778682,-0.019074164166850715,0.08185526797055452,-0.12457468479910579,0.24934244356240715,0.7169617958808576,-0.6474039204813546,-0.24560043949553426,-0.08071165412917627,0.0497624338330061,-0.04662717446153256,0.2833555722511021,0.7511994396364983,0.6183345395347855,-0.17126221325718388,0.1550195259261452,0.05400868583482226,-0.09352938169551685,0.27131064329666427,0.3668082464911143,0.9188195166344063,-0.03729502022036494,0.1408243147492374,0.08300455353177796,-0.11050666200579701,0.2435436137334067,0.7169617958808576,-0.6474039204813546,-0.24560043949553426,-0.08071165412917627,0.10458848012169907,-0.032053386353097096,0.30523689183015235,0.8356582270535654,-0.3862131231200502,-0.1920896877117288,-0.3400239740994143,0.10207442708195333,-0.07449024978102266,0.2734559461438933,0.8207408835857988,-0.45431135159368075,-0.1386967000544151,-0.31740955123931136,0.10443355065927207,-0.12061903935766155,0.2618754205020627,0.7236621823253954,-0.5514096272359291,-0.2726446315539688,-0.3129303017420662,0.10402092222239558,-0.04777056993485962,0.2910404592047316,0.8392661161683311,-0.3786074946365441,-0.14709676704169034,-0.36145717918260706,0.10398342643602734,-0.013600460915321372,0.31879176419492733,0.8356582270535654,-0.3862131231200502,-0.1920896877117288,-0.3400239740994143,0.05948264108042428,-0.07252117425991873,0.2996055770359757,0.45580928698370715,0.8495529281059404,-0.2206528958329277,0.1476821445083012,0.08662959735004438,-0.0661873360028714,0.2589009502199871,0.942013564518371,-0.2080406797376716,-0.2418487238205525,-0.10410914764827617,0.0985568717922358,-0.12107166170237862,0.25493522104478544,0.7169617958808576,-0.6474039204813546,-0.24560043949553426,-0.08071165412917627,0.06985717317313145,-0.04819467166091021,0.29129889802702,0.8037099578537047,0.5247946702860924,-0.2734456469179984,0.062195947357564944,0.06012239356768683,-0.09470867041179551,0.2871924343128176,0.45580928698370715,0.8495529281059404,-0.2206528958329277,0.1476821445083012,0.013405599583394878,-0.07979081370759937,0.26587715652475463,0.7067978976297543,-0.37711422366290115,0.24412860417679066,0.5464639227249851,0.053710259449007126,-0.13043838717587902,0.2482140975345193,0.45641600715135283,-0.6517974365104443,0.016891472525381042,0.6054413335165958,0.027466236767955534,-0.10956534402624139,0.2532931088743198,0.6447887721981904,-0.5520229003261988,0.1295318872806985,0.5125813564109627,0.010859169326131297,-0.05873333356124555,0.28036007887595177,0.7067978976297543,-0.37711422366290115,0.24412860417679066,0.5464639227249851,1247,0.09671481033462156,-0.15841587368783402,0.24072582286007144,0.7169617958808576,-0.6474039204813546,-0.24560043949553426,-0.08071165412917627,Static,Right
I,35,111,111,112,0.0,0.0,0.0,-1.0,0.0,0.0,0.0,0.03205712801306304,-0.07773863095695012,0.2792905230212677,0.33921393557781443,0.9191415783709486,0.013028083922823524,0.1998572837023253,0.0473670449722406,-0.06739255409984948,0.24035944652227964,0.957290289882677,-0.19921582293407172,-0.20399187324637966,0.04791317604244301,0.06549144126290801,-0.12602151695753225,0.24446597636282538,0.7165144974066369,-0.6480951883847976,-0.24558122517129669,-0.07917994469531518,0.03116017618899764,-0.05307575384242955,0.27348959345270973,0.7650896944871773,0.6106195684207263,-0.11286701602240017,0.17041871594811156,0.04099858256544781,-0.09293719848270723,0.26397729966194067,0.33921393557781443,0.9191415783709486,0.013028083922823524,0.1998572837023253,0.0480290501597924,-0.07455450502684753,0.2883989495593733,0.367652196130519,0.9186117687563016,-0.03591899542666918,0.14033569307330407,0.06934194698123788,-0.062347672333648574,0.24626255381082035,0.9554131544722793,-0.18280443776014865,-0.2311998277146229,-0.017744899584202018,0.08201898627077606,-0.12429418012359679,0.249365434646659,0.7165144974066369,-0.6480951883847976,-0.24558122517129669,-0.07917994469531518,0.04985009504813216,-0.046339025845054164,0.2832614726439577,0.7518401304776244,0.6178855493214979,-0.1697883535932831,0.15532476018697683,0.054163591570259725,-0.09325783733434707,0.27130446163845245,0.367652196130519,0.9186117687563016,-0.03591899542666918,0.14033569307330407,0.08313099764616863,-0.11023850694479832,0.24352985642408276,0.7165144974066369,-0.6480951883847976,-0.24558122517129669,-0.07917994469531518,0.10471872211892073,-0.03155518124018298,0.3049291516166985,0.8354967005335695,-0.38783581595916106,-0.19218747173547857,-0.3385153157018679,0.10219407036109597,-0.07411892876184639,0.2733219716821677,0.8201904265433494,-0.4563194979432766,-0.13862822993923768,-0.3159784705756838,0.10461353774849613,-0.12027093096923268,0.26184324005316245,0.7235561117568072,-0.5523061345258382,-0.2728046148169437,-0.31145164799544145,0.10414785636477558,-0.04732461502777455,0.29079079126941937,0.8390572142043129,-0.38037265193391145,-0.14719144747986146,-0.3600476562085144,0.10410651849553626,-0.013056286348320862,0.3184209526641255,0.8354967005335695,-0.38783581595916106,-0.19218747173547857,-0.3385153157018679,0.05964752218561932,-0.07210991790324248,0.29955700420972253,0.4575034603948208,0.8490005235272888,-0.21935040684704157,0.14756047503715677,0.08670778342772917,-0.0658777579854101,0.25877694376019234,0.9419629442241138,-0.20958738424607407,-0.24127795401397625,-0.10278078118188012,0.09872465363717695,-0.12075021618816911,0.2549160905959642,0.7165144974066369,-0.6480951883847976,-0.24558122517129669,-0.07917994469531518,0.06997046743620289,-0.04779844927367455,0.29114526007268476,0.8048553048614352,0.5236337029200434,-0.2721712879522027,0.06275725788376295,0.06029285580790515,-0.09434284900107935,0.28722549321898067,0.4575034603948208,0.8490005235272888,-0.21935040684704157,0.14756047503715677,0.013533594994929843,-0.07960055296396074,0.2659725535451824,0.7057199747927064,-0.37715916829872487,0.2453715099337526,0.5472687649223426,0.05388373968930273,-0.13020843699823378,0.24830864922827886,0.4551380179010352,-0.65153754296631,0.017458455807641438,0.6066658199431987,0.027611476144177395,-0.1093755895046796,0.25340932198055255,0.6436402372504701,-0.552084502627538,0.1304130537047684,0.5137337660443,0.010998258237803715,-0.05852089266060637,0.2804235051755476,0.7057199747927064,-0.37715916829872487,0.2453715099337526,0.5472687649223426,1258,0.09692105994510453,-0.1581303241262482,0.24079726464153434,0.7165144974066369,-0.6480951883847976,-0.24558122517129669,-0.07917994469531518,Static,Right
I,35,112,112,113,0.0,0.0,0.0,-1.0,0.0,0.0,0.0,0.03211392992427717,-0.07752787178353351,0.2796884411403779,0.3392781581086272,0.9188553387419647,0.01070469545289438,0.20119793088167573,0.04761511720206334,-0.0671667827296327,0.24082602037691875,0.9571110546159809,-0.19883965029708708,-0.20565323846908057,0.0459126138310242,0.065563294883614,-0.12585386494915116,0.24490406150851213,0.7164393100014048,-0.6476777098344342,-0.24609030290130876,-0.08165697818481699,0.03131746418009874,-0.05285536787569419,0.2739144775765846,0.7647604529616754,0.6105518365305055,-0.11549452753343135,0.17037875045001805,0.041066853861792034,-0.09274713059883843,0.2644028429812664,0.3392781581086272,0.9188553387419647,0.01070469545289438,0.20119793088167573,0.04805885012291345,-0.07439461229561332,0.2888634131752388,0.3672537460442303,0.9184885869810089,-0.03821665028796706,0.14157291140213535,0.0695802140461196,-0.06219139931295845,0.24682704241389827,0.9550577054813617,-0.1824028757338061,-0.23281700235906655,-0.019753823357841947,0.08207500726973013,-0.12417812766575884,0.24987467763080803,0.7164393100014048,-0.6476777098344342,-0.24609030290130876,-0.08165697818481699,0.04998897805188915,-0.04617767937833256,0.28377086647251093,0.7513210196565895,0.6178168661788734,-0.17237325412527865,0.15526270173277612,0.054201666501153586,-0.09309708491614241,0.27176974198319853,0.3672537460442303,0.9184885869810089,-0.03821665028796706,0.14157291140213535,0.08325127523322569,-0.11011442375390337,0.24407079143639346,0.7164393100014048,-0.6476777098344342,-0.24609030290130876,-0.08165697818481699,0.10490510005446821,-0.03155807350446611,0.3056411104878543,0.8341949013658099,-0.38850450074807685,-0.19202055738217116,-0.3410443152677005,0.10229090294014298,-0.0740951914026886,0.2739990536748059,0.8196193291638557,-0.4555682288332472,-0.13893432298694855,-0.3184006878681132,0.10463131600040532,-0.12023464984031942,0.2624545881267827,0.7230340301015438,-0.5514504857849994,-0.2732665968226695,-0.31376666506110057,0.10428845857195822,-0.04732894156182035,0.2915064088992259,0.8379496439418972,-0.38046341783370835,-0.14723941091446985,-0.36250315554695617,0.10437179677558078,-0.013041844851558317,0.31911255929954363,0.8341949013658099,-0.38850450074807685,-0.19202055738217116,-0.3410443152677005,0.05963886293655074,-0.07195805560306369,0.300088060729616,0.45731151685484234,0.84833109680438,-0.2218662531648434,0.14824268094308926,0.08688502489284158,-0.06578840804287905,0.25940537707139755,0.9414120916032122,-0.20935627690323752,-0.2427054208160352,-0.1049156890602716,0.09876933828377661,-0.12068623514165398,0.255503030462103,0.7164393100014048,-0.6476777098344342,-0.24609030290130876,-0.08165697818481699,0.07008388027682252,-0.04768252402844641,0.291724942858201,0.8043459235515349,0.5231691437725865,-0.27468896743623517,0.062190460997664745,0.06024331445788149,-0.09419168641046449,0.2877544964240898,0.45731151685484234,0.84833109680438,-0.2218662531648434,0.14824268094308926,0.013618611879799,-0.07934276108103387,0.2662606187826231,0.7071455382512344,-0.3775997999927073,0.2437124534848896,0.5458642860576383,0.05392780876618985,-0.13001755743235027,0.248688024605132,0.4564620281922748,-0.6524460060001721,0.016727792495051987,0.6047121687474636,0.027683719301532173,-0.10913006359199982,0.25370999336652084,0.64498374433646,-0.5525304794979652,0.1292008525765962,0.5118722286478818,0.011061852327317111,-0.058279948315253745,0.28073348612066207,0.7071455382512344,-0.3775997999927073,0.2437124534848896,0.5458642860576383,1269,0.0969222664247184,-0.1580384283730911,0.2413155574894816,0.7164393100014048,-0.6476777098344342,-0.24609030290130876,-0.08165697818481699,Static,Right
I,35,113,113,114,0.0,0.0,0.0,-1.0,0.0,0.0,0.0,0.03205967473397699,-0.07742845443121217,0.2800463746477452,0.3394344642938502,0.9185529144553922,0.008134872006915237,0.2024317456637742,0.04775632127356284,-0.06705520724347823,0.2412513863606806,0.9569553119072952,-0.19843759311693004,-0.20724695731530796,0.04367781283349766,0.0654998205177541,-0.1258087490074866,0.24528642325720604,0.7163955751420619,-0.6472613155792452,-0.24641953006729123,-0.08430649128575235,0.03137701275369736,-0.052745489136110324,0.27430075746057786,0.7644477014656862,0.6104825430891712,-0.1182646740626615,0.17013007722345808,0.041015385115776695,-0.09267343108264763,0.2647891593233647,0.3394344642938502,0.9185529144553922,0.008134872006915237,0.2024317456637742,0.047977592432566746,-0.07434478698497245,0.2892869195029972,0.3669603244341349,0.9183267633720866,-0.04083304498899258,0.14264900421197796,0.0697122796859166,-0.062159732809694994,0.24734853038580973,0.9546953457968168,-0.182081199378682,-0.23434082776068088,-0.02208189283453522,0.08199626734224055,-0.1241954833741618,0.25032923687295905,0.7163955751420619,-0.6472613155792452,-0.24641953006729123,-0.08430649128575235,0.050036281414512065,-0.046128295873948,0.28424026169241623,0.7508778888327217,0.6176614388121977,-0.17514842138117112,0.15491860299603977,0.05411480293789414,-0.0930532780630746,0.27219842176932063,0.3669603244341349,0.9183267633720866,-0.04083304498899258,0.14264900421197796,0.08324241798524668,-0.11012192456672167,0.24456162323572095,0.7163955751420619,-0.6472613155792452,-0.24641953006729123,-0.08430649128575235,0.10503353530587585,-0.03171914419140761,0.3063217433727387,0.8326223143809371,-0.38964378830006674,-0.19125138301863398,-0.34400684343129667,0.1022761567606025,-0.07421614617345285,0.2746303564182978,0.8190715354959185,-0.454619401725634,-0.13892838999430285,-0.32115716054383087,0.10451747661507853,-0.12034214707371121,0.26301253763595706,0.7224817502783222,-0.5506084488553321,-0.27355338444930155,-0.31625781005412346,0.10434075415263977,-0.04749147984280651,0.2921926067617021,0.8366281902927687,-0.3808134844078362,-0.14677593886226956,-0.36536445512899696,0.10461857080220602,-0.013179739159501321,0.3197660583989353,0.8326223143809371,-0.38964378830006674,-0.19125138301863398,-0.34400684343129667,0.059520607860153285,-0.07193289683451745,0.30058014440736514,0.45715953127539527,0.8475953387979278,-0.22468703268591209,0.14867091832260612,0.08695587684332899,-0.06583398241112373,0.25998972593604475,0.9408624368848579,-0.20907111644610463,-0.24399892474101495,-0.10738560356162581,0.09868175866681503,-0.12076279941183654,0.2560368302425277,0.7163955751420619,-0.6472613155792452,-0.24641953006729123,-0.08430649128575235,0.0701059977848136,-0.047699211597799385,0.29226845498880655,0.803846073614592,0.5226419289455324,-0.27735166995589705,0.06126136804848825,0.060065974444684575,-0.0941662334560468,0.2882441423823072,0.45715953127539527,0.8475953387979278,-0.22468703268591209,0.14867091832260612,0.013580175675728088,-0.0791898366589693,0.26647941178924517,0.7086522259126232,-0.37817155360321164,0.2419147064203498,0.5443120185812305,0.05383390077361038,-0.1299455187602582,0.24900850513913056,0.4579410813873805,-0.6534117561818871,0.01604520073608721,0.6025658423727631,0.02762640168990691,-0.10899279041390726,0.2539466151644041,0.6464353426057494,-0.5530363150500093,0.12795238992234642,0.5098042447638647,0.010995383787144833,-0.05814365215947972,0.28097204156807276,0.7086522259126232,-0.37817155360321164,0.2419147064203498,0.5443120185812305,1280,0.09677254146742371,-0.15808311665574856,0.24177469500619939,0.7163955751420619,-0.6472613155792452,-0.24641953006729123,-0.08430649128575235,Static,Right
I,35,114,114,115,0.0,0.0,0.0,-1.0,0.0,0.0,0.0,0.0317239934778136,-0.07792631471254798,0.27885738262262405,0.33966810552558957,0.9178130637678606,0.010010172715256114,0.2052913892688165,0.047535990978242085,-0.06757058544801718,0.24011364556169795,0.9561373699458126,-0.19920925689411836,-0.20979155326293666,0.04587489444480624,0.06555081449415809,-0.1262277259610236,0.24437623181042217,0.7151772928640644,-0.6474237515131841,-0.24973834465661793,-0.08363423316080314,0.03094042976024007,-0.05326048691814805,0.27305410483179593,0.7644174902871258,0.6095744595867549,-0.11819117132662332,0.17353883076443868,0.040825542786393026,-0.09314979113153254,0.2636640677800983,0.33966810552558957,0.9178130637678606,0.010010172715256114,0.2052913892688165,0.0475856557024934,-0.07473669260216032,0.2881541098566077,0.3673529483971647,0.9177771286366522,-0.039215479046921464,0.14559910596735348,0.0694400127838363,-0.06254933949393243,0.24629576290194974,0.9540053991791171,-0.1826522108036157,-0.23688274054446734,-0.019960848122954126,0.08201461387008332,-0.1245198077234313,0.24949185566318766,0.7151772928640644,-0.6474237515131841,-0.24973834465661793,-0.08363423316080314,0.04952853354558494,-0.04652085929002289,0.28306082308002595,0.7507126958317022,0.6170174022710339,-0.17511322268185628,0.15828876414255694,0.05388996050746044,-0.09344534086257884,0.27112720552275976,0.3673529483971647,0.9177771286366522,-0.039215479046921464,0.14559910596735348,0.0832211112713585,-0.11045080317165316,0.2436985732652058,0.7151772928640644,-0.6474237515131841,-0.24973834465661793,-0.08363423316080314,0.1042950401503521,-0.0317680928076946,0.30533041738319844,0.8329576238860698,-0.38850787802270026,-0.19537245751364277,-0.3421590688107671,0.10194113191847523,-0.07436987240046608,0.2737541781111631,0.8187800117703447,-0.4550365433792889,-0.14251199399668363,-0.3197364040610205,0.10446350881822672,-0.12051596362737423,0.2622713613289672,0.7219102698106228,-0.5501949888199353,-0.27695861377249537,-0.315317241641815,0.10378732501589041,-0.04757113112940472,0.29122745563238867,0.8370379980172986,-0.38006289383742087,-0.1507730141212196,-0.36357541833286916,0.10367064761535463,-0.013214035744765342,0.3187461418313154,0.8329576238860698,-0.38850787802270026,-0.19537245751364277,-0.3421590688107671,0.05907435803131973,-0.07226110902803302,0.29947720125282684,0.45656539332925244,0.8476878718564408,-0.22325560362715122,0.15208632078750503,0.08664506058789614,-0.0661043941205828,0.2590232087046843,0.9403418057819383,-0.20930328840462561,-0.24672095245863246,-0.10525299701043604,0.09866064920387987,-0.12098395983331316,0.2552703582688758,0.7151772928640644,-0.6474237515131841,-0.24973834465661793,-0.08363423316080314,0.06956310386387507,-0.047979294148316684,0.29118468311855455,0.8033414560007474,0.522781592413598,-0.2777272157033427,0.06488070099629764,0.05980618546929608,-0.09450107904766393,0.2871628729265664,0.45656539332925244,0.8476878718564408,-0.22325560362715122,0.15208632078750503,0.013233740594667455,-0.07984123372413172,0.26514687105316104,0.7072817866142631,-0.381287029744395,0.23975209806570935,0.5448776071243188,0.05388696599291899,-0.1304166524737872,0.2480456790182192,0.4554692383169023,-0.6556370245178443,0.0138598110497009,0.6020762166587177,0.027539828987255863,-0.10959512624452829,0.2527904691178024,0.6443439352673075,-0.5559473091209154,0.12510931947330264,0.5099913143832752,0.010457566812466776,-0.058769476137780365,0.2795653195603018,0.7072817866142631,-0.381287029744395,0.23975209806570935,0.5448776071243188,1291,0.09700119875572373,-0.15835128363148002,0.24110127801033152,0.7151772928640644,-0.6474237515131841,-0.24973834465661793,-0.08363423316080314,Static,Right
I,35,115,115,116,0.0,0.0,0.0,-1.0,0.0,0.0,0.0,0.03181744978806283,-0.07752863827831821,0.27909277996697407,0.3398655195629144,0.9176477174050505,0.009243888329601052,0.20573926674818507,0.04770123850445637,-0.0672264240733977,0.24036861687093153,0.9559268588850431,-0.1997985032750129,-0.21035408146651743,0.04511716925536542,0.065651377650733,-0.12590098011471143,0.24467016984445794,0.7148847864669414,-0.647572411892946,-0.24992416901798026,-0.08442525199216316,0.031077514536536663,-0.05286503641600096,0.2732712425411175,0.7646621632965391,0.6090943810435775,-0.11912843674434036,0.17350569605245816,0.04092313483918821,-0.09276424577564625,0.2639149969622968,0.3398655195629144,0.9176477174050505,0.009243888329601052,0.20573926674818507,0.047678023639590436,-0.07436699390392512,0.28840491135297297,0.36734638024502,0.9176782834808169,-0.039927092280693265,0.1460446241755979,0.06960193913871429,-0.062226337236733834,0.24657973636377947,0.9537786462989188,-0.18303171188673864,-0.2374445293586405,-0.020634480503892286,0.08210982535549191,-0.12420823624788946,0.24980870575958536,0.7148847864669414,-0.647572411892946,-0.24992416901798026,-0.08442525199216316,0.049658741549972504,-0.046153889177428103,0.28330804474188637,0.7507338873817561,0.6167404600788041,-0.17596416698618061,0.15832386799002038,0.053987590058219126,-0.09307948720408162,0.27138440354325977,0.36734638024502,0.9176782834808169,-0.039927092280693265,0.1460446241755979,0.08333821945412798,-0.11014246988004647,0.2440124349391617,0.7148847864669414,-0.647572411892946,-0.24992416901798026,-0.08442525199216316,0.10440454730994846,-0.03141026027426015,0.30557076749667655,0.8327985311995761,-0.3880042440098263,-0.19665241709692796,-0.34238449134288707,0.10205285730866345,-0.07407476548174374,0.2740864752299213,0.8177890744957884,-0.45634930270739854,-0.14284101598454646,-0.3202542547825017,0.10454352415615613,-0.12022506084244453,0.26261738761255266,0.7214924692221499,-0.5501945172206401,-0.2772245450162886,-0.31603981033500145,0.10393262803714745,-0.04722410391859767,0.29147718759686403,0.8367647184642673,-0.379926202858941,-0.15189901916133502,-0.36387851584344294,0.10373030553141549,-0.012855999315584891,0.3189829864145686,0.8327985311995761,-0.3880042440098263,-0.19665241709692796,-0.34238449134288707,0.05916108270760072,-0.07185953324923244,0.29973865916672615,0.4567255908292864,0.8473238963554276,-0.2239833819173852,0.15256275420805285,0.086786082499426,-0.06579570808626882,0.2593321887827065,0.9399366464482618,-0.21013846061429836,-0.2472611324022455,-0.1059380028007298,0.09875086738098884,-0.12068904635633754,0.2556093309683748,0.7148847864669414,-0.647572411892946,-0.24992416901798026,-0.08442525199216316,0.06968909011230884,-0.04759586587507398,0.29144396956176755,0.8033695072781719,0.5222762939243668,-0.2785843018449121,0.06492837858624431,0.05988932035190251,-0.09410794570627411,0.28743907413003567,0.4567255908292864,0.8473238963554276,-0.2239833819173852,0.15256275420805285,0.01334840784001987,-0.0794515901721871,0.265349244048758,0.7078696492296783,-0.3813777091424118,0.2397741539507324,0.5440404008581978,0.05397811543753736,-0.13007680793048276,0.24832647349090312,0.45572871017452443,-0.6561045565194885,0.014009223754696907,0.6013666895387709,0.02764818644081451,-0.10922337863482591,0.2530289335533141,0.6445366480285549,-0.556446664146842,0.1249502452529559,0.5092416474712104,0.010595037975893867,-0.058373121088747724,0.27976299416764855,0.7078696492296783,-0.3813777091424118,0.2397741539507324,0.5440404008581978,1302,0.09707340355967391,-0.1580576005435408,0.2414460247835097,0.7148847864669414,-0.647572411892946,-0.24992416901798026,-0.08442525199216316,Static,Right
I,35,116,116,117,0.0,0.0,0.0,-1.0,1.680513367352532e-18,0.0,0.0,0.0319701936419568,-0.07709831883242124,0.2793372983629471,0.34022012248596956,0.9174526118529862,0.008444052580636716,0.20605744644584292,0.047921880625570595,-0.066868450600611,0.24062501043861206,0.955706504834843,-0.20057164348617104,-0.21079199464665485,0.044303808397352394,0.06580318346849398,-0.12555886344579417,0.24496989762950894,0.7146024103869429,-0.6477617494044026,-0.2499916703988582,-0.08516029479110516,0.0312789557310723,-0.052439783782944095,0.2734893851142521,0.7650480664691703,0.608477942998895,-0.12003340478441953,0.17334367773725473,0.04107341086487955,-0.09235292294463741,0.26417658457461113,0.34022012248596956,0.9174526118529862,0.008444052580636716,0.20605744644584292,0.047835789192088835,-0.07397109601492755,0.2886598772062379,0.3674362323555162,0.9175598260852409,-0.04061662507608535,0.1463723692307884,0.06982129166630503,-0.061890820301791764,0.2468596819357508,0.9535549165109161,-0.18353918135865532,-0.23789190709227764,-0.021303301247784193,0.08225804794047646,-0.12388249182238825,0.2501250813690985,0.7146024103869429,-0.6477617494044026,-0.2499916703988582,-0.08516029479110516,0.0498565036291827,-0.04576259616537183,0.2835536528279584,0.750862676482609,0.6163742733097034,-0.17674081812980888,0.15827406443923106,0.05414428795339789,-0.09269141687228981,0.27164772906510176,0.3674362323555162,0.9175598260852409,-0.04061662507608535,0.1463723692307884,0.0835064812364008,-0.10982195622178127,0.24432220467476098,0.7146024103869429,-0.6477617494044026,-0.2499916703988582,-0.08516029479110516,0.10460197141626368,-0.03102203010270077,0.3057694606891575,0.8326000143010784,-0.3876618174904274,-0.19790347575889725,-0.34253429861608037,0.1022265798479226,-0.07376583642485945,0.2744084421790575,0.8165943180085222,-0.45810289177451063,-0.14298267968599784,-0.32073573803653227,0.1046797369695965,-0.11992234702627563,0.26295545343210813,0.721079682333993,-0.5502657912671154,-0.2773825359546492,-0.3167184545201792,0.10416026663470541,-0.04685175588739178,0.29169284882879,0.8364179865764799,-0.3800166852410351,-0.1529730094072374,-0.3641311975959445,0.10388117913727418,-0.012463507828203605,0.3191733472702034,0.8326000143010784,-0.3876618174904274,-0.19790347575889725,-0.34253429861608037,0.05931722210807469,-0.07141359964312971,0.3000041797632028,0.4572151728511894,0.8468002981835783,-0.2247149595149584,0.15292719732294408,0.08698607074850459,-0.06547455361108566,0.25963429612276806,0.9394867116592395,-0.21130164382425246,-0.24767754516431925,-0.10664036550131656,0.09889527424014079,-0.12038209872254428,0.25594016496267824,0.7146024103869429,-0.6477617494044026,-0.2499916703988582,-0.08516029479110516,0.06988844287897236,-0.047176109608809344,0.2916888339346061,0.8036067941512266,0.5214919257542604,-0.2793788544998373,0.06488256642164968,0.060032017693259374,-0.09367827991102892,0.28773326713049197,0.4572151728511894,0.8468002981835783,-0.2247149595149584,0.15292719732294408,0.013544756670957406,-0.07902961860075122,0.26558295317196917,0.7085262827057868,-0.3812153095642379,0.24012917499715195,0.5431421303711848,0.054123173096927185,-0.12971827447552772,0.2486194000073439,0.45604274188941973,-0.6564434418260509,0.014399612347751436,0.6007492625195497,0.02781846712220653,-0.10882544464303166,0.2532907572163207,0.6447947026839058,-0.5567720539366463,0.12511045959568312,0.5085194629959594,0.010836503547620432,-0.05794372013974611,0.279994066144676,0.7085262827057868,-0.3812153095642379,0.24012917499715195,0.5431421303711848,1313,0.09719259674838253,-0.15775405755269278,0.24178582769254284,0.7146024103869429,-0.6477617494044026,-0.2499916703988582,-0.08516029479110516,Static,Right
I,35,117,117,118,0.0,0.0,0.0,-1.0,0.0,0.0,0.0,0.03217076396187182,-0.07738702858664229,0.2791985519135795,0.3384154237592188,0.9178308071116229,0.009068942446965298,0.20731465158446696,0.048167087224024456,-0.06704063403907363,0.24054927038133428,0.9556630523641187,-0.19940024683797736,-0.21195851090063572,0.04495844263132862,0.06614867325743355,-0.12570791459384853,0.24482884513011738,0.7149289168457552,-0.6468938851292417,-0.2512499135546092,-0.08531369279870711,0.031429306365189424,-0.0527166385100867,0.273411569357626,0.7639547750592082,0.6094356806192344,-0.1202096441323153,0.17467367949976711,0.041340474766722785,-0.09256680207962965,0.26400355759120486,0.3384154237592188,0.9178308071116229,0.009068942446965298,0.20731465158446696,0.048002128627814646,-0.07421777969398635,0.28856618129727823,0.3663725625643324,0.91780582900078,-0.04015488868456732,0.14761839508328675,0.07004388684110151,-0.062030865998005086,0.24683538998638047,0.9534772865290368,-0.1825670740984832,-0.23899716341038368,-0.020752913292700022,0.0825875187267089,-0.12400855379594425,0.25002228931638065,0.7149289168457552,-0.6468938851292417,-0.2512499135546092,-0.08531369279870711,0.049974883573051944,-0.04599697517996606,0.2835134314016772,0.749985589560161,0.617054710199108,-0.17699452110624964,0.15949307060672577,0.0543837466183094,-0.09289284760815603,0.2715315225033798,0.3663725625643324,0.91780582900078,-0.04015488868456732,0.14761839508328675,0.08382563240864055,-0.1099319699678751,0.24425215082220608,0.7149289168457552,-0.6468938851292417,-0.2512499135546092,-0.08531369279870711,0.1046897970748459,-0.031200834094584694,0.3058778473447036,0.832980475939221,-0.38649532216291227,-0.19849198881178398,-0.34258695688510704,0.10241717771503155,-0.07388664435912128,0.27442928718202875,0.8170781027628021,-0.45700163381702913,-0.14361242028909957,-0.32079331884067197,0.10498060739857143,-0.12002121901453816,0.26291181386444257,0.7215246913073018,-0.5491376508686828,-0.2783784363456854,-0.31678921447874264,0.10429264939011602,-0.04700285107366399,0.2917681827806749,0.836895315497728,-0.3787398636809607,-0.1535873648293547,-0.3641061217854767,0.10392495764928945,-0.012668336588354348,0.319314276402853,0.832980475939221,-0.38649532216291227,-0.19849198881178398,-0.34258695688510704,0.059459865848536624,-0.07167650172400045,0.2999324966219623,0.45576615154587286,0.847447194338385,-0.22451132852051117,0.15396470790093195,0.0871901271842795,-0.0656015831306268,0.2596374452218798,0.9395537070512638,-0.21003101659518061,-0.24865681819361635,-0.10628071509003836,0.099210831481462,-0.12048074161338058,0.25588419244268845,0.7149289168457552,-0.6468938851292417,-0.2512499135546092,-0.08531369279870711,0.06999919137677313,-0.04739790931668107,0.2916968843114468,0.8026271607825917,0.522679061086656,-0.2797473140604601,0.06586106703968285,0.06024332504254065,-0.09390892518024149,0.28760697497159315,0.45576615154587286,0.847447194338385,-0.22451132852051117,0.15396470790093195,0.013686479040544874,-0.07934339692033485,0.2653440229468434,0.7082968572254181,-0.38209672049543353,0.2380114594642508,0.5437538077061417,0.05446639972853067,-0.12989955379725893,0.24843525331338334,0.4558488027790081,-0.6569369278100442,0.012471033929683868,0.6004000459669957,0.028097571650766054,-0.10907903804385098,0.25306701016876576,0.6445109084173856,-0.5574697670939425,0.12282198376668738,0.5086726924170764,0.010862284958963395,-0.05828284287813258,0.27977020477798065,0.7082968572254181,-0.38209672049543353,0.2380114594642508,0.5437538077061417,1324,0.09760739265921053,-0.15783407363523672,0.2416689313895714,0.7149289168457552,-0.6468938851292417,-0.2512499135546092,-0.08531369279870711,Static,Right
I,35,118,118,119,0.0,0.0,0.0,-1.0,0.0,6.938893903907227e-18,0.0,0.032331781997667085,-0.07781876943447537,0.27901038227377717,0.33624197933542743,0.9183438905563462,0.009522010055240024,0.20855493601191877,0.04837476159726107,-0.06732991166204946,0.2404340333771173,0.9556883992322092,-0.19790997463049262,-0.21313845136567142,0.04542384906828942,0.06643747831552056,-0.12598334051437457,0.24461326555792887,0.7154151231790954,-0.6458602795575507,-0.2523972697832441,-0.08568149755021015,0.031546528816111336,-0.05313046462986766,0.27330309637629174,0.7626378397283703,0.6106713471784025,-0.12052750056488883,0.1758896038921588,0.04156742796481336,-0.0929117352475041,0.26376751599028964,0.33624197933542743,0.9183438905563462,0.009522010055240024,0.20855493601191877,0.04812733517313299,-0.07461180848764365,0.28842920865324323,0.36507802255961036,0.9181371069303322,-0.03988732376367688,0.14883310023155513,0.07023136764634731,-0.062299065437841035,0.2467748549550687,0.9534384085963742,-0.18135106680524204,-0.24010448807484094,-0.020416326509261597,0.08286112224659987,-0.12427057368514285,0.24984849600307682,0.7154151231790954,-0.6458602795575507,-0.2523972697832441,-0.08568149755021015,0.050061485141896414,-0.04637555843430873,0.2834455172679463,0.7489505926697203,0.6179110153758547,-0.17741172371989414,0.16057417944237157,0.05457680173450104,-0.0932340040497094,0.2713616422033367,0.36507802255961036,0.9181371069303322,-0.03988732376367688,0.14883310023155513,0.08409324806473807,-0.1101742108190016,0.24411983386306932,0.7154151231790954,-0.6458602795575507,-0.2523972697832441,-0.08568149755021015,0.10475762182240278,-0.03156459725801144,0.30598290525461375,0.8333581383388545,-0.38520324946328044,-0.1987475893009544,-0.34297531341830956,0.1025669299531526,-0.07416332559476191,0.27441123985309057,0.8177130610233593,-0.45549887723822274,-0.1440272392729845,-0.3211265747550781,0.10522620111711926,-0.12026859922392959,0.2628016287719186,0.722061870099683,-0.5478388967600756,-0.27921314422051197,-0.31707919994750094,0.10439394551666184,-0.04732749872612076,0.2918296316102826,0.8373895302219548,-0.37724668847871073,-0.15389633716763246,-0.3643893907798178,0.10396828905602501,-0.013063836305470086,0.3194627685313997,0.8333581383388545,-0.38520324946328044,-0.1987475893009544,-0.34297531341830956,0.05956014817149233,-0.07210292739458678,0.2998181598167809,0.45404492974237187,0.848204336445771,-0.22452158089348587,0.1548633756668237,0.08735654809062757,-0.06587057245978568,0.2596051923373452,0.9396755135781583,-0.20842683043759994,-0.2495933624288229,-0.10616656237645945,0.09947158326075377,-0.12072341837243386,0.2557609526062828,0.7154151231790954,-0.6458602795575507,-0.2523972697832441,-0.08568149755021015,0.07007627380094526,-0.047780964689704844,0.2916808645703316,0.801461908241591,0.5241002216397408,-0.280250392315058,0.06661444980016232,0.060406222164045245,-0.09429493675302762,0.287423770463771,0.45404492974237187,0.848204336445771,-0.22452158089348587,0.1548633756668237,0.013778748824178712,-0.07978177113505933,0.2650469615830243,0.7082151002614849,-0.3828758249292268,0.23565963680048607,0.5443363023255403,0.05475101017002125,-0.13020612220984001,0.2481737659492607,0.4559249500505458,-0.6573454397112984,0.010413580343696239,0.5999341381823446,0.028322821739342342,-0.10945271852421891,0.2527720856134623,0.6444433658665664,-0.5580300868353717,0.12037950576259324,0.508727770983099,0.010836609025891428,-0.05875505448638183,0.2794978669312563,0.7082151002614849,-0.3828758249292268,0.23565963680048607,0.5443363023255403,1336,0.09795511381275594,-0.15804835649509733,0.24146479341744345,0.7154151231790954,-0.6458602795575507,-0.2523972697832441,-0.08568149755021015,Static,Right
I,35,119,119,120,0.0,0.0,0.0,-1.0,1.7347234759768075e-18,6.93889390390723e-18,0.0,0.032504117053069895,-0.07823126450009257,0.27882066247915865,0.3339804160140117,0.9188935023471089,0.009964199001161099,0.209743957723785,0.04859092205758584,-0.06759766914938871,0.24031912590379365,0.9557313526053656,-0.196374258543157,-0.21427043447668354,0.04585753087462466,0.06672520826029532,-0.12623909344008447,0.2443965916702724,0.7158994651147325,-0.6448494045501241,-0.25347162948272844,-0.08607749036281741,0.03167482319675485,-0.05352463413479249,0.2731980630187391,0.7612819386462163,0.6119658477810714,-0.12083313648019177,0.17705073896771112,0.04180217754660922,-0.0932330725920882,0.2635269611603341,0.3339804160140117,0.9188935023471089,0.009964199001161099,0.209743957723785,0.048262079251925216,-0.07498289596300049,0.2882927226661865,0.3638049977650844,0.9184630139304416,-0.03966122744558388,0.14999534219590327,0.07042759312089819,-0.06254966230583871,0.24671474829572465,0.9534032974782741,-0.180149918356277,-0.24117032201105254,-0.020125482723790722,0.08313298213381598,-0.12451492425298671,0.24967267507841473,0.7158994651147325,-0.6448494045501241,-0.25347162948272844,-0.08607749036281741,0.050160850747695704,-0.04673281829422664,0.2833774814193009,0.7479341237320982,0.6187533713799587,-0.17784004053070593,0.16159124959932158,0.054776689637033325,-0.09355374935740256,0.27119235504634065,0.3638049977650844,0.9184630139304416,-0.03966122744558388,0.14999534219590327,0.0843623844967945,-0.11039829053541443,0.2439868152213829,0.7158994651147325,-0.6448494045501241,-0.25347162948272844,-0.08607749036281741,0.10484978472602212,-0.03192108055476662,0.30609468977446,0.8336809028516348,-0.38400803738718836,-0.19879679982106105,-0.34350227338902434,0.10272560159937234,-0.07442468979729272,0.2743895711750427,0.8183857703229592,-0.45388533286046345,-0.14432714256245566,-0.3215626089376678,0.10547283283098387,-0.12050269908552026,0.26268857666200846,0.722580624759948,-0.5465732738264667,-0.27998315799607804,-0.317402470530216,0.10450913200770022,-0.04764395099116295,0.2918958339766924,0.8378442479626721,-0.3757849635229407,-0.15402515679875992,-0.3647998470655435,0.10404745608572624,-0.013452970633404865,0.31961833095150477,0.8336809028516348,-0.38400803738718836,-0.19879679982106105,-0.34350227338902434,0.05966974604001782,-0.07251498834845875,0.29970382916196225,0.45230963935810903,0.8489645886320722,-0.22458480419050672,0.15568167239346348,0.08753272440679878,-0.06612350093524991,0.2595710574139371,0.9398115330480548,-0.20677156548834008,-0.25047668695006103,-0.10611894906135952,0.09973182799944566,-0.12095043190047841,0.25563604528308753,0.7158994651147325,-0.6448494045501241,-0.25347162948272844,-0.08607749036281741,0.07016657302784857,-0.048151766156484095,0.2916665209302207,0.8002852336724205,0.5255380754656008,-0.28076217888000476,0.06727462309328927,0.06057520495149017,-0.09466363406939615,0.28723858600797436,0.45230963935810903,0.8489645886320722,-0.22458480419050672,0.15568167239346348,0.01387170270392455,-0.08019647866520141,0.26474548110174767,0.7081141588245441,-0.38371462704702747,0.23327125529041504,0.544905445483529,0.05503490550125014,-0.13049057401727196,0.24791052739871972,0.45602604924457624,-0.6577530290866008,0.008382549893187739,0.5994421806939121,0.02854939532496372,-0.10980433375142085,0.2524747457726922,0.64438068788578,-0.5586048223384638,0.11794126101893405,0.5087475213593933,0.010809362068634455,-0.059201907919791706,0.2792175860298303,0.7081141588245441,-0.38371462704702747,0.23327125529041504,0.544905445483529,1347,0.09829719055813071,-0.15824791847850642,0.2412589010473988,0.7158994651147325,-0.6448494045501241,-0.25347162948272844,-0.08607749036281741,Static,Right
I,35,120,120,121,0.0,0.0,0.0,-1.0,1.7347234759768075e-18,1.3552527156068808e-20,5.421010862427523e-20,0.03243492325805493,-0.07805801828335407,0.27915348189825545,0.33270086637142354,0.9194338979685414,0.00909769934637786,0.20944849641064708,0.04853392464121923,-0.06735062317121693,0.2406749830920721,0.9560283098030665,-0.19531034232848424,-0.21412146486072237,0.044896985650716974,0.06661101914244952,-0.12602339279463973,0.2445552717553481,0.7169323086907934,-0.6438231451759827,-0.2529308694328158,-0.08675135606406618,0.0316424418650432,-0.05333663839030781,0.2735914313388467,0.7606735145392454,0.6128153840566728,-0.12146736995591009,0.1762917677544227,0.04171074767830056,-0.09302530364431218,0.2638116762597908,0.33270086637142354,0.9194338979685414,0.00909769934637786,0.20944849641064708,0.04821532776857905,-0.0749083251363885,0.28861415711539445,0.3619419777088771,0.9192317512531719,-0.040182477858929595,0.14965413704047803,0.07037648182198292,-0.0623440195591718,0.24708032485320586,0.9537461757400139,-0.17856520154213043,-0.24092381532337837,-0.020938392238750103,0.08302256264688804,-0.12433206027039437,0.24983372485207547,0.7169323086907934,-0.6438231451759827,-0.2529308694328158,-0.08675135606406618,0.050133558134745196,-0.046640850003851285,0.2838049274584012,0.7468550483587728,0.6201155509553722,-0.1782674182727107,0.16088805980156784,0.054713240736924705,-0.09341073433909118,0.2714356358242135,0.3619419777088771,0.9192317512531719,-0.040182477858929595,0.14965413704047803,0.0842650007036019,-0.11019792282616406,0.24419399441677664,0.7169323086907934,-0.6438231451759827,-0.2529308694328158,-0.08675135606406618,0.10458865146737047,-0.03195498882816494,0.3065528103854681,0.836470112107244,-0.3772763637164496,-0.20182328831713317,-0.3424144524184798,0.10266998609244471,-0.07434097333204366,0.27470806184169694,0.8186604421072072,-0.4535526408729792,-0.1445027072182853,-0.3212538717160699,0.10537011823397928,-0.12038290913837732,0.2628584884053365,0.7233463515267384,-0.5455784776597451,-0.279113892254365,-0.31813458723950455,0.10442635213829769,-0.04756849655780204,0.2922319037345489,0.8399898871947608,-0.37099388487106894,-0.15615435948288137,-0.363863082509474,0.1035191533166612,-0.013643141058060887,0.3202701261196109,0.836470112107244,-0.3772763637164496,-0.20182328831713317,-0.3424144524184798,0.05965682040509966,-0.07248805131075525,0.29997402484602403,0.4494163065387525,0.8505178616475932,-0.22467645806383965,0.15545044106518,0.08748205346405377,-0.06597710921800842,0.25992092839543995,0.9400713208376762,-0.2056219975642528,-0.2501096690095047,-0.1069142615563963,0.09962744442479621,-0.1208025292794502,0.2558055232516916,0.7169323086907934,-0.6438231451759827,-0.2529308694328158,-0.08675135606406618,0.07014202062148411,-0.04807486897836163,0.29206988701653014,0.7988180669005327,0.5277493154395143,-0.2808998643650948,0.06682531141783944,0.06059576087321557,-0.0945543786139934,0.28736627214605004,0.4494163065387525,0.8505178616475932,-0.22467645806383965,0.15545044106518,0.013819637882552707,-0.07995934369866542,0.26498848595566143,0.7096910557391886,-0.3819298090335467,0.23327806996667216,0.5441043727521578,0.054917780270516886,-0.13027622101220718,0.2480558852495497,0.45738352918783937,-0.6573623589090036,0.007981342623814848,0.5988416606142132,0.028463919041766494,-0.10955753866612966,0.25265540402137304,0.6455129325469027,-0.5579202975246357,0.1174470763425412,0.5081773113621951,0.01084325520469286,-0.05900172252108007,0.2795334299133314,0.7096910557391886,-0.3819298090335467,0.23327806996667216,0.5441043727521578,1358,0.09815243882322155,-0.15805182525408526,0.24130857609481232,0.7169323086907934,-0.6438231451759827,-0.2529308694328158,-0.08675135606406618,Static,Right
I,35,121,121,122,0.0,0.0,0.0,-1.0,1.6805133673525319e-18,1.3552527156068805e-20,0.0,0.03287875507257342,-0.07759139104187708,0.2786511515265355,0.33700958260668484,0.918359518564385,0.010341159962442944,0.20720375552602946,0.04882845744304921,-0.06733485441105666,0.2400041466020414,0.955416255283275,-0.20068148754729923,-0.21171377305803085,0.04565082686895922,0.06685687621280707,-0.12598970207385013,0.24436954043498949,0.7143173750565412,-0.6476209991388019,-0.25138834340534644,-0.0845081650889912,0.03209849584210096,-0.05292776092631029,0.2728344134324004,0.7642510364100381,0.6091138002228064,-0.11938892187721979,0.17506289457594568,0.04207215989187238,-0.09270808450883818,0.263407026249747,0.33700958260668484,0.918359518564385,0.010341159962442944,0.20720375552602946,0.04872170536718212,-0.07442013527728608,0.2880025170331397,0.3661348288348781,0.9179433452460061,-0.038995895876406464,0.1476638823051283,0.07070611209728844,-0.06229180801734237,0.24626482850585113,0.9533619877033152,-0.1834872278078093,-0.23882605712351354,-0.019886479643853528,0.08329263064695339,-0.12426659296901853,0.24955988389118652,0.7143173750565412,-0.6476209991388019,-0.25138834340534644,-0.0845081650889912,0.05064164594340597,-0.04620020111719285,0.28292050511031136,0.750206964856504,0.616892888616886,-0.1761209935983338,0.16004396105021415,0.05513196256482602,-0.09307769231162259,0.270958453281483,0.3661348288348781,0.9179433452460061,-0.038995895876406464,0.1476638823051283,0.08452702882945967,-0.11018735069853344,0.2437805416953989,0.7143173750565412,-0.6476209991388019,-0.25138834340534644,-0.0845081650889912,0.10501823190616486,-0.03134467164649033,0.3052382885168187,0.8365230581227375,-0.3783045367255453,-0.20459875475687897,-0.3394910901243042,0.10310721053884897,-0.07405819244898895,0.2738638573508488,0.8159951355039676,-0.4596826775792695,-0.1448082256615142,-0.31917761912167186,0.10570381198150858,-0.12021560266542995,0.26244888888575135,0.7211324888576783,-0.549937090610757,-0.2787335716697015,-0.31598216074449176,0.1049376278434434,-0.04705520138086229,0.2910232967317178,0.8395800171207498,-0.3734107170972938,-0.15845366230263735,-0.3613340118384762,0.10380523175846362,-0.012974246710451887,0.31886513434815666,0.8365230581227375,-0.3783045367255453,-0.20459875475687897,-0.3394910901243042,0.06024679663171098,-0.07187387456049579,0.2992339741828782,0.45298424834863116,0.8491897364931458,-0.22287381503484943,0.15494942644146467,0.08786298987149462,-0.06581935360969265,0.259063673810598,0.9393549572782908,-0.21141677392791297,-0.24848340256494011,-0.1056939477376276,0.09992923169006347,-0.12069674354685207,0.25542558639263035,0.7143173750565412,-0.6476209991388019,-0.25138834340534644,-0.0845081650889912,0.07069139783388458,-0.047526468358618366,0.2910822252313747,0.8015817867667658,0.5245273226890513,-0.2789781950342619,0.0671482953758344,0.06115984543008807,-0.09403529253986127,0.2867910421716663,0.45298424834863116,0.8491897364931458,-0.22287381503484943,0.15494942644146467,0.014205564975939913,-0.07965661012955799,0.264542653529411,0.7082556801890023,-0.3833983063743128,0.2382321722685708,0.542793756638302,0.05517348724240535,-0.13019574645183715,0.24795865618356838,0.4544867633837726,-0.6585020543283515,0.012265745791369846,0.5997219170869654,0.028763748969076745,-0.10939665325218803,0.25245022466312944,0.6428431921309489,-0.5600951257322175,0.12156490037976958,0.5082008022992096,0.011373893451755695,-0.05855697422197495,0.27890968004663286,0.7082556801890023,-0.3833983063743128,0.2382321722685708,0.542793756638302,1369,0.09834794556163089,-0.15808289337972475,0.24129625488494663,0.7143173750565412,-0.6476209991388019,-0.25138834340534644,-0.0845081650889912,Static,Right
I,35,122,122,123,0.0,0.0,0.0,-1.0,0.0,0.0,0.0,0.0332414297749936,-0.07706528194770372,0.27818591022881645,0.3410305849045964,0.9172980550568248,0.011505240457995121,0.2052560542118042,0.04906383862753594,-0.0672570584960511,0.2393943921891026,0.954707091536379,-0.20603349215118164,-0.20961733073569466,0.046315700765285794,0.06704069190014048,-0.12589081149498854,0.24423504717317637,0.71170957509403,-0.6512627950473582,-0.2500403371588549,-0.08249898363049224,0.0324741533715025,-0.052460658212067204,0.2721221789725358,0.7676588838286901,0.6054696669041594,-0.11755206704930828,0.17403399688075644,0.0423636714040686,-0.09232044765362628,0.2630369639636265,0.3410305849045964,0.9172980550568248,0.011505240457995121,0.2052560542118042,0.04914054775373503,-0.07387686416951345,0.2874408721179752,0.3701699174745932,0.9166423678553529,-0.037917134948021076,0.1459564747680567,0.07096993153837619,-0.06218130729591133,0.24552383752582893,0.9528847745134243,-0.18834897465273656,-0.23701761862762394,-0.018918739594738804,0.08349727249484803,-0.12413959115018434,0.2493468594187345,0.71170957509403,-0.6512627950473582,-0.2500403371588549,-0.08249898363049224,0.05106302182293672,-0.04570670004211532,0.28209430270491176,0.7534070210726238,0.6136992553619235,-0.17420979064438094,0.15938015375302117,0.055475280280540745,-0.09268287717628755,0.2705323737930835,0.3701699174745932,0.9166423678553529,-0.037917134948021076,0.1459564747680567,0.08472784446105255,-0.11011368957552078,0.24343528706834908,0.71170957509403,-0.6512627950473582,-0.2500403371588549,-0.08249898363049224,0.1053659686300703,-0.03068678483093197,0.30400218994011724,0.8363447354984072,-0.3796740545430355,-0.20731293921667984,-0.33674388033681163,0.10346423516989894,-0.07372581226850389,0.2731084133326126,0.8132290121214049,-0.4657402013613688,-0.1452403336966079,-0.31725365899799124,0.10596403021435562,-0.119991649582144,0.26211499214521683,0.7189013195523231,-0.5540713200520915,-0.27851184559854736,-0.3140334646227252,0.10536443055808864,-0.046498442720253566,0.2898991779063214,0.8390290508762228,-0.3759368247769813,-0.1607977567285663,-0.3589510231123557,0.10402068616183124,-0.012251682013703297,0.31752812906458683,0.8363447354984072,-0.3796740545430355,-0.20731293921667984,-0.33674388033681163,0.06074278131502879,-0.07120123526280453,0.2985511018790005,0.4565058226669028,0.8477827037200274,-0.2212165084018363,0.15469381873518692,0.0881731762005121,-0.06560894180319071,0.2582892459321119,0.9385081733356931,-0.21724939167419866,-0.24713040268451936,-0.10455464823850938,0.10016186838592525,-0.12053183933632403,0.25511953060603415,0.71170957509403,-0.6512627950473582,-0.2500403371588549,-0.08249898363049224,0.07115116760106183,-0.046919380641265294,0.29015889525266264,0.8042429271769589,0.5212737605124421,-0.2772965661049211,0.0676283602749089,0.061636865645713676,-0.09345637521956567,0.28627584156752034,0.4565058226669028,0.8477827037200274,-0.2212165084018363,0.15469381873518692,0.014512379786904537,-0.07930884803515685,0.2641390078031963,0.7069003247624406,-0.3848623453684603,0.24284073559304364,0.5414806396399353,0.05536594386702527,-0.13005136398972755,0.2479026237983874,0.45167061797165087,-0.6596787656047295,0.016240929639232262,0.600461332040441,0.02899466099476071,-0.10917950876841992,0.25228194592535835,0.6402820406696988,-0.5622323447344929,0.12537294635019972,0.5081489183828601,0.011814483577003987,-0.05807479386440403,0.2783330699601032,0.7069003247624406,-0.3848623453684603,0.24284073559304364,0.5414806396399353,1380,0.09848577210098741,-0.15804707158290426,0.24134675471557668,0.71170957509403,-0.6512627950473582,-0.2500403371588549,-0.08249898363049224,Static,Right
I,35,123,123,124,0.0,0.0,0.0,-1.0,1.7347234759768075e-18,6.93889390390723e-18,0.0,0.03308762375238264,-0.07817179683208032,0.27857753285300074,0.33449117183978705,0.9191779909372334,0.011630640152977427,0.20758662082964147,0.04900658961288666,-0.0678860712968219,0.23997434701108564,0.9553407779482372,-0.20059648603019709,-0.21195877043642375,0.046459954979241526,0.06712715435850462,-0.1265226941434172,0.2442676643119609,0.7146638500197366,-0.6471262107253745,-0.25184841330615904,-0.0839977712939814,0.03224687974964543,-0.05350184912598094,0.27279929569101297,0.7635633441445564,0.6098628033911675,-0.1187548154058328,0.17588540114681062,0.042327279859923586,-0.09318428904872886,0.2632578976595815,0.33449117183978705,0.9191779909372334,0.011630640152977427,0.20758662082964147,0.04894223071664454,-0.07506987933462703,0.2879284390576299,0.36398019005088345,0.9187758061931334,-0.03742499561060757,0.14821878729846208,0.07087593465695567,-0.06281306334988819,0.246237017105686,0.9535233261309487,-0.1824511120001776,-0.2390709276608028,-0.018706945273728553,0.0835561973773419,-0.12477789698248158,0.2494651851971892,0.7146638500197366,-0.6471262107253745,-0.25184841330615904,-0.0839977712939814,0.05076594338955584,-0.046831979058393945,0.28291539865522086,0.7491788874975134,0.618114571462586,-0.17526860021722337,0.1610785176598884,0.055422182805787416,-0.09363224481954793,0.27080739038861945,0.36398019005088345,0.9187758061931334,-0.03742499561060757,0.14821878729846208,0.08477538659615132,-0.11068393639184962,0.24371249517264823,0.7146638500197366,-0.6471262107253745,-0.25184841330615904,-0.0839977712939814,0.10447095059357622,-0.031879507488904224,0.30518165692147925,0.8429006034420937,-0.36307499907932006,-0.21513882186590005,-0.3337819723811616,0.10329929678453205,-0.07454871652456287,0.27382345154197724,0.8151085389416949,-0.46245945256683585,-0.1475961026560065,-0.31614034060315005,0.10596934806133515,-0.1206924170991714,0.26236995441402067,0.7216293436062319,-0.5494275333297928,-0.2790184488831516,-0.31548245790918195,0.10495921896576549,-0.04739911292004878,0.2907663307975822,0.8445663489343204,-0.36326722992472793,-0.1668577294984383,-0.3562346137269548,0.10245663244245887,-0.01384267081449506,0.31915352172782374,0.8429006034420937,-0.36307499907932006,-0.21513882186590005,-0.3337819723811616,0.06054762334141155,-0.07247534235229733,0.2989835672284078,0.4476993174174096,0.8522837187164484,-0.2204012688514428,0.1568472654639585,0.08804017982360193,-0.06632305807506403,0.25903105989475383,0.9392498096141325,-0.21205802845664332,-0.2487679875915673,-0.10466936541576663,0.10019518693906396,-0.12117726796337214,0.2553472822749033,0.7146638500197366,-0.6471262107253745,-0.25184841330615904,-0.0839977712939814,0.0708368121848297,-0.04800033595747659,0.2910161133742607,0.799311833600162,0.5281676397594248,-0.27806474789149493,0.06942285616239639,0.061688132136401216,-0.09449978528545352,0.28631867890783014,0.4476993174174096,0.8522837187164484,-0.2204012688514428,0.1568472654639585,0.014370106493456034,-0.08024475908887758,0.26424279601747847,0.7097799987947738,-0.38228546461387125,0.2388007332956713,0.541335742985162,0.05544589399910952,-0.1307584704092487,0.24783374182680046,0.45409096138452865,-0.6596196856457028,0.011426370293632476,0.5988094080418674,0.029005647098473065,-0.10997751828403866,0.252227811421506,0.6425442434709293,-0.5613364911233227,0.12027732025032128,0.5075151280002682,0.011639647318674985,-0.05915304855224393,0.27864106054254234,0.7097799987947738,-0.38228546461387125,0.2388007332956713,0.541335742985162,1391,0.0986739268407365,-0.15855484220964103,0.24118689262002785,0.7146638500197366,-0.6471262107253745,-0.25184841330615904,-0.0839977712939814,Static,Right
I,35,124,124,125,0.0,0.0,0.0,-1.0,0.0,0.0,0.0,0.03358555566396507,-0.0777797715390625,0.27901345615234036,0.3364162808970374,0.9197925390066017,0.013146953227586015,0.2015761115708568,0.04905773354715324,-0.0677213713741132,0.24017590268056857,0.9561680569229832,-0.20291579763335607,-0.20580643061952994,0.0470270040146547,0.06706939518854538,-0.12638974360831504,0.24449536402489744,0.7147095025995422,-0.6494934619420337,-0.2467282516518338,-0.08045955272866187,0.03273119968278887,-0.05313459821133519,0.2731298117457071,0.7659080620528373,0.6089832828662628,-0.11441981790215397,0.17155846508737055,0.04260656346451121,-0.09287101137693812,0.2636406563612092,0.3364162808970374,0.9197925390066017,0.013146953227586015,0.2015761115708568,0.049571058359948725,-0.07469256359512991,0.28814457851860065,0.3660736647903116,0.9189465717808486,-0.035851879180632075,0.14227407676183898,0.07101583303698014,-0.06268270169791207,0.2461468994724783,0.9545095371116505,-0.18510363897769064,-0.23305869169283983,-0.018216273673321525,0.08356573220877456,-0.12466932147915201,0.2494818828118371,0.7147095025995422,-0.6494934619420337,-0.2467282516518338,-0.08045955272866187,0.05139549678079634,-0.04647925197165686,0.2829926031998193,0.7516919620843309,0.6173423051299867,-0.17102892534847203,0.15683360331494733,0.0558030509717523,-0.09333181114790486,0.2710156179910963,0.3660736647903116,0.9189465717808486,-0.035851879180632075,0.14227407676183898,0.08475210200919675,-0.11060212250494363,0.24365514060742524,0.7147095025995422,-0.6494934619420337,-0.2467282516518338,-0.08045955272866187,0.10523889641157393,-0.03156941939774287,0.3044782353715343,0.8445300266111746,-0.3633034637236208,-0.21322945382139127,-0.330624904418254,0.10374529108485481,-0.07439198332471483,0.27338244286115765,0.8138655522953163,-0.4678879399884972,-0.14331227706947275,-0.31331346865642895,0.10614783807571015,-0.12059140486878024,0.26209339250470765,0.7217302409844962,-0.553275591313171,-0.274481158096549,-0.3124926769629958,0.10566495069665198,-0.04710799843554852,0.29008041799416673,0.845508976731372,-0.36497217237366064,-0.1644252697043835,-0.3533754580360102,0.10322391802676768,-0.013552533237383643,0.3184760077369295,0.8445300266111746,-0.3633034637236208,-0.21322945382139127,-0.330624904418254,0.061351507215269774,-0.07204839386209172,0.2989882172616633,0.44999394341765586,0.8525807722769606,-0.2179834779071798,0.15196934227185102,0.08832745434897875,-0.06618607257529724,0.2587442111319335,0.9399411598796615,-0.21599265318186878,-0.24295082935252474,-0.10408018184291257,0.10028595070066049,-0.12108908663374318,0.2551441491456752,0.7147095025995422,-0.6494934619420337,-0.2467282516518338,-0.08045955272866187,0.07157808440268258,-0.047611999781058637,0.2908241423387868,0.8017879617610205,0.5271540878440311,-0.2736046168937369,0.06622043233676012,0.0623268539921137,-0.09410312582845017,0.2863602274946027,0.44999394341765586,0.8525807722769606,-0.2179834779071798,0.15196934227185102,0.014663112155401212,-0.0798884463195638,0.26490079622108403,0.7086226195540827,-0.37954623756910794,0.24529786971369255,0.5418741474894042,0.05542191998103613,-0.13057863198655956,0.24822188256705788,0.45342129490554983,-0.6568869180894681,0.016364841283098,0.602196727107408,0.02909228508684086,-0.109707346544323,0.2528499087475212,0.6410910020135685,-0.559662917371373,0.12583400464031705,0.5098485552914541,0.012212117535588544,-0.05873077781167949,0.27925304861170647,0.7086226195540827,-0.37954623756910794,0.24529786971369255,0.5418741474894042,1403,0.09848936728018874,-0.15852152724296628,0.24116346618487966,0.7147095025995422,-0.6494934619420337,-0.2467282516518338,-0.08045955272866187,Static,Right
I,35,125,125,126,0.0,0.0,0.0,-1.0,1.734723475976807e-18,6.938893903907228e-18,5.421010862427522e-20,0.034019224277502966,-0.07742889179221696,0.2793996371747575,0.3386077635333031,0.9201707139902974,0.01449067732625243,0.19601188703797437,0.04908098524420142,-0.06760205113587833,0.2403411955609787,0.9568416712144885,-0.20530031618355682,-0.20011418221413424,0.047540619255167095,0.06698720782137152,-0.12630001902343999,0.24469420691952465,0.7146952299502256,-0.6517020021208654,-0.24194161047589424,-0.07719770617305048,0.033158055905585584,-0.05281163379311278,0.2734009652683476,0.7682651144647299,0.6078668863310595,-0.11043861302638569,0.16754066715722013,0.04283481313834257,-0.09260798426370713,0.26399364159580874,0.3386077635333031,0.9201707139902974,0.01449067732625243,0.19601188703797437,0.050128791199779824,-0.07434630873406274,0.28831918532846257,0.3683167149930308,0.9189440845587873,-0.034507806652520796,0.13672519223313406,0.07111976707517884,-0.06259808331612805,0.2460409641936062,0.9553224023792316,-0.18788529874882257,-0.22746352341199977,-0.017848460534114124,0.08354511039800339,-0.12460306952946175,0.24948499293829596,0.7146952299502256,-0.6517020021208654,-0.24194161047589424,-0.07719770617305048,0.05195932429116504,-0.046159851891071524,0.2830245140223721,0.7541585968087314,0.6163985783515414,-0.16714578405696068,0.15283942664662106,0.056125523720166284,-0.093070260946942,0.2711971969331638,0.3683167149930308,0.9189440845587873,-0.034507806652520796,0.13672519223313406,0.08470102441262387,-0.11056367736699249,0.24358578955994079,0.7146952299502256,-0.6517020021208654,-0.24194161047589424,-0.07719770617305048,0.10600403380302933,-0.03129420770663151,0.3037613958940479,0.8452246536356687,-0.3655462753104266,-0.21035120226239692,-0.32821270115567125,0.10412745826634207,-0.07428539548012257,0.2729475895228845,0.8125565511131319,-0.4730455318355061,-0.13902813694295788,-0.31088736415583984,0.10627960185229285,-0.12053642204673531,0.26181803155682287,0.7217606458699668,-0.5568625779807637,-0.2702468207154587,-0.309729390292838,0.10631194188172555,-0.04688063437197428,0.28941231353938257,0.8457551678226636,-0.3679085255940709,-0.1613503451823999,-0.3511517891254089,0.10408010681833445,-0.01324615364545801,0.31773158055862977,0.8452246536356687,-0.3655462753104266,-0.21035120226239692,-0.32821270115567125,0.06206452149782979,-0.07164543301002368,0.298978935868485,0.4529149152256109,0.852367178855082,-0.21596262166539007,0.14730382893943494,0.08856503102338059,-0.06609837408307598,0.2584535761397033,0.9404464167421136,-0.22002633696716656,-0.23751734839292193,-0.10360722701687046,0.1003371998222749,-0.12104657368921887,0.25493878869039416,0.7146952299502256,-0.6517020021208654,-0.24194161047589424,-0.07719770617305048,0.07224643994085053,-0.04726165584168432,0.2906032426539238,0.8044188352826361,0.5256201816478882,-0.26954145595055384,0.06309647859447995,0.06286382620946857,-0.09374784709732306,0.28642373513367,0.4529149152256109,0.852367178855082,-0.21596262166539007,0.14730382893943494,0.014913648525958285,-0.07960138160533729,0.26554924179361855,0.7072917109838287,-0.3768879453630854,0.25134220781589445,0.5426978964246977,0.05537321594613036,-0.1304404422573836,0.24857379557886114,0.45282194252629254,-0.6539956528007088,0.020975988719960478,0.6056417937871443,0.02915022946221845,-0.10949179449920649,0.2534473833710729,0.6396677419039568,-0.5578226189983264,0.13107777609656068,0.5123257970421956,0.01271369366005445,-0.05838751655228554,0.2798585479297977,0.7072917109838287,-0.3768879453630854,0.25134220781589445,0.5426978964246977,1414,0.09828228175006892,-0.15852927141785672,0.24113061492627533,0.7146952299502256,-0.6517020021208654,-0.24194161047589424,-0.07719770617305048,Static,Right
I,35,126,126,127,0.0,0.0,0.0,-1.0,0.0,0.0,0.0,0.033624680328124885,-0.07709356059747098,0.2793182551646696,0.3367433824417746,0.920403632954592,0.0154227762142314,0.1980484405379326,0.04877511792168339,-0.06717275124801111,0.2403457166718365,0.9565543800025359,-0.20454080394415594,-0.20202121868939535,0.0485201485889539,0.06682161086804483,-0.1258240649590807,0.24472864460902946,0.714579232045456,-0.6510394909141235,-0.243983420846389,-0.0774350873422326,0.03269891222161725,-0.05246695596426238,0.2733687315154517,0.7671665687422045,0.6085934692161263,-0.11079801084391694,0.16968572663846496,0.04254329130513966,-0.09218832954692453,0.2638900836073112,0.3367433824417746,0.920403632954592,0.0154227762142314,0.1980484405379326,0.04967866825219155,-0.0739248621030494,0.28832057101034914,0.36745245373899055,0.9189987223545856,-0.033666243735998316,0.13887629957823205,0.07078107094494701,-0.062114903820063586,0.24612249569941916,0.9549472928996362,-0.18752637875719794,-0.2294063433509932,-0.016800437023924506,0.08335922145038403,-0.12408681820318927,0.24957448694406745,0.714579232045456,-0.6510394909141235,-0.243983420846389,-0.0774350873422326,0.05144329974712705,-0.04573160127719408,0.2830384479814553,0.7535728351504588,0.6164570796826251,-0.1675589161056087,0.15502470985614789,0.05579616648288725,-0.092606758935378,0.27119602628227923,0.36745245373899055,0.9189987223545856,-0.033666243735998316,0.13887629957823205,0.0844961893444589,-0.1100428666160357,0.24368473535121296,0.714579232045456,-0.6510394909141235,-0.243983420846389,-0.0774350873422326,0.10508668500339918,-0.030855688372448852,0.3040896402872986,0.8481882510128304,-0.3572875200990864,-0.21599314196423752,-0.32598969531207217,0.10372729349044173,-0.07373162904488197,0.2731335972880958,0.8131824644009693,-0.47170869050765285,-0.14203438760926054,-0.30992164110752934,0.10603845206311176,-0.11996930797637367,0.2619846621783977,0.7218736448039627,-0.5557673662674232,-0.2721066935572014,-0.30980481411847316,0.10569437093059336,-0.04632579986966723,0.2896252860301077,0.8481644369002821,-0.3620841907983896,-0.16600147205509866,-0.3492214741779824,0.10275292251202214,-0.012997511245755558,0.31824147855465795,0.8481882510128304,-0.3572875200990864,-0.21599314196423752,-0.32598969531207217,0.06159712618411989,-0.07122496087774563,0.298966376376711,0.450554560971389,0.8534137424012539,-0.21501057085844288,0.14985334927085125,0.08819266831118014,-0.06557598348959912,0.25859190068431376,0.9401627049203962,-0.2195840995592384,-0.2394789717941342,-0.1025998711789982,0.100121527881447,-0.1204912882515175,0.25508514003401755,0.714579232045456,-0.6510394909141235,-0.243983420846389,-0.0774350873422326,0.07170790385947684,-0.04678129213526042,0.2906809724513035,0.8032117148194914,0.5268975928595439,-0.27006456998676587,0.06553621787541418,0.06256060557689722,-0.09327776056127321,0.286335886141653,0.450554560971389,0.8534137424012539,-0.21501057085844288,0.14985334927085125,0.014598561489050161,-0.07924969108119696,0.2654502439064339,0.7076429642508347,-0.37709678586156015,0.25021442071430083,0.5426160639953258,0.05520550774377518,-0.129996528503386,0.24857174585382857,0.45231415626019683,-0.6549119688811943,0.019388129568388843,0.6050837276729754,0.028921172449791255,-0.10910753125969759,0.2533678828729946,0.6396149591115294,-0.5584350533224233,0.12951224374054515,0.5121226161993125,0.01236076426265379,-0.05805318501327303,0.2797793377747145,0.7076429642508347,-0.37709678586156015,0.25021442071430083,0.5426160639953258,1425,0.09821130774397083,-0.1579708294120078,0.2412469750030068,0.714579232045456,-0.6510394909141235,-0.243983420846389,-0.0774350873422326,Static,Right
I,35,127,127,128,0.0,0.0,0.0,-1.0,0.0,0.0,0.0,0.034014639612685124,-0.07712734980185608,0.27894764148413465,0.3359609511237705,0.9213854291622371,0.01552396721487027,0.1947771462195796,0.04893907324136659,-0.06723129684041937,0.23989434389420605,0.957260375354703,-0.2045200146321549,-0.19879781024102727,0.04799550014333667,0.06688049807520924,-0.1259252903511134,0.24415445958491055,0.7152757604890445,-0.6515137650829097,-0.24103829582938024,-0.07622952386036864,0.03310478791334194,-0.05249523866440996,0.27302069684142866,0.7674964951220354,0.6092565949426845,-0.10910964001829623,0.16688504411514896,0.04280626012531323,-0.09220703034037249,0.2634324162966541,0.3359609511237705,0.9213854291622371,0.01552396721487027,0.1947771462195796,0.05014164203811618,-0.07406057581221441,0.2878401342205161,0.3665878153695795,0.9198270388811893,-0.03306179667637283,0.13578847434945351,0.07099166161766096,-0.062222115377907644,0.2455351962217675,0.9557604377062097,-0.18712799974222613,-0.22631227242303606,-0.016966224648684372,0.08345081105287058,-0.12422563197188714,0.24889982745434633,0.7152757604890445,-0.6515137650829097,-0.24103829582938024,-0.07622952386036864,0.05190489495983285,-0.0458617563604405,0.28259114863658474,0.7536898566087937,0.6174366698572394,-0.1656787181793927,0.15255858252832422,0.05613574123606256,-0.09270916608956274,0.2706355580422789,0.3665878153695795,0.9198270388811893,-0.03306179667637283,0.13578847434945351,0.08458459872439361,-0.11018067873830613,0.24300838831077315,0.7152757604890445,-0.6515137650829097,-0.24103829582938024,-0.07622952386036864,0.10563636590857739,-0.03105257232621789,0.3032784035759127,0.8494429643458546,-0.35601022505278734,-0.21454795814984912,-0.3250731358247272,0.10407982508900697,-0.07391588508488765,0.2723413266611577,0.8129560288120397,-0.4734906632179727,-0.1392087048472023,-0.30907931596651245,0.10621808465552922,-0.1201572503402169,0.26117358945304797,0.7223926418654372,-0.5569929990107569,-0.269233673486508,-0.3089027340323123,0.10620569030823351,-0.04648835769749973,0.28877628794750604,0.8490384764706378,-0.36164192499692294,-0.16422598482443024,-0.3483943304150976,0.10330921563540708,-0.013249732187058317,0.3175009500281349,0.8494429643458546,-0.35601022505278734,-0.21454795814984912,-0.3250731358247272,0.06214861253163492,-0.07139635655510274,0.29835569798656336,0.44908005665715045,0.8549267796427488,-0.21391748761625065,0.14719583096827435,0.088473193858334,-0.0657235719608835,0.2578965690547438,0.9408806526646757,-0.21975643701479555,-0.23638573321027617,-0.10282261894396687,0.10025757251032498,-0.12066560719253225,0.2543103434078026,0.7152757604890445,-0.6515137650829097,-0.24103829582938024,-0.07622952386036864,0.07221658438792346,-0.04692452316026958,0.2900999255214025,0.8030460435912063,0.528461058729584,-0.26797001871542997,0.0635454982557358,0.06305748820859351,-0.09338853494500723,0.28561726614938443,0.44908005665715045,0.8549267796427488,-0.21391748761625065,0.14719583096827435,0.014880079610613637,-0.07922443874996074,0.2651366634785456,0.707919539780782,-0.37494329013941413,0.25300245666704346,0.5424548011553014,0.055278224688241354,-0.13007412326799866,0.24806237471728318,0.4529056466907076,-0.6533656273387192,0.021454423326298877,0.6062421462812446,0.02907029263232683,-0.10911993339156138,0.25299081544177066,0.6397860341423409,-0.5570635943717642,0.1319053037394553,0.5127913544390428,0.012806821299862586,-0.05802189731818177,0.2794823683343759,0.707919539780782,-0.37494329013941413,0.25300245666704346,0.5424548011553014,1436,0.09817753583112629,-0.1581392420987046,0.24048158039977874,0.7152757604890445,-0.6515137650829097,-0.24103829582938024,-0.07622952386036864,Static,Right
I,35,128,128,129,0.0,0.0,0.0,-1.0,0.0,0.0,0.0,0.03442564064706119,-0.07716003733485348,0.2785860123579851,0.33529678541143376,0.9222954676361558,0.01562658359227907,0.19158012933443067,0.049133052208232664,-0.06729383471514667,0.23944977904360998,0.9579240511442919,-0.2045657995337396,-0.19564737301455454,0.04750211924676099,0.06698041251807701,-0.12602689458485117,0.24358925598065095,0.7159385895411324,-0.6519648609570746,-0.23822867373255663,-0.07497236220570605,0.03353443518968746,-0.05252286919414979,0.2726726411672482,0.7679041985471685,0.6097779180566311,-0.10746079644173492,0.16415300707650668,0.04309244481223899,-0.09222791330410077,0.2629893978427181,0.33529678541143376,0.9222954676361558,0.01562658359227907,0.19158012933443067,0.050633264556621885,-0.07422974951600472,0.2873564526265773,0.36546805186848763,0.9207313307879286,-0.03229940543420126,0.13282946953722083,0.07122849182103368,-0.06232835930758903,0.24495700514156568,0.9566081533130686,-0.18640450055750216,-0.22330749363612692,-0.01696957491571892,0.08358096225180159,-0.12436062473568102,0.24823834345325071,0.7159385895411324,-0.6519648609570746,-0.23822867373255663,-0.07497236220570605,0.05238098169608074,-0.04602029158130593,0.2821575750716725,0.7535706542666241,0.6186644274276533,-0.16372522967663464,0.1502652469173076,0.05651242206765508,-0.0928336605184598,0.27006538440124206,0.36546805186848763,0.9207313307879286,-0.03229940543420126,0.13282946953722083,0.08471103631979057,-0.11031365985553122,0.24234625560116527,0.7159385895411324,-0.6519648609570746,-0.23822867373255663,-0.07497236220570605,0.10626766114522052,-0.031207169847834604,0.302441996962745,0.8500751372423027,-0.3563411668606096,-0.21237917820302787,-0.3244816150550075,0.1044541282313461,-0.07408920177092979,0.2715621921298619,0.8125638209429924,-0.47551738330614446,-0.1361945742472781,-0.3083411957779962,0.10643474973270133,-0.12033412244938768,0.2603799502297998,0.7229091612114146,-0.5581750393924141,-0.26649082819949305,-0.30793766986426696,0.10675846287404278,-0.04663372641591021,0.28792692689350485,0.8494554855769845,-0.36223976462842555,-0.1619600201798236,-0.3478170248973788,0.10401119138334432,-0.013419773684064482,0.31669361342989827,0.8500751372423027,-0.3563411668606096,-0.21237917820302787,-0.3244816150550075,0.06272031132200237,-0.07159062275831751,0.29774568943436847,0.4473686362477926,0.8565506953111903,-0.21276130764929396,0.14461962394872058,0.08877678978412297,-0.06586491511431637,0.25721259111794964,0.9416428108885407,-0.2196449023443266,-0.2333778586444633,-0.10295488657953086,0.10043040301605852,-0.12082993727836125,0.25355321410177273,0.7159385895411324,-0.6519648609570746,-0.23822867373255663,-0.07497236220570605,0.07273793232557799,-0.047083704773091095,0.28953412653233135,0.8026901054468328,0.5302857187658996,-0.26586131312306893,0.06167181913291689,0.06358114921925415,-0.09351731657348943,0.2848895132746251,0.4473686362477926,0.8565506953111903,-0.21276130764929396,0.14461962394872058,0.015173469994869338,-0.07921615106675874,0.2647980914668444,0.7080782416539286,-0.37310325225936225,0.2555272975490257,0.5423328932095665,0.055392183536785114,-0.13015565698954246,0.2475579422976523,0.4533630469881698,-0.6519821992539866,0.023345735077599954,0.6073188093046551,0.02925115620604116,-0.10914476519281249,0.2526023166889323,0.6398116580939667,-0.5559341109094849,0.13402856521477546,0.5134341731914606,0.013244722554488421,-0.05800726234860982,0.27915289601627674,0.7080782416539286,-0.37310325225936225,0.2555272975490257,0.5423328932095665,1447,0.0981934954330695,-0.15829894485937965,0.2397365022874967,0.7159385895411324,-0.6519648609570746,-0.23822867373255663,-0.07497236220570605,Static,Right
I,35,129,129,130,0.0,0.0,0.0,-1.0,0.0,0.0,0.0,0.03484132746431594,-0.07712091470427282,0.2782604478715949,0.33489926825346283,0.9230902949459306,0.01568861658378394,0.18841617449045367,0.04933692865050739,-0.06730392903891047,0.23903669201246078,0.9585197513019387,-0.20484905136453102,-0.19253236546317234,0.04698979429915637,0.06709185967610223,-0.1260753005915526,0.24308050359284653,0.7164514274936151,-0.6525433720999283,-0.2354856946669207,-0.07369523171856823,0.0339732498118779,-0.0524841046340344,0.2723463551472343,0.7684897655660243,0.6100456789166405,-0.10586309310815098,0.16143343945102298,0.04338369205089768,-0.09218767046710934,0.26259317510148755,0.33489926825346283,0.9230902949459306,0.01568861658378394,0.18841617449045367,0.05113267788322533,-0.07435148341753336,0.2869009911922623,0.3643268567992654,0.9216227806756092,-0.031473988188577724,0.12994914244438407,0.07147511987253438,-0.062380316394667935,0.24441143079182687,0.9574435722178646,-0.18562411045431518,-0.2203637439851879,-0.01689129875319496,0.08372154250735359,-0.1244396959374886,0.24763403182352528,0.7164514274936151,-0.6525433720999283,-0.2354856946669207,-0.07369523171856823,0.05286071777432927,-0.046130554933997155,0.28175537221473557,0.7533924742693899,0.6199297503491066,-0.1617462737065527,0.1480710210959118,0.056902024245078314,-0.09290983782720906,0.26952313202716804,0.3643268567992654,0.9216227806756092,-0.031473988188577724,0.12994914244438407,0.08484833386543966,-0.11039309566058883,0.2417381095126107,0.7164514274936151,-0.6525433720999283,-0.2354856946669207,-0.07369523171856823,0.10695295792272239,-0.03126466304918362,0.3016018244971363,0.8501696305135075,-0.35798428827702833,-0.2097349671408672,-0.3241451715786231,0.10483511855077615,-0.07419573517895361,0.2708235278713785,0.8119337006889196,-0.4778788594247407,-0.133066563324723,-0.3077153735604584,0.10665843694074967,-0.12044972582988357,0.2596465601290763,0.7232953022540367,-0.559472818064945,-0.2638607453416417,-0.3069390471273799,0.10733459109038165,-0.046704498327475356,0.28709709393415916,0.849451319882403,-0.3637369201427142,-0.15938862609716173,-0.34745240529602833,0.10481380260996975,-0.013456203826867952,0.3158457437848547,0.8501696305135075,-0.35798428827702833,-0.2097349671408672,-0.3241451715786231,0.06329550518794674,-0.07172930260209522,0.2971650218686911,0.4456442220482291,0.8581531748878966,-0.21160932887641734,0.14211209560527976,0.08908876585671073,-0.06594749118223289,0.2565641588879817,0.9423858135846227,-0.21951282881226766,-0.23043987226957877,-0.10305610903612289,0.10061341685620631,-0.12093542226375548,0.25285563617488627,0.7164514274936151,-0.6525433720999283,-0.2354856946669207,-0.07369523171856823,0.07326162227561465,-0.047185335695511574,0.28900101215021207,0.8022885388146525,0.5321346694613891,-0.2637828512530138,0.05986987079239995,0.0641112111931411,-0.09358847261763822,0.28419233938029725,0.4456442220482291,0.8581531748878966,-0.21160932887641734,0.14211209560527976,0.015463953279529919,-0.07915235670267602,0.2644712360699758,0.7081272936398236,-0.37160413285308086,0.2579791611672316,0.5421373044278547,0.05551587923850229,-0.1301849204242672,0.2471066333397452,0.45365331098046824,-0.6508024482766503,0.0252615378798169,0.6082899813884189,0.0294411814650876,-0.10911677963902114,0.2522496873816677,0.6396720536230579,-0.5550893864300419,0.1360830118511424,0.5139813720086568,0.013667482445536835,-0.05792802426286249,0.2788230975181256,0.7081272936398236,-0.37160413285308086,0.2579791611672316,0.5421373044278547,1458,0.09822146237398877,-0.1584058594809583,0.23906578445317941,0.7164514274936151,-0.6525433720999283,-0.2354856946669207,-0.07369523171856823,Static,Right
I,35,130,130,131,0.0,0.0,0.0,-1.0,0.0,0.0,0.0,0.034085759191678215,-0.07722304124771058,0.27892834267026595,0.33212900989895094,0.9234855227212961,0.01556210945924274,0.1913704022488738,0.048760449756183114,-0.0671182599356127,0.2398289008267983,0.9585824684126336,-0.2016570106192134,-0.19548552682944084,0.04732346268269873,0.06664233511170564,-0.12586281501927934,0.24365994065353005,0.7176490195605414,-0.6501317836946792,-0.23802604475684033,-0.07518078591756815,0.0331775842185485,-0.05255427720423655,0.2731508882320564,0.7662283285515886,0.6119650013262921,-0.10748113676336347,0.16383159315835724,0.04275269643293472,-0.09217848640799786,0.2632232986425098,0.33212900989895094,0.9234855227212961,0.01556210945924274,0.1913704022488738,0.05030194872024757,-0.07435459815861994,0.28768786345728203,0.36214886073972885,0.9220734076406008,-0.03184039010854147,0.13272160014369483,0.07085666668557694,-0.06216838041921309,0.24534902720055982,0.95724318665589,-0.18335781610461804,-0.22311240275198277,-0.01691888331005022,0.08324292878162959,-0.12421138031164941,0.24830971776781374,0.7176490195605414,-0.6501317836946792,-0.23802604475684033,-0.07518078591756815,0.052007336010687105,-0.04611136709396381,0.2826583239934696,0.7516445080432141,0.6210896061575507,-0.16352991707145798,0.15012062108229896,0.0562007104368399,-0.09282730269352142,0.2702630968483115,0.36214886073972885,0.9220734076406008,-0.03184039010854147,0.13272160014369483,0.0843642222052263,-0.11013208727956864,0.24249157272192504,0.7176490195605414,-0.6501317836946792,-0.23802604475684033,-0.07518078591756815,0.1059404138345897,-0.031282561947218776,0.3029235594808933,0.8510649366473554,-0.35440686648970016,-0.2115063765117524,-0.3245755679179407,0.10410369818071136,-0.07404217710981534,0.2718759486750126,0.8135892087210659,-0.4740617369716748,-0.13521900464933218,-0.30830810851106816,0.10610319880526049,-0.12022983586644162,0.26046245027032183,0.7244592261437758,-0.5563822084770214,-0.26567946610841914,-0.30824031052693174,0.10641997796709429,-0.04665095452524362,0.2883464596043565,0.8502850454244174,-0.36070189759687293,-0.1608911791908706,-0.3478843357441992,0.10367958721380743,-0.013561834188580821,0.3172586838506015,0.8510649366473554,-0.35440686648970016,-0.2115063765117524,-0.3245755679179407,0.062392295712535566,-0.07171658922210555,0.2980770168615273,0.4442995081942714,0.8582741412801184,-0.21262449749105788,0.14406341830901848,0.08841347627395042,-0.06575645523558948,0.2575768972190742,0.9423132347420363,-0.21712947090189388,-0.23286645187964158,-0.1033139684885359,0.10009664511554195,-0.12069513696239244,0.2536367124594595,0.7176490195605414,-0.6501317836946792,-0.23802604475684033,-0.07518078591756815,0.07238672633791465,-0.04715328076981568,0.2900076681671069,0.8011392761869864,0.532802703148053,-0.2656457541609031,0.06106941104189827,0.06327931027871746,-0.09355091483773159,0.28506733623246505,0.4442995081942714,0.8582741412801184,-0.21262449749105788,0.14406341830901848,0.014859117552230836,-0.07915257333180879,0.26506419699861694,0.7096894735802424,-0.37049164859469674,0.25495388448153206,0.5422871067974603,0.05505680883986391,-0.13002085645839953,0.2476079980739615,0.4547631359087325,-0.6512219695581272,0.02184673030712006,0.6071434401837652,0.028910742697905,-0.10903376199645075,0.25272501794352864,0.6413764757239644,-0.5543265795198624,0.1330191324694347,0.5134823950466032,0.013004105582410785,-0.05801741170364539,0.27953845734390687,0.7096894735802424,-0.37049164859469674,0.25495388448153206,0.5422871067974603,1469,0.09787278919742666,-0.15809677723051013,0.2396342204987479,0.7176490195605414,-0.6501317836946792,-0.23802604475684033,-0.07518078591756815,Static,Right
I,35,131,131,132,0.0,0.0,0.0,-1.0,0.0,0.0,-1.734723475976807e-18,0.0334327539324428,-0.0772905604832375,0.279505903203635,0.3296541109425407,0.9238476267632062,0.015490927750514564,0.19389110557243985,0.048256556697863454,-0.06692076637865393,0.24051462348880065,0.9586693722683394,-0.19868777451227987,-0.19799941591522716,0.047670055917887796,0.06625607041169834,-0.1256411864120685,0.2441466163528955,0.7187731738334958,-0.6479387306806166,-0.24020933209159734,-0.07641990995430005,0.032487622587297066,-0.052595444901478064,0.2738514640498403,0.7641929604744198,0.6137136956771776,-0.10882249199575357,0.16589841510827227,0.04220699999557937,-0.09214823809798921,0.2637668971702276,0.3296541109425407,0.9238476267632062,0.015490927750514564,0.19389110557243985,0.049582129999840185,-0.07432680311153546,0.28836811905947235,0.36021043265487984,0.9224812290680611,-0.032142372174991524,0.13506921978981032,0.07031535740782965,-0.061947537432310906,0.24615867443517328,0.957087063209574,-0.18131273935226122,-0.22544018246713912,-0.01693422908298154,0.08283277851025753,-0.12397411490670744,0.24887791619661462,0.7187731738334958,-0.6479387306806166,-0.24020933209159734,-0.07641990995430005,0.05126767165315979,-0.046064718351465375,0.28344137040041273,0.7501064747129844,0.6221281425476552,-0.16504076953414942,0.15184991022532493,0.055592195853823176,-0.09272345488499482,0.2709007477072379,0.36021043265487984,0.9224812290680611,-0.032142372174991524,0.13506921978981032,0.08394609538152824,-0.10986653120038758,0.24312910688395506,0.7187731738334958,-0.6479387306806166,-0.24020933209159734,-0.07641990995430005,0.10508001251171506,-0.03127088487854609,0.30406417776260747,0.8517368286333287,-0.3516483929864766,-0.21269714267534082,-0.32503493344164414,0.10346969500360256,-0.07387583268534588,0.2727788405117014,0.8151110302206143,-0.47060298603527356,-0.13695557078502724,-0.30882035162586086,0.10562616365656405,-0.12000254252723028,0.26114965390594924,0.7255568162467566,-0.5536129431124447,-0.2672042365827715,-0.3093249287860029,0.1056294737441066,-0.04658028032104631,0.2894277049450448,0.8509248186382172,-0.35830918396193423,-0.16188875133632255,-0.34832960526607043,0.10273480452349258,-0.013619541039080913,0.31847151024134734,0.8517368286333287,-0.3516483929864766,-0.21269714267534082,-0.32503493344164414,0.06160672006825493,-0.07167013582372808,0.29887294812083626,0.44332217492654813,0.8582842331234487,-0.21356583759299932,0.14561338332477947,0.08782595492807642,-0.0655553954909973,0.25844871872770125,0.942271686824605,-0.2150072108204372,-0.23488609471267016,-0.10355911362386183,0.09965150802033236,-0.12044820131668281,0.2542946522085148,0.7187731738334958,-0.6479387306806166,-0.24020933209159734,-0.07641990995430005,0.0716312204289526,-0.04709395555002968,0.29087731533330446,0.8002440185575594,0.5332493449321852,-0.2672347332319112,0.061969704265173536,0.06254661146060636,-0.09348707704838391,0.28583819630998497,0.44332217492654813,0.8582842331234487,-0.21356583759299932,0.14561338332477947,0.01434554103616303,-0.07912221428523608,0.26558114833319957,0.7110993874229763,-0.36931401575697176,0.2523629937206113,0.5424552869799482,0.05466352403883302,-0.12984296989778982,0.2480264676557274,0.4557677672161744,-0.6515003383303433,0.01882692070343279,0.6061918826403552,0.028456565022440917,-0.10892761014510254,0.2531272844068774,0.6429455026326449,-0.5534868918080232,0.13039098690467651,0.513099923772333,0.012446346294036799,-0.058068042289955164,0.2801674632867651,0.7110993874229763,-0.36931401575697176,0.2523629937206113,0.5424552869799482,1480,0.09757674767779667,-0.1577855094194443,0.24010053553432578,0.7187731738334958,-0.6479387306806166,-0.24020933209159734,-0.07641990995430005,Static,Right
I,35,132,132,133,0.0,0.0,0.0,-1.0,1.7889335846010823e-18,0.0,5.421010862427522e-20,0.03367335962524323,-0.07695294653223056,0.27921767469763936,0.33166089519369363,0.9230860520477187,0.015419908904773919,0.1941015649695871,0.04854118653867578,-0.06680440227671887,0.2401952490763875,0.9580735238169503,-0.2013599760434428,-0.1982146013190895,0.04754213744322158,0.0665035917342781,-0.12551781149122646,0.24411305101098832,0.7171604156475431,-0.649624242172752,-0.24049871279240861,-0.07635215357090781,0.03275786013960899,-0.052285265782947316,0.27344210986437395,0.7657327131383331,0.6117041697960383,-0.10907102310882241,0.1660570161177831,0.04244900645198615,-0.09188193213915624,0.2635480422667084,0.33166089519369363,0.9230860520477187,0.015419908904773919,0.1941015649695871,0.04982554802527707,-0.07400496997215208,0.28807747870738126,0.361874500836442,0.9217803308639173,-0.03221882294234711,0.13538764613136825,0.07059950278960951,-0.06181863787723545,0.24583602504487248,0.9566048557745009,-0.18341624036831722,-0.22579147886671264,-0.016847573979087784,0.0830775833987834,-0.12383825100691402,0.24885057535229202,0.7171604156475431,-0.649624242172752,-0.24049871279240861,-0.07635215357090781,0.05153234064974194,-0.04576465134193972,0.2830356690519936,0.7513648316280794,0.6204753705576955,-0.16520924696344993,0.15220745396191462,0.05584136325765447,-0.09246609265151988,0.27067992432444493,0.361874500836442,0.9217803308639173,-0.03221882294234711,0.13538764613136825,0.08420405146495602,-0.10975856097852156,0.2430386923183451,0.7171604156475431,-0.649624242172752,-0.24049871279240861,-0.07635215357090781,0.1053089181649804,-0.030918832514852012,0.3036602136069854,0.851096633603893,-0.3525698480146807,-0.21401214479681657,-0.3248504647041348,0.10372293998026307,-0.07364309709624353,0.2725390119724587,0.8140209978463476,-0.47211946794010246,-0.1379152182172002,-0.3089537435301495,0.10586362820644801,-0.11982363736960852,0.26112318751785246,0.7240819680505861,-0.5552231869408889,-0.26805868526628523,-0.30915539374318485,0.1058762928177199,-0.04628101389720347,0.2890791377146115,0.8501580376339603,-0.35959065198999596,-0.163094846884221,-0.34831874047716127,0.10292984001029103,-0.013226944683140812,0.31801033002059076,0.851096633603893,-0.3525698480146807,-0.21401214479681657,-0.3248504647041348,0.06184206762063056,-0.0713073846150604,0.2985850854308788,0.4448340012679904,0.8573556069353057,-0.21368922452572042,0.14629077173253144,0.08809715667945697,-0.06537971819774434,0.2581570061868916,0.9416924110247609,-0.21700321926809674,-0.235400859797797,-0.10349609196541341,0.09989341309616578,-0.12029751125097124,0.25426557152674295,0.7171604156475431,-0.649624242172752,-0.24049871279240861,-0.07635215357090781,0.07188946995454118,-0.046772030428564364,0.29049578284760796,0.801255275874244,0.5314799516169131,-0.2676163021316364,0.06245445337493178,0.06278236661541105,-0.09317309099456622,0.28563103751813534,0.4448340012679904,0.8573556069353057,-0.21368922452572042,0.14629077173253144,0.014601741443988639,-0.07887724745761093,0.26530486693295646,0.7104680805665272,-0.37103788713501096,0.2534036511629425,0.5416203304749473,0.054906009238234646,-0.12969437757144753,0.248002416772268,0.4544542317625939,-0.6527152315070689,0.020174755874769752,0.6058276628028286,0.028705417274847576,-0.10874488229756767,0.25299216852338546,0.6418899876945374,-0.5550349443056293,0.13146992669080954,0.5124735238752016,0.012700879562672934,-0.057757320228962516,0.2797955681570092,0.7104680805665272,-0.37103788713501096,0.2534036511629425,0.5416203304749473,1491,0.09780868560198952,-0.1576985000705036,0.24024036337868904,0.7171604156475431,-0.649624242172752,-0.24049871279240861,-0.07635215357090781,Static,Right
I,35,133,133,134,0.0,0.0,0.0,-1.0,0.0,0.0,0.0,0.03383059791082441,-0.07615834840122188,0.2792380149241757,0.3317241614640118,0.9229620468615116,0.01810892014343895,0.1943507338947963,0.04860481279989744,-0.06604342568925858,0.24018750325092744,0.9577960640584794,-0.202167549595075,-0.19810285502815647,0.050102299293561345,0.06686899756672149,-0.12465373809833653,0.24424404058140922,0.7166184395960156,-0.6499964855001417,-0.2418729421118011,-0.07389222383050482,0.03279058738989547,-0.05150737107249578,0.27341094732074256,0.7660371439309183,0.611252364543482,-0.10699307852984659,0.16766073513160404,0.04266267949431045,-0.09106226447045129,0.26357552924328786,0.3317241614640118,0.9229620468615116,0.01810892014343895,0.1943507338947963,0.049993355100061296,-0.07316777379457856,0.28805290344099044,0.3615299256181243,0.921937865445658,-0.029217675435938124,0.1359154611594188,0.07064291521151622,-0.06093168695347377,0.2457913794265828,0.956626940643831,-0.18357433057986267,-0.22576443643940314,-0.013992170159709036,0.08343923430531575,-0.12287810349960454,0.24895895322097392,0.7166184395960156,-0.6499964855001417,-0.2418729421118011,-0.07389222383050482,0.05153141482737538,-0.04492181935448007,0.28298771992574584,0.7512598050468421,0.6207415054207142,-0.1629304355346082,0.1540855669604047,0.05609855563168159,-0.09159432226853015,0.2706499164903026,0.3615299256181243,0.921937865445658,-0.029217675435938124,0.1359154611594188,0.08448760513780526,-0.10880931676079551,0.2431060275170633,0.7166184395960156,-0.6499964855001417,-0.2418729421118011,-0.07389222383050482,0.10526109802785266,-0.02973404204468734,0.3035410622710798,0.8516197330366123,-0.35310894609020166,-0.21465683833150462,-0.32245983354712365,0.10385358909854686,-0.07251852762064474,0.2724909181552368,0.8145012464551561,-0.4724865071498734,-0.13900479610343644,-0.30662988560241783,0.10621542313029561,-0.11871800041738974,0.26119509386883377,0.7242658190919231,-0.5556545443183333,-0.2694964327669296,-0.30668994668784155,0.10588257638148751,-0.04512234094838423,0.2889906763481414,0.850695299652894,-0.36026858983644894,-0.1637768146044138,-0.34597861974948824,0.10281646540644289,-0.012024523408197546,0.31785949029269434,0.8516197330366123,-0.35310894609020166,-0.21465683833150462,-0.32245983354712365,0.06198385975071265,-0.07036455556888677,0.29857505302184406,0.4454047204659348,0.8575477032846188,-0.2110565655041725,0.1472470635887892,0.08817122433755195,-0.0643723998685156,0.2581040304741191,0.9418846896329437,-0.21727266985533353,-0.23562002225941284,-0.10064304983188019,0.10024177012967835,-0.11923956748601926,0.2543442653334566,0.7166184395960156,-0.6499964855001417,-0.2418729421118011,-0.07389222383050482,0.07189481447308127,-0.04579355044306449,0.29042440828673427,0.8017784110987651,0.5313758928591081,-0.2657509025823484,0.06455615974322165,0.06302824184907202,-0.09225035339040102,0.28566423845620054,0.4454047204659348,0.8575477032846188,-0.2110565655041725,0.1472470635887892,0.014783791094604946,-0.07820321770573757,0.26538117785242427,0.7086431497673618,-0.37205778502599607,0.2538324981226059,0.5431086022023399,0.055297219253845106,-0.12887771348574115,0.24816151867378505,0.45210090339239617,-0.6530275567289137,0.019723590211464838,0.6072649860593109,0.029003091769608053,-0.10803919220761087,0.25312436118424203,0.639944463531249,-0.5557781882131855,0.13135813629403015,0.5141271526884473,0.012815433514514127,-0.0570554744401823,0.279821718465956,0.7086431497673618,-0.37205778502599607,0.2538324981226059,0.5431086022023399,1503,0.09833131539190347,-0.15668796433619253,0.24042060934636625,0.7166184395960156,-0.6499964855001417,-0.2418729421118011,-0.07389222383050482,Static,Right
I,35,134,134,135,0.0,0.0,0.0,-1.0,0.0,6.938893903907228e-18,-1.734723475976807e-18,0.03400228403969979,-0.07559417196843364,0.2792134094729164,0.3313405516855664,0.9230371853510774,0.020547712160746315,0.19440572211955243,0.048677166880020085,-0.06548354723986562,0.24014173099321784,0.9576454912717045,-0.202562679107091,-0.1978395815715691,0.05237340969919624,0.06721389752004966,-0.12399959790726812,0.24429357365268567,0.7163103095346005,-0.6501747296444843,-0.24298648992886426,-0.07162350939612466,0.03284618520681265,-0.05095411819177868,0.273361008480833,0.76608053429608,0.611181400017614,-0.10502750265662489,0.16895897410571148,0.04288004070125513,-0.09045857510584755,0.26354001373278874,0.3313405516855664,0.9230371853510774,0.020547712160746315,0.19440572211955243,0.050182444015087556,-0.07258142342012329,0.2879752510233847,0.36060223146973347,0.9223349286556607,-0.02634809087512637,0.13627211067581735,0.07069833273275697,-0.060259369744116206,0.24570911134479792,0.9567574367996245,-0.18329112309445222,-0.2255879828795166,-0.011385662200235439,0.08378318907984746,-0.12213887174810029,0.2489825015010326,0.7163103095346005,-0.6501747296444843,-0.24298648992886426,-0.07162350939612466,0.05155639608518439,-0.04432494450676493,0.2829205477553368,0.7507975514694764,0.6214724048353782,-0.1607203235615554,0.155705055569303,0.05636892763664076,-0.09095145512060306,0.27054088628808054,0.36060223146973347,0.9223349286556607,-0.02634809087512637,0.13627211067581735,0.08475781175666097,-0.1080787671039945,0.24309812863430885,0.7163103095346005,-0.6501747296444843,-0.24298648992886426,-0.07162350939612466,0.10526423476780618,-0.02882244515413021,0.3034013156086924,0.8520716635010351,-0.35377896830741207,-0.21476964848335578,-0.32045018323018293,0.10399458095480586,-0.07164379914547755,0.272389944362924,0.8151203286785889,-0.47254525636492883,-0.13971354663682314,-0.30456519063752724,0.10655313500583065,-0.11785395095564162,0.2611790192962951,0.7245965977359012,-0.5559206578288284,-0.27061253038304584,-0.3044352987884366,0.10591947162948592,-0.04422951235309346,0.28887199934873947,0.8512041691017119,-0.36089594845705536,-0.1639825520204828,-0.3439699107829003,0.10278528216532652,-0.011096115911583736,0.31769289783668586,0.8520716635010351,-0.35377896830741207,-0.21476964848335578,-0.32045018323018293,0.06214176439945434,-0.06967798254844704,0.2985235362417863,0.4457738670179583,0.8578343583847193,-0.20861767269715145,0.147934241124078,0.08825648718149123,-0.06359642978575185,0.25800563295185874,0.9421698884212347,-0.21717629523679152,-0.2356729242795619,-0.09802362419876103,0.10057256762478188,-0.11841602171001146,0.25433664388509336,0.7163103095346005,-0.6501747296444843,-0.24298648992886426,-0.07162350939612466,0.07192438172935758,-0.04507041357878751,0.2903282454854965,0.802135923186936,0.5315226755636187,-0.26393134927828205,0.06634643142535582,0.06327485393080073,-0.09157644245223057,0.2856409040978361,0.4457738670179583,0.8578343583847193,-0.20861767269715145,0.147934241124078,0.014986645729586464,-0.07771943593735264,0.26541725617856055,0.7071232024881627,-0.3726394234610975,0.25433105610012285,0.544456013364222,0.05566815122089708,-0.12826605239943698,0.24823808800325595,0.4501382677772748,-0.6531296583454985,0.019332820524578808,0.6086242119095588,0.02929509955247384,-0.10752638745176436,0.25319229738043725,0.6383517307645815,-0.5561865683381504,0.1313598529920339,0.5156628336927208,0.01297098322292698,-0.056552912610136175,0.2798236815470429,0.7071232024881627,-0.3726394234610975,0.25433105610012285,0.544456013364222,1514,0.09881729078056498,-0.1558981644638728,0.2404871459238198,0.7163103095346005,-0.6501747296444843,-0.24298648992886426,-0.07162350939612466,Static,Right
I,35,135,135,136,0.0,0.0,0.0,-1.0,1.734723475976807e-18,0.0,0.0,0.03376175285089578,-0.07602174964165247,0.2790667903994614,0.32655350399534816,0.9239218803559838,0.019211528100502594,0.19839880346379848,0.04872816878409614,-0.06557065071876228,0.24021535728022622,0.9576294606963217,-0.19873669036693298,-0.20201871681325165,0.05136128858972624,0.06729051937618515,-0.12410373218379844,0.24405042608062633,0.7178653162020794,-0.646980900526126,-0.24593748877355914,-0.07483217065037828,0.03261293595614542,-0.05133257526819521,0.27342327753074624,0.7628140006092943,0.613973820857863,-0.10833461959073518,0.17150672865450778,0.04279020784755825,-0.09071041207889406,0.2633138211181479,0.32655350399534816,0.9239218803559838,0.019211528100502594,0.19839880346379848,0.0498706101111657,-0.07309048800331733,0.2879765800140301,0.35564225729112164,0.923644231590446,-0.027493164898834573,0.14015721230966285,0.07069836997787449,-0.06036913858678505,0.246001306471655,0.9566383692371608,-0.17891994292579638,-0.22951502235945545,-0.012391087040048076,0.08381692284889189,-0.12226389362113498,0.24889239689018758,0.7178653162020794,-0.646980900526126,-0.24593748877355914,-0.07483217065037828,0.0512337684746074,-0.04478553888924317,0.2831954634158012,0.7471204820865742,0.6244594661432976,-0.16389695197567494,0.1581111935437723,0.05623460961644974,-0.09126765459705491,0.27040553408840984,0.35564225729112164,0.923644231590446,-0.027493164898834573,0.14015721230966285,0.0848290285345829,-0.1081531840118027,0.24313494177511397,0.7178653162020794,-0.646980900526126,-0.24593748877355914,-0.07483217065037828,0.10449292207403864,-0.029426923467907755,0.3042810453193606,0.855171890652384,-0.3423725162458977,-0.2208220733351578,-0.3204679539134013,0.10378953087654094,-0.07192562371600428,0.27286178740250766,0.8165541726701319,-0.46820672953382786,-0.14303652822671273,-0.30587954019038655,0.10648727889350089,-0.11804562189618101,0.2613154842063547,0.7257938636755502,-0.551738615542155,-0.2726492326412768,-0.30735999009413384,0.10548211638734363,-0.04461871024707001,0.28954607582271763,0.8539904630759639,-0.35170119915092773,-0.16905361847081044,-0.3441328661622222,0.10158219065384953,-0.011986782923608798,0.31884064522439304,0.855171890652384,-0.3423725162458977,-0.2208220733351578,-0.3204679539134013,0.06176604272363621,-0.07027153327682564,0.2985824854544988,0.43886320444544047,0.8604902277348264,-0.20993050215594516,0.15127736123193983,0.08816020288985811,-0.06378315910658967,0.25841440041491986,0.9421548521448819,-0.21273610330105566,-0.239193717372148,-0.09936775383307817,0.10056340380446191,-0.11856061884317312,0.2544209792151279,0.7178653162020794,-0.646980900526126,-0.24593748877355914,-0.07483217065037828,0.0715461470500397,-0.04554382079024762,0.29075501156148614,0.7978252330808184,0.536203769138482,-0.2670127498614914,0.0682979270009557,0.06310119730300712,-0.09199358071240471,0.2854237320767796,0.43886320444544047,0.8604902277348264,-0.20993050215594516,0.15127736123193983,0.014819615412289728,-0.07800744218449622,0.26494351332286714,0.7099233172403875,-0.3725804363400312,0.24915366114831275,0.5432450231999074,0.05571291572707099,-0.12841807079057474,0.2478542985982192,0.45231568254854504,-0.654757511629431,0.014788865284291923,0.605379561720647,0.029280524764997456,-0.10772241427113466,0.25267529582466985,0.6406830927346234,-0.5568630222886249,0.1260492227831393,0.5133618047024369,0.012684584383494013,-0.05694216361837503,0.2794822751490266,0.7099233172403875,-0.3725804363400312,0.24915366114831275,0.5432450231999074,1525,0.09895875815111829,-0.15593626597872856,0.24026747761567674,0.7178653162020794,-0.646980900526126,-0.24593748877355914,-0.07483217065037828,Static,Right
I,35,136,136,137,0.0,0.0,0.0,-1.0,0.0,0.0,0.0,0.03499667895136624,-0.07610969448649102,0.2802049606708418,0.3256405061425365,0.9259046059952867,0.019829940636868094,0.1904355397773327,0.04938773949250727,-0.06564812499729178,0.24114120792838412,0.9594732170675516,-0.19789262280198414,-0.19407647267607656,0.05083284690243949,0.06779389069666945,-0.12425728053296888,0.2445379026812799,0.7204788003904713,-0.6471078832712914,-0.23891725123010754,-0.07127575086034504,0.033857249644358225,-0.051405625632653135,0.274625049478075,0.7634276804749682,0.6157925284717777,-0.10366801623515184,0.16501721417116724,0.04371654157551911,-0.09079213686810511,0.2642744405435364,0.3256405061425365,0.9259046059952867,0.019829940636868094,0.1904355397773327,0.051269157796721074,-0.07333819252479218,0.28885681359976856,0.35452985026605127,0.9252883125490751,-0.026362285843071917,0.13211795417559505,0.07146595571467244,-0.0605411010994949,0.24658788070675575,0.9587278088570337,-0.1777626405245055,-0.22153075159665675,-0.012866944274648327,0.08440202740899544,-0.12248887747405386,0.24911906864268216,0.7204788003904713,-0.6471078832712914,-0.23891725123010754,-0.07127575086034504,0.052649982849259126,-0.045023337944022974,0.2841410467221359,0.7476998707762177,0.6265936117346214,-0.15918510019383134,0.15160954076465585,0.05729097671497464,-0.09147675074471706,0.2711250482161933,0.35452985026605127,0.9252883125490751,-0.026362285843071917,0.13211795417559505,0.08537285805968294,-0.10836843611243271,0.24337791844427226,0.7204788003904713,-0.6471078832712914,-0.23891725123010754,-0.07127575086034504,0.10621681909968896,-0.0298692171000842,0.30438528354566025,0.8573280255161632,-0.3427209328843627,-0.21409525408109328,-0.3188953449133137,0.10493900923857437,-0.07228607319530254,0.2728879131640494,0.817555845561763,-0.47023212048910984,-0.13566801060281072,-0.30344420104391806,0.10728259177238249,-0.11838587395030324,0.2611860488571762,0.7280764196636615,-0.5537667064643439,-0.2654483814720393,-0.3046051849776227,0.10697496064830853,-0.045008588315042994,0.28958142865553343,0.8555909496584811,-0.35268286727263526,-0.16209414775421913,-0.34249731277585893,0.10351898642709888,-0.012493307935099947,0.3190619915062665,0.8573280255161632,-0.3427209328843627,-0.21409525408109328,-0.3188953449133137,0.06334478988680374,-0.07056717101912797,0.29926231360890376,0.43915060623368835,0.8621498610721959,-0.20799823696577593,0.1434611289405823,0.08911055110879933,-0.06405001248266591,0.2587113622728163,0.9441499103068941,-0.21264256140605045,-0.23117210669036073,-0.09961699169568747,0.10124729364681198,-0.11886218272215328,0.2543850868304227,0.7204788003904713,-0.6471078832712914,-0.23891725123010754,-0.07127575086034504,0.07307709021891357,-0.0458431969527387,0.2913631272197791,0.7991279162617022,0.5376362459412355,-0.26163432534411524,0.06236441535984103,0.06440850151358084,-0.09224375574219695,0.2860054039268296,0.43915060623368835,0.8621498610721959,-0.20799823696577593,0.1434611289405823,0.015855811740112857,-0.07801105356744256,0.2663953035046972,0.7097370071316023,-0.3662187458682172,0.2553772560183434,0.5449217081298265,0.0562645288636279,-0.12853683534171526,0.2485195094375707,0.4541418535390456,-0.6492590761961471,0.01896706563772344,0.609801672072273,0.029993403916502424,-0.10775244323190263,0.25381773882464775,0.6413814544550609,-0.5515748634455773,0.1317505140595826,0.5167560371598373,0.01407967877687924,-0.056980195601643725,0.2810292574105734,0.7097370071316023,-0.3662187458682172,0.2553772560183434,0.5449217081298265,1536,0.0992797604046934,-0.1561957711253703,0.2401679561817887,0.7204788003904713,-0.6471078832712914,-0.23891725123010754,-0.07127575086034504,Static,Right
I,35,137,137,138,0.0,0.0,0.0,-1.0,0.0,0.0,0.0,0.036106908033319146,-0.0760339076665319,0.28133612858328516,0.32541947047984343,0.9274604371347823,0.02049730337973612,0.1830277747680275,0.04996090390385346,-0.06560196194801152,0.24206710795703246,0.9610262304519717,-0.19757425186808833,-0.18666856952365057,0.0504761778865342,0.06823439553353211,-0.12427015371180987,0.24509590785571408,0.7226993663890093,-0.6473602096352054,-0.23245778242833057,-0.06777731324337435,0.03497755034464549,-0.05132297228529535,0.27578478921378285,0.764326371587409,0.6169764324425502,-0.09923654617851102,0.15905152438455142,0.04453844618363918,-0.09073366648925268,0.2652662022308236,0.32541947047984343,0.9274604371347823,0.02049730337973612,0.1830277747680275,0.05253089186122602,-0.0734253103554348,0.2897420144550533,0.35395006464103895,0.9265782124448556,-0.02519166485348476,0.12464970110276949,0.07213456102441344,-0.06057279067108152,0.24719252317603088,0.960575542870569,-0.1768828266100411,-0.21409257586355557,-0.013094313630795815,0.08491653912053196,-0.12256167700912979,0.24942793309792108,0.7226993663890093,-0.6473602096352054,-0.23245778242833057,-0.06777731324337435,0.053924010655239385,-0.04510527150101689,0.28506374754197217,0.7484460602999689,0.6282449411087012,-0.15465639156050925,0.14566464685112326,0.05823357552867545,-0.09154469692441608,0.2718849324607065,0.35395006464103895,0.9265782124448556,-0.02519166485348476,0.12464970110276949,0.08584232839249743,-0.10843783555204095,0.24369164181182587,0.7226993663890093,-0.6473602096352054,-0.23245778242833057,-0.06777731324337435,0.10780461712377737,-0.030086839504502357,0.3044790882793532,0.8587745726059405,-0.3445629924190523,-0.2073644176364337,-0.3174627159195476,0.10595936143116873,-0.07246885759080797,0.2729686689174826,0.8182691317467043,-0.47245547329518117,-0.12882173251709808,-0.30104221467298264,0.1079832863262196,-0.11855430127054857,0.2611528728435545,0.7300489643870435,-0.5557986856777163,-0.2588708902015219,-0.3018313979734386,0.10831958134546606,-0.0452064036074182,0.28964465646724125,0.8566353419524534,-0.35467347236781493,-0.15533832489933314,-0.3409583900331967,0.10535316459680819,-0.012728053375942867,0.31921914444108307,0.8587745726059405,-0.3445629924190523,-0.2073644176364337,-0.3174627159195476,0.06476777162686477,-0.07067640545646703,0.2999667687532128,0.44017641709518196,0.8632549741557786,-0.20612012872308852,0.13619861953680804,0.08994788499493955,-0.06415821608058467,0.2590451345234922,0.9458991539362424,-0.21282124128939925,-0.22374318944424437,-0.09960368977129869,0.10184598209602012,-0.11899964789369913,0.2544434716652656,0.7226993663890093,-0.6473602096352054,-0.23245778242833057,-0.06777731324337435,0.07445366706972226,-0.04596753144361577,0.2919653899040967,0.8006735500422225,0.5384029327349806,-0.256515684958512,0.0569548211780331,0.06556783782763834,-0.09233468164595583,0.2866586334753387,0.44017641709518196,0.8632549741557786,-0.20612012872308852,0.13619861953680804,0.016811938017325032,-0.0778973889508209,0.2678722367393572,0.7092961988014211,-0.36011432963235274,0.2615148262568395,0.5466503156563172,0.05675460508955117,-0.12851879382651696,0.2492503525283493,0.4555903930475646,-0.6439270407976733,0.023010363521470092,0.614219735162366,0.030637639761412917,-0.10766089737096236,0.25500389252544575,0.6418137992515714,-0.5464543959273483,0.1373489857645533,0.5201902501694828,0.015382427119709365,-0.05689567194609511,0.282585761077428,0.7092961988014211,-0.36011432963235274,0.2615148262568395,0.5466503156563172,1547,0.09954999444069651,-0.1563018635375253,0.24019173802517482,0.7226993663890093,-0.6473602096352054,-0.23245778242833057,-0.06777731324337435,Static,Right
I,35,138,138,139,0.0,0.0,0.0,-1.0,0.0,0.0,0.0,0.03620709273610103,-0.07641048128940979,0.28065192244793224,0.3287600606712247,0.925926860382871,0.02132710629322628,0.18471985888401196,0.050178561650841,-0.06626888626157842,0.24135153680534702,0.9598930048994008,-0.20131065919319438,-0.18821593201658174,0.05151893414590367,0.0685014305384058,-0.12489095520587169,0.24493221752549618,0.7196278627324347,-0.6501300932324967,-0.23431528075358085,-0.06754961330773036,0.03506236301197557,-0.05174569829319247,0.27490467418391845,0.7664465920189896,0.6137963009847464,-0.09947657301394441,0.16099109882636536,0.044713641612318694,-0.09121688786723602,0.26471961252536846,0.3287600606712247,0.925926860382871,0.02132710629322628,0.18471985888401196,0.052595744121372995,-0.07371888331944117,0.28909771880707347,0.3572413803551691,0.9250670455230028,-0.02459453160832962,0.12658857161783263,0.07232963519252633,-0.06117401669394607,0.24651045888652454,0.9595099921195624,-0.1804876202343218,-0.21592620200719562,-0.011860406890829296,0.08516618529150562,-0.12312858935239658,0.24930730662373665,0.7196278627324347,-0.6501300932324967,-0.23431528075358085,-0.06754961330773036,0.05396600194266124,-0.04543547482413219,0.284196512589142,0.750604966782006,0.6250750945808365,-0.15493292635273212,0.14788204187365328,0.058386767496883304,-0.0919605492679612,0.2713948916405757,0.3572413803551691,0.9250670455230028,-0.02459453160832962,0.12658857161783263,0.08609793929753567,-0.10905172245332118,0.24345700964170597,0.7196278627324347,-0.6501300932324967,-0.23431528075358085,-0.06754961330773036,0.1077475057832607,-0.030162724375831326,0.30364776271317045,0.8573164275548645,-0.34707900799127045,-0.21072726916727708,-0.3164470307739708,0.10607705578189959,-0.07281909334955367,0.27250159603457885,0.8161843243894807,-0.475397398405306,-0.13193276730641568,-0.300722807783555,0.10818856686383624,-0.11899935342120317,0.2610777507683963,0.7274340489055277,-0.5581833840366067,-0.2616697825109814,-0.3013302825787813,0.1083385994741738,-0.04540803050788385,0.28894647000849427,0.855072209937548,-0.3576290026444734,-0.15863356229765757,-0.34027695363158594,0.10519914753114351,-0.01269313125426489,0.3182403685937451,0.8573164275548645,-0.34707900799127045,-0.21072726916727708,-0.3164470307739708,0.06477668085739698,-0.0708184085357644,0.29937355065964083,0.443920459619807,0.8609742762951655,-0.20593823394388852,0.1387348726493368,0.09010537619115186,-0.06464167767759703,0.25845371783256804,0.9446342260021653,-0.21661736613871355,-0.2259256523162409,-0.09849210820110231,0.10207527707711135,-0.11950704931659276,0.2543501926778756,0.7196278627324347,-0.6501300932324967,-0.23431528075358085,-0.06754961330773036,0.07447813515713413,-0.04618459573820732,0.29116151214749186,0.8028772933554762,0.5344296077586109,-0.2574110876523836,0.059267007000344,0.0656333492133006,-0.0926012322695551,0.2862758909255281,0.443920459619807,0.8609742762951655,-0.20593823394388852,0.1387348726493368,0.01696935176407102,-0.07839914409629212,0.2671956348271357,0.7082555782899166,-0.36324231655655687,0.262849894720056,0.5452879864158915,0.05701146766556522,-0.12911629924863655,0.24908185906435412,0.45261627270656807,-0.6466912001671592,0.024327513598791303,0.613463261646265,0.03084847082167961,-0.10824990314884632,0.25458961867725366,0.6397048173023633,-0.5496017025847652,0.13833207639203468,0.5192108934499987,0.015513325359154239,-0.05728902884247702,0.28175191247902276,0.7082555782899166,-0.36324231655655687,0.262849894720056,0.5452879864158915,1558,0.09986533124489577,-0.156929463608977,0.24040248025082037,0.7196278627324347,-0.6501300932324967,-0.23431528075358085,-0.06754961330773036,Static,Right
I,35,139,139,140,0.0,0.0,0.0,-1.0,0.0,6.93889390390723e-18,0.0,0.03635041595381668,-0.07693951311204492,0.2799499652456953,0.33149904665469865,0.9246523286517084,0.022161311051245365,0.1861056943741618,0.050411479664287835,-0.06703047479575859,0.24062168132716608,0.9589519350819636,-0.204342838849707,-0.18946217461606904,0.05252879974975859,0.0687825765318871,-0.12560732771767524,0.2446679615504647,0.7170347691919863,-0.6524571224370251,-0.23587546911520524,-0.06725775955734678,0.03518648924651617,-0.05231266061422298,0.2740405537123401,0.7681681173102065,0.6111874779713252,-0.09954148862191993,0.1626625413611747,0.044920071092627425,-0.09183038348108898,0.26413095973162526,0.33149904665469865,0.9246523286517084,0.022161311051245365,0.1861056943741618,0.05270494732845123,-0.0741642366578769,0.28842828525139425,0.3600045216587267,0.9237907041731682,-0.023966189273738572,0.12819165745167999,0.0725424938078035,-0.061877434206084304,0.2458058934814552,0.9586083604189634,-0.18352533860256728,-0.2174255966219279,-0.010703801160272162,0.08543372196334514,-0.12379757988173785,0.24907643504939314,0.7170347691919863,-0.6524571224370251,-0.23587546911520524,-0.06725775955734678,0.05405267279010337,-0.04591357859424141,0.28333491268976446,0.7524523916504686,0.6223659386527539,-0.155051950942202,0.14978294032827424,0.058572598402146195,-0.0925070172091127,0.2708559403160541,0.3600045216587267,0.9237907041731682,-0.023966189273738572,0.12819165745167999,0.08636659266614755,-0.10976146228520374,0.24312850246166853,0.7170347691919863,-0.6524571224370251,-0.23587546911520524,-0.06725775955734678,0.107768326061033,-0.030408566928560168,0.3027990338084885,0.855953520213609,-0.3496461452359898,-0.2133238196796456,-0.31556947303696853,0.1062300621539922,-0.07330440928582936,0.27197220358524615,0.8144276781608202,-0.47790114694888697,-0.1345020565321348,-0.30037850718575126,0.10841942439408911,-0.11956241740973536,0.26088107873740984,0.7252462397570593,-0.5602013169202714,-0.26402004104319665,-0.3008085673091586,0.10840958915945664,-0.04577003659499485,0.2882199867434087,0.853611300439435,-0.36052240296847166,-0.1611964946393504,-0.3396866715606036,0.10515589891012095,-0.012835754864550013,0.31725508868332064,0.855953520213609,-0.3496461452359898,-0.2133238196796456,-0.31556947303696853,0.06483313555450279,-0.07111592582296988,0.29876008221064826,0.44751127890843384,0.8588186489257786,-0.20576990090188915,0.1407939323616783,0.09028908679151343,-0.06524293028621653,0.2578230360538454,0.9435495025899299,-0.2199099394829487,-0.2277208381602604,-0.09745344809954276,0.10232486182759187,-0.1201234451286635,0.2541401894769602,0.7170347691919863,-0.6524571224370251,-0.23587546911520524,-0.06725775955734678,0.07455165579249552,-0.04655655820251951,0.2903470532396234,0.8049856553847211,0.5307007571093342,-0.25809491242705973,0.06117039486286639,0.06572780493431367,-0.09301564414933707,0.28586112702324656,0.44751127890843384,0.8588186489257786,-0.20576990090188915,0.1407939323616783,0.017160723145627048,-0.07903365732932088,0.2665301111136801,0.7073354877302369,-0.3656081560360382,0.26410762259425985,0.5442925203647059,0.05728611322215382,-0.12981416824223857,0.2488167647717379,0.4500454063019428,-0.6488577149647398,0.025384489954784272,0.613024000889844,0.031079564280810015,-0.10895172171696052,0.2541306772253696,0.6379293771177915,-0.5520160761722442,0.13925436643762723,0.5185871025059925,0.01569136743233841,-0.05783763480048546,0.2809602504319588,0.7073354877302369,-0.3656081560360382,0.26410762259425985,0.5442925203647059,1569,0.10019168786266411,-0.1576454726226424,0.24045119508086088,0.7170347691919863,-0.6524571224370251,-0.23587546911520524,-0.06725775955734678,Static,Right
I,35,140,140,141,0.0,0.0,0.0,-1.0,0.0,0.0,0.0,0.03650035434006705,-0.07741992806140881,0.27931405100892404,0.33402799483366774,0.9234896499634784,0.02304373600976624,0.18724623176033153,0.05063014103094789,-0.06772381383415148,0.23995769214581045,0.9581060490149101,-0.20709678861249947,-0.19045925122177354,0.053562977992918696,0.06904917477404256,-0.12625418342378503,0.24443428791398514,0.7146346518076446,-0.6546413888257844,-0.23721903665880914,-0.06685129107714761,0.03531329627941595,-0.05283096172073023,0.27325692698364473,0.7697526232831294,0.6088105364512031,-0.09942808686110999,0.16414836337252575,0.04512500103041103,-0.09238896395959294,0.26359853489440804,0.33402799483366774,0.9234896499634784,0.02304373600976624,0.18724623176033153,0.052823625800653334,-0.0745573601689724,0.2878191142000592,0.3626104833633852,0.9226000363872509,-0.02328168831286492,0.12954062375377884,0.07274447889252651,-0.06251479938539305,0.2451567357517611,0.9577854088972965,-0.1863895612406894,-0.21866602727954823,-0.009550417672639542,0.08568921513751107,-0.12439870843267711,0.24886740005552987,0.7146346518076446,-0.6546413888257844,-0.23721903665880914,-0.06685129107714761,0.05414804013178061,-0.046339181573162865,0.2825422707861897,0.7542299153290484,0.6198090680689177,-0.1550110331393783,0.15147783193371592,0.05875708779804298,-0.09299531900472964,0.2703681720278881,0.3626104833633852,0.9226000363872509,-0.02328168831286492,0.12954062375377884,0.08662182206291817,-0.11040135395052199,0.24282804074981068,0.7146346518076446,-0.6546413888257844,-0.23721903665880914,-0.06685129107714761,0.10782347141449843,-0.03061085729920599,0.30199152761382975,0.8545783359344845,-0.35245470092531955,-0.21542937696600467,-0.31474074265517366,0.10638424191798407,-0.07373419035322336,0.27147337721494985,0.812794598358745,-0.480292028329638,-0.13673526718194307,-0.2999799578480721,0.10864351705630194,-0.12006240145413725,0.260694176083208,0.7232351313801043,-0.5621391291241267,-0.2661020663376269,-0.30020032401051294,0.10849581595271895,-0.04608571501941788,0.28753558792243916,0.8521392046985394,-0.3635732204548217,-0.16329933104885289,-0.3391262562274524,0.1051696276696432,-0.01293263401713781,0.316312159896213,0.8545783359344845,-0.35245470092531955,-0.21542937696600467,-0.31474074265517366,0.0649013574851424,-0.07135974466471491,0.2982069129295504,0.4512021863212672,0.8566430404078003,-0.20557386536745048,0.14254358722044974,0.0904667709629613,-0.06578237024716639,0.2572356620050957,0.9425446594905353,-0.2230733782626665,-0.22924359379989137,-0.0964116563391727,0.10256465430684314,-0.1206745474397805,0.2539442155673603,0.7146346518076446,-0.6546413888257844,-0.23721903665880914,-0.06685129107714761,0.07463780031412899,-0.04687930757219447,0.28958937512591826,0.8071540944730355,0.5269543453406191,-0.25860014410965326,0.06282794894408181,0.06582029482207782,-0.09337545338613812,0.28550933758367325,0.4512021863212672,0.8566430404078003,-0.20557386536745048,0.14254358722044974,0.0173531850708894,-0.07961240718365001,0.26595681292330187,0.706413090976663,-0.36758246751222734,0.2654600841113731,0.543502178669048,0.05754697718088095,-0.13044509298855134,0.24858589056209807,0.4476123728575639,-0.6506910149876104,0.026414922453581867,0.6128185853504984,0.03130129329492404,-0.10959040409462004,0.2537349368325991,0.6362632967673304,-0.554046239217442,0.14027470725423982,0.5181937750499465,0.015880187964733002,-0.05834026068878812,0.2802719537198987,0.706413090976663,-0.36758246751222734,0.2654600841113731,0.543502178669048,1581,0.10049818496455476,-0.1582889257367375,0.24049927991147865,0.7146346518076446,-0.6546413888257844,-0.23721903665880914,-0.06685129107714761,Static,Right
I,35,141,141,142,0.0,0.0,0.0,-1.0,1.734723475976807e-18,6.938893903907228e-18,0.0,0.03630996643760882,-0.0772029912838557,0.2790838426568702,0.33270381454458425,0.9235328124284036,0.022252496680230497,0.18947332938190112,0.05062129236277903,-0.06745043211895439,0.23982733217773242,0.9577861701141968,-0.20658421666671517,-0.1927896636129497,0.052922201070859404,0.06901005109764462,-0.12599196316475347,0.24429241649996405,0.7145938651513793,-0.6539236220804093,-0.23880629335803288,-0.06863715193572376,0.035145523101907813,-0.052601374231787526,0.2730728883115655,0.7688508894846359,0.6092512540094164,-0.10132768398100306,0.16557149418207243,0.04501530142101752,-0.09212204750533866,0.26336418304583314,0.33270381454458425,0.9235328124284036,0.022252496680230497,0.18947332938190112,0.052594914853431304,-0.07437679871363255,0.28767767513429354,0.3613337039730944,0.9227706918576224,-0.024119505952259847,0.13172112227850183,0.07271225927287892,-0.06225241326395309,0.24514030450590463,0.9574374364006506,-0.18547908673569619,-0.22092531219485637,-0.010152349178758275,0.08562801359614425,-0.12414616267210671,0.24880808100696683,0.7145938651513793,-0.6539236220804093,-0.23880629335803288,-0.06863715193572376,0.05393759264523315,-0.04614722286430992,0.28246616348077624,0.7532033629982344,0.620249254075603,-0.15688405294604407,0.15284943806907164,0.05861607965979079,-0.09276733666203119,0.2702077555196195,0.3613337039730944,0.9227706918576224,-0.024119505952259847,0.13172112227850183,0.08659288402199022,-0.11013781747074672,0.24279922472803456,0.7145938651513793,-0.6539236220804093,-0.23880629335803288,-0.06863715193572376,0.10735109062364613,-0.030499534585013977,0.3022450801402916,0.8558657701080817,-0.34693271895989175,-0.21936698788433048,-0.31465790423720935,0.10622572453300749,-0.07351889685038326,0.2715964703440388,0.8129849648033807,-0.47879171399072595,-0.13907834135178895,-0.3007842359305153,0.1085299455497489,-0.11983081991976215,0.2607533798195646,0.7230354837478612,-0.5608658730850372,-0.26752823442368295,-0.30179099628087364,0.10820828761206167,-0.045890955910849615,0.2877099741243842,0.8531908307772309,-0.35945721895299665,-0.16665371843071802,-0.33923804644150857,0.10445191015452995,-0.012950628565956628,0.3166759927636079,0.8558657701080817,-0.34693271895989175,-0.21936698788433048,-0.31465790423720935,0.06463797002611107,-0.07122682527810631,0.29808860162828393,0.4485113163637839,0.8575030801173789,-0.20636189438445818,0.14470948562168257,0.09037628695766872,-0.06554299292066372,0.25729621950535336,0.9422166330642546,-0.22191619695422304,-0.23142368781024297,-0.09707777617323961,0.10248244203899018,-0.12043056517097678,0.25397378551599403,0.7145938651513793,-0.6539236220804093,-0.23880629335803288,-0.06863715193572376,0.07438969680544877,-0.04670346303411826,0.2896102777920946,0.8054876659566117,0.5284241978172725,-0.26046319913844834,0.06415924756032615,0.06566200132872285,-0.09318191765241632,0.285291593043197,0.4485113163637839,0.8575030801173789,-0.20636189438445818,0.14470948562168257,0.017214721264884714,-0.07933986465215628,0.26552842090019274,0.7075962933866076,-0.3689177455012429,0.26322220737695723,0.5421450471814866,0.057487374707280575,-0.13018944347506092,0.2483777938200569,0.4482058475493728,-0.65239617115029,0.025071280031549403,0.6106244222175933,0.03122814341829835,-0.10931701098088023,0.2533800891819488,0.6370008248743231,-0.5554979206132946,0.13820617738152224,0.5162858334656542,0.01567080932347386,-0.058075712465652594,0.2798495740907143,0.7075962933866076,-0.3689177455012429,0.26322220737695723,0.5421450471814866,1592,0.10047442136123894,-0.15802318783943067,0.24045922478081025,0.7145938651513793,-0.6539236220804093,-0.23880629335803288,-0.06863715193572376,Static,Right
I,35,142,142,143,0.0,0.0,0.0,-1.0,0.0,0.0,0.0,0.03720122157188772,-0.07699701440502417,0.2801656556330055,0.32885157286898903,0.9258093883861704,0.021317040887809554,0.18514643708536377,0.05122180598008291,-0.0669723352077226,0.24086860201770416,0.9595071067526458,-0.20276502418393122,-0.18867070901778585,0.051340243645531775,0.06947606736117003,-0.12560307467865303,0.24466909008147072,0.7183248980321905,-0.6514349060027484,-0.2345678971770645,-0.06796915272506948,0.03607425617060433,-0.05234369964663972,0.2743627182381746,0.7671050860298897,0.6128293193207069,-0.09987591613069559,0.1612910838981774,0.04572497797322431,-0.09180520302303208,0.26424366556693085,0.32885157286898903,0.9258093883861704,0.021317040887809554,0.18514643708536377,0.053585697304734434,-0.07434417044470157,0.28862010646566977,0.3569079725501741,0.9251088260298171,-0.02429418115944928,0.12727981730678947,0.0733715570076915,-0.06188322852535256,0.2460407990934554,0.9591746321800452,-0.18146261386848353,-0.21660905119964724,-0.01165605802497209,0.08613623234489755,-0.12384406653114285,0.24906220640726623,0.7183248980321905,-0.6514349060027484,-0.2345678971770645,-0.06796915272506948,0.05495430938440077,-0.04606970325584124,0.2836680645472843,0.7510540353017057,0.6243061624353706,-0.15519976409612107,0.1485687881984417,0.059416485705535205,-0.09256995809086484,0.2709140151606399,0.3569079725501741,0.9251088260298171,-0.02429418115944928,0.12727981730678947,0.08709217597464242,-0.10978574219543916,0.24316875430778204,0.7183248980321905,-0.6514349060027484,-0.2345678971770645,-0.06796915272506948,0.10849350639047307,-0.030781464954700546,0.30319362765292895,0.8585118563300813,-0.3429063972047264,-0.21469641223663607,-0.3150841885424728,0.10707197445016976,-0.0734759769317158,0.2721168293624489,0.8155045327607513,-0.4761779095107792,-0.13395370239787263,-0.3004386146195511,0.10915017840306485,-0.11969753575824903,0.26085305588392443,0.7261452086922922,-0.5593594240067588,-0.26237477225740385,-0.30164490638983155,0.109239445352819,-0.04600808374090514,0.28847932466556137,0.8555941324512111,-0.3558362478268166,-0.16172125033961957,-0.3393898679044233,0.10569627864058707,-0.013404343589605901,0.3178493305694747,0.8585118563300813,-0.3429063972047264,-0.21469641223663607,-0.3150841885424728,0.06572999234964542,-0.07136713183788616,0.29893197016704204,0.4444853796734452,0.8604948946516316,-0.20601732525344632,0.1397789155432475,0.09112674239432943,-0.06532936128468805,0.25801996395963667,0.9441162750597557,-0.21802235790946276,-0.22676835752689678,-0.09842165739024863,0.10304417330189533,-0.12022091870563113,0.2541195217453846,0.7183248980321905,-0.6514349060027484,-0.2345678971770645,-0.06796915272506948,0.07545471445366922,-0.0467672396400282,0.29064674465090334,0.8036529023959808,0.5329002586082986,-0.25801197737739456,0.05990948485449986,0.06661944385838126,-0.09317430400491472,0.28587553730461046,0.4444853796734452,0.8604948946516316,-0.20601732525344632,0.1397789155432475,0.017986253147327685,-0.07895971036492032,0.26665662006372187,0.7087801963027606,-0.3640639719750398,0.26399347103416554,0.5435029943708783,0.057975038788281974,-0.12980429507634006,0.24881145123613513,0.4518074469417895,-0.6482551896910012,0.02540784330937454,0.6123640105566235,0.031826912594451875,-0.1088822002270556,0.25417852675908814,0.6394044629520619,-0.5510225179688275,0.13922229633816216,0.5178351761425711,0.016591446267584294,-0.057801751492992534,0.2811493983046953,0.7087801963027606,-0.3640639719750398,0.26399347103416554,0.5435029943708783,1603,0.10081387505363885,-0.15768825441158452,0.24029579663884393,0.7183248980321905,-0.6514349060027484,-0.2345678971770645,-0.06796915272506948,Static,Right
I,35,143,143,144,0.0,0.0,0.0,-1.0,0.0,0.0,0.0,0.03806067264780568,-0.07680072151487531,0.2812013927319549,0.325566240327439,0.9278432666376542,0.0202946967591238,0.18083589521352927,0.05180412298620142,-0.06653966366227462,0.24185270408110365,0.9611014805626361,-0.1993578701659168,-0.1845766653769637,0.04971758503325372,0.06991715250865119,-0.12525056383310668,0.24503594435627374,0.721767961163982,-0.6491823304101136,-0.2304115586337957,-0.06725939167452807,0.03698276629588817,-0.05210506088153058,0.2755758292242549,0.7657114522195831,0.6159023882237734,-0.09850754687224383,0.1569919849203843,0.046399298769560234,-0.09151722163015746,0.2650982783512366,0.325566240327439,0.9278432666376542,0.0202946967591238,0.18083589521352927,0.05454872280158816,-0.0743250643888293,0.2894999454323124,0.35273517518979525,0.9272919404851393,-0.024436113280766315,0.12292448764529808,0.07400954277753996,-0.06155513688074757,0.2468826184595666,0.9607946797344963,-0.1777696967084993,-0.21236780677685205,-0.013093241418554767,0.08661875516788703,-0.1235740461142033,0.24930655707006663,0.721767961163982,-0.6491823304101136,-0.2304115586337957,-0.06725939167452807,0.05594408590364597,-0.046009371590827394,0.2847915707464367,0.749042628371208,0.628107102193368,-0.15351031460127262,0.14439941955569185,0.060191276554061826,-0.09239385225685989,0.27157339182793666,0.35273517518979525,0.9272919404851393,-0.024436113280766315,0.12292448764529808,0.08756689797103975,-0.10947220658875843,0.24351723411971835,0.721767961163982,-0.6491823304101136,-0.2304115586337957,-0.06725939167452807,0.10963788197231843,-0.031062776586384386,0.3040599528141915,0.860663768282547,-0.3399765683104095,-0.20968226680734234,-0.3157644026043755,0.10788847605830199,-0.07345029672573236,0.2725881687944638,0.8178612622399932,-0.4736798629754844,-0.12884916207842376,-0.3002136515390659,0.10973960612873374,-0.1195860987050523,0.260941147922699,0.7290006665790213,-0.5580761704474839,-0.25738843596022337,-0.30143027243454423,0.110248829025427,-0.04614180397163592,0.28918930108626995,0.8576168691466126,-0.35290599969859343,-0.1566034687366496,-0.3397440429375439,0.10698125723453518,-0.013825814047363707,0.3189086117580488,0.860663768282547,-0.3399765683104095,-0.20968226680734234,-0.3157644026043755,0.06678653969771559,-0.07151789435332848,0.2997173862081938,0.44082741138518994,0.8632195945567954,-0.20570304884798732,0.13494213811584924,0.09185220657129933,-0.06514659354265707,0.2586878204395622,0.9459065095348266,-0.21433712779824823,-0.22221852596370503,-0.0996965274488363,0.10357795235638284,-0.12003915050536887,0.254253327810293,0.721767961163982,-0.6491823304101136,-0.2304115586337957,-0.06725939167452807,0.07649029644580603,-0.04685041507255305,0.2916107298748834,0.8019470825495506,0.5370635927834276,-0.2556057789241126,0.05576073777684916,0.06753761321809888,-0.09318600941422263,0.28642409213656395,0.44082741138518994,0.8632195945567954,-0.20570304884798732,0.13494213811584924,0.01873148106123304,-0.07861208919889656,0.267741563842892,0.7097139439230882,-0.359587506534222,0.26482812381322857,0.5448568690795793,0.05843798423830907,-0.12945251249442477,0.24923889739774552,0.45515819138634456,-0.644228523299773,0.025933921717124504,0.6141075331611522,0.032403052050373665,-0.10848273680909538,0.25495645077979356,0.6415596551800278,-0.5467709996683247,0.1403693192539303,0.519364166052273,0.01747624600226412,-0.057550513933810526,0.2823863221645529,0.7097139439230882,-0.359587506534222,0.26482812381322857,0.5448568690795793,1614,0.10112523375135735,-0.15738825939150253,0.2401519157584349,0.721767961163982,-0.6491823304101136,-0.2304115586337957,-0.06725939167452807,Static,Right
I,35,144,144,145,0.0,0.0,0.0,-1.0,0.0,0.0,0.0,0.037714144928927204,-0.07616126250717163,0.28083900226926034,0.3259556274364862,0.9272500128781003,0.017597358935209213,0.18344120452764995,0.05176126490963552,-0.0659696718180871,0.24159053848437118,0.960492370736755,-0.20013147012318816,-0.18751148997898298,0.04734175269971723,0.06967152974217626,-0.12473737435343293,0.24490783532748933,0.7207820290893047,-0.6493920377172991,-0.23191417299312184,-0.07056248476488904,0.03676026923671244,-0.051462976385697426,0.2752025423141465,0.7656783402382473,0.6151438661879605,-0.10217894727631757,0.15777885129140456,0.046112166674471364,-0.09090702631965077,0.264792821466716,0.3259556274364862,0.9272500128781003,0.017597358935209213,0.18344120452764995,0.05415039389823316,-0.0737481900018243,0.2892602954539753,0.35296752635297435,0.9267845279437614,-0.027236600559007944,0.12546924600997184,0.07394621918226134,-0.06105188015107112,0.24677259252126899,0.9600324217603273,-0.17814422687593123,-0.2153305605230389,-0.015334057017357884,0.08634669137961723,-0.12311042437078859,0.24929430396629104,0.7207820290893047,-0.6493920377172991,-0.23191417299312184,-0.07056248476488904,0.055677592985980996,-0.04543963930922266,0.2845559206144465,0.7488380533102164,0.6272578547548919,-0.1571363028481377,0.14524921992931678,0.059852816044801006,-0.09184146821330244,0.27137644108126296,0.35296752635297435,0.9267845279437614,-0.027236600559007944,0.12546924600997184,0.08738058075389034,-0.10901036079168584,0.2435126304346026,0.7207820290893047,-0.6493920377172991,-0.23191417299312184,-0.07056248476488904,0.10923664585405149,-0.03067986151214186,0.3042271840272535,0.8595308829461141,-0.33900675553441895,-0.21220916891103925,-0.31819545816052486,0.10761079160938343,-0.07304296572136626,0.2727124979787857,0.8172146328054981,-0.4723647315686312,-0.13119576109743364,-0.3030172875740507,0.10940198072413475,-0.1191873789624753,0.2610907386804278,0.7275774196677175,-0.5575213887938393,-0.2590861407547559,-0.3044262982987209,0.10991307226266528,-0.045754394301395065,0.2893547248325049,0.8566688794953166,-0.3517131161544999,-0.15912251826167792,-0.3421934233897434,0.10652291463929242,-0.013441398984072615,0.3190623308604465,0.8595308829461141,-0.33900675553441895,-0.21220916891103925,-0.31819545816052486,0.06633820566015033,-0.07102280741567174,0.29953528028195286,0.43952001701029486,0.8628578888324464,-0.208475310496367,0.1372459953526046,0.09169724221238035,-0.06469528455929811,0.2587001494673622,0.9450531210845591,-0.21403296212134224,-0.2250867905472907,-0.10198247974538621,0.1032850622609364,-0.11962390358020891,0.2543608184154695,0.7207820290893047,-0.6493920377172991,-0.23191417299312184,-0.07056248476488904,0.0761671567819289,-0.046371477328084665,0.29152937903608966,0.8007666482156774,0.5370492596376651,-0.2591811049111532,0.0563562124800728,0.06712826394934385,-0.09266997616090167,0.2862097565693475,0.43952001701029486,0.8628578888324464,-0.208475310496367,0.1372459953526046,0.018449827897854525,-0.07795502879598061,0.2672386960658157,0.7115325925546873,-0.3609451243808575,0.2630137066644426,0.5424608529882348,0.05815005828459776,-0.12890478507656003,0.24902687712346191,0.45603538787426295,-0.6464151920427506,0.0252150043082831,0.6111819107765197,0.032131543451674044,-0.10786389471281513,0.2545561092211223,0.6427223346164767,-0.5484778729364739,0.13884433945679112,0.5165290629626126,0.017166020609072127,-0.056890250978967154,0.2818771937812619,0.7115325925546873,-0.3609451243808575,0.2630137066644426,0.5424608529882348,1625,0.10081595390908696,-0.1569698245133319,0.2402527695920584,0.7207820290893047,-0.6493920377172991,-0.23191417299312184,-0.07056248476488904,Static,Right
I,35,145,145,146,0.0,0.0,0.0,-1.0,0.0,0.0,0.0,0.03777455914137294,-0.07623542015045345,0.2810794165607983,0.325641786440037,0.9274174970873258,0.0207865613498486,0.18281720894836617,0.05163148654785396,-0.06599781311228449,0.24178858685482815,0.9605794206733886,-0.19994572012402356,-0.1864686379708401,0.05038186812894731,0.06989823999719176,-0.12465172212044733,0.24512545102396405,0.7210011732394105,-0.64921485148277,-0.23269394755312864,-0.0673120462750934,0.036661661586064355,-0.05154393805494094,0.27543694636075483,0.7655225996783688,0.615536965342262,-0.09913575606320711,0.15893865341284077,0.04620151084297327,-0.0909411132707115,0.26501277568998494,0.325641786440037,0.9274174970873258,0.0207865613498486,0.18281720894836617,0.05423034219614725,-0.07374916771071037,0.2894356804304996,0.35261795577725835,0.9270665259815607,-0.023782337466788428,0.1250705164799587,0.07380457724330189,-0.06094559289524927,0.24689440480007652,0.9603897841084492,-0.17768568449422797,-0.21431906332087147,-0.012107815790151851,0.08658004640226497,-0.12292234937417464,0.24945266282466302,0.7210011732394105,-0.64921485148277,-0.23269394755312864,-0.0673120462750934,0.05556359640858003,-0.045430604773381775,0.28473135312794273,0.7485783628832948,0.6280477508559432,-0.15396129581531584,0.14656867557096306,0.05998678558144664,-0.09180532020997204,0.2715341822676292,0.35261795577725835,0.9270665259815607,-0.023782337466788428,0.1250705164799587,0.0875071997554993,-0.10882842659047293,0.24364278019016533,0.7210011732394105,-0.64921485148277,-0.23269394755312864,-0.0673120462750934,0.10908421777318479,-0.03033161284074535,0.304249937256019,0.8605125486336311,-0.33965557068733737,-0.21167161687269778,-0.3151941838860764,0.1076210763906362,-0.07271224020845854,0.2727408637340365,0.818463919112547,-0.47212244809166914,-0.13161261151740572,-0.2998254952608733,0.10964295400486804,-0.11885909752760755,0.2611617403009275,0.7285682973318132,-0.5576415367427862,-0.2597136708747746,-0.301285515388503,0.10978862461329646,-0.045418487984150574,0.28938962516606265,0.8576993164979069,-0.3523214986020795,-0.15872228084671222,-0.339158785327206,0.10633749454031324,-0.013087189932783955,0.3190718124428294,0.8605125486336311,-0.33965557068733737,-0.21167161687269778,-0.3151941838860764,0.06642068678987062,-0.07091769511193917,0.2996919900303843,0.44001397477246007,0.8633920861275396,-0.20519153745579125,0.13725247019199663,0.09161370358790472,-0.06447180943558127,0.2587700418673105,0.9456210465213991,-0.21389447922931018,-0.2242892084350708,-0.09871341910077631,0.10350723773404205,-0.11933778028641222,0.2544526411318627,0.7210011732394105,-0.64921485148277,-0.23269394755312864,-0.0673120462750934,0.07607619324386056,-0.04621528807883542,0.29163298910670765,0.8012526660094103,0.5375351439305475,-0.25629092880851256,0.05800943080955189,0.06729149312888785,-0.09257669472613353,0.2863919523224582,0.44001397477246007,0.8633920861275396,-0.20519153745579125,0.13725247019199663,0.01854094931757334,-0.07812884890732467,0.2676711733243227,0.7095248109945418,-0.36021033631411076,0.26419891526080536,0.5449972379477248,0.058417174798307145,-0.1288761758584326,0.2493006818576523,0.4540091305878941,-0.6452496798309766,0.02472341662051505,0.6139359190432297,0.03230799052273074,-0.10797563245106069,0.2549336474833728,0.640931637841792,-0.5476753303264741,0.1392325265908013,0.5194927061127685,0.017240356199398215,-0.05706496513091056,0.28230913721260575,0.7095248109945418,-0.36021033631411076,0.26419891526080536,0.5449972379477248,1636,0.10121083301629859,-0.15671224419358737,0.2403912571308624,0.7210011732394105,-0.64921485148277,-0.23269394755312864,-0.0673120462750934,Static,Right
I,35,146,146,147,0.0,0.0,0.0,-1.0,0.0,6.938893903907228e-18,5.421010862427522e-20,0.03788480777070941,-0.07652046201375727,0.281256648894524,0.3248599638596897,0.9277386881122266,0.023975186931244417,0.18218704913494216,0.05154735711882517,-0.06619367047909526,0.24193315027207266,0.9607674140552636,-0.199223213599484,-0.18542379029511666,0.05342382656875967,0.07017772041893652,-0.12472918559928975,0.2452443565355573,0.7215050064554962,-0.6487039935445365,-0.2334633818472601,-0.06409761115255994,0.03660832114937203,-0.05183232833539189,0.27563509747301157,0.765012308672803,0.6163581287090941,-0.09607711616810033,0.1600875151351696,0.04634300287448162,-0.09116941366520723,0.2651547747458418,0.3248599638596897,0.9277386881122266,0.023975186931244417,0.18218704913494216,0.054362872035791446,-0.07396990275168981,0.2895423606036356,0.35170076030505804,0.9275498251659167,-0.020223251780469742,0.12469529711639277,0.07370585045187009,-0.0610089804892848,0.2469655991708656,0.9608385404025275,-0.17667910266479311,-0.21329696734484224,-0.008842945221897032,0.08686545194251485,-0.12289880772230546,0.2495097757909667,0.7215050064554962,-0.6487039935445365,-0.2334633818472601,-0.06409761115255994,0.05549201362794447,-0.04563619567128764,0.284873980976094,0.7478869810512422,0.6293387930296284,-0.15072836019120187,0.1479145313893838,0.060179151923751076,-0.09196834339886509,0.27159942250713004,0.35170076030505804,0.9275498251659167,-0.020223251780469742,0.12469529711639277,0.08768210899794068,-0.10881062099961769,0.2436797343571082,0.7215050064554962,-0.6487039935445365,-0.2334633818472601,-0.06409761115255994,0.10898317200133495,-0.030197249440640745,0.30424816475658023,0.861529953779249,-0.3402857954796717,-0.21078445499136325,-0.3123165536277035,0.10767495386012554,-0.07256906049249857,0.27270573310522084,0.8199746555640218,-0.4714277360024673,-0.13187197778892754,-0.2966601345551649,0.10993342747810254,-0.11870533273643044,0.26112971715193606,0.7298201622482744,-0.5574295667412281,-0.2602229055411256,-0.2981926362778325,0.10970818877676393,-0.04528705864412786,0.28939228481368545,0.8587984577763814,-0.3527923040643974,-0.15800854534051104,-0.3362084155895244,0.10621981435654144,-0.012949280148537268,0.3190627345048252,0.861529953779249,-0.3402857954796717,-0.21078445499136325,-0.3123165536277035,0.06654549208870066,-0.07101584181745066,0.2997998300110117,0.4405261741060612,0.8639134202585071,-0.2019345727212927,0.13715947129014872,0.09157429400570324,-0.06442703899333378,0.2587846136402017,0.9462606779570626,-0.2134262789648157,-0.2234618725387867,-0.09541878389987998,0.10377886261416974,-0.11922205071831678,0.254440229663134,0.7215050064554962,-0.6487039935445365,-0.2334633818472601,-0.06409761115255994,0.07602731810576441,-0.04626225697959281,0.29169433347735607,0.8016613648482503,0.5381377573512033,-0.2533658896349649,0.05960315589078104,0.0674932579691189,-0.09268730490052038,0.28652437534177083,0.4405261741060612,0.8639134202585071,-0.2019345727212927,0.13715947129014872,0.018716311247811902,-0.07848477958955542,0.2680931445543767,0.7076454349566982,-0.358804322615766,0.2654603481221491,0.5477482998896979,0.058741076097354,-0.12901335234691108,0.24947909430077833,0.45228498292381725,-0.6436273572679166,0.024112504222853784,0.6169284450712439,0.03254755962930161,-0.10825843036451381,0.25525545037900527,0.6394342392893858,-0.5462527604201829,0.1397110092881124,0.5226974356560702,0.017417193929483862,-0.057436959243455536,0.2827544588498798,0.7076454349566982,-0.358804322615766,0.2654603481221491,0.5477482998896979,1647,0.10165936393015121,-0.15661224602239623,0.24039395305859407,0.7215050064554962,-0.6487039935445365,-0.2334633818472601,-0.06409761115255994,Static,Right
I,35,147,147,148,0.0,0.0,0.0,-1.0,0.0,0.0,0.0,0.03737215776418313,-0.07642174150361974,0.2816793916611632,0.3231547827085214,0.9278995781424012,0.022279429552840232,0.18459952956213702,0.05126031250897195,-0.06596310144429053,0.24246970240080062,0.9606573128184654,-0.19765712793981863,-0.1880489061364372,0.05202687770639918,0.06981950814224483,-0.12452562736493832,0.2456689425042237,0.7220294407094682,-0.6472963703013622,-0.2350296086935451,-0.06664817162393406,0.03615314170710038,-0.05171256927227016,0.2761436932866058,0.7636710737576464,0.6173028971402338,-0.098794870327462,0.1611930453992893,0.04590411831059845,-0.09101610013501063,0.2655647904134513,0.3231547827085214,0.9278995781424012,0.022279429552840232,0.18459952956213702,0.053799911190775374,-0.07391191271190042,0.2900760674790892,0.3498758878187535,0.9278996115706205,-0.022059239656435012,0.12689587824634324,0.07339576502759815,-0.06081626418627617,0.24764364654769294,0.9605890753878102,-0.17495760878645078,-0.2157551953835752,-0.010399953765011974,0.08648567972937243,-0.12272730069067186,0.2500326601624873,0.7220294407094682,-0.6472963703013622,-0.2350296086935451,-0.06664817162393406,0.054998421942938996,-0.045564303716122606,0.2855115601453843,0.7465051535141136,0.630105095945439,-0.15350654945839293,0.14877285744999624,0.05968768891418852,-0.09184668064683896,0.2720931622188265,0.3498758878187535,0.9278996115706205,-0.022059239656435012,0.12689587824634324,0.08734611162542182,-0.10861942246406366,0.24425812997419896,0.7220294407094682,-0.6472963703013622,-0.2350296086935451,-0.06664817162393406,0.10830981930088707,-0.0302926754562771,0.3052801660404912,0.8622179251859184,-0.3356992492648617,-0.2133796148273041,-0.3136166505580494,0.10721189230104329,-0.07250421679017642,0.2735266326226253,0.8205310558062173,-0.4688339547251334,-0.13361332285128255,-0.2984476324432227,0.1094924790751617,-0.11859880296363222,0.2617921136523575,0.7299938583846599,-0.5553750237860938,-0.26142102222422103,-0.3005438384238086,0.10915255238436317,-0.04529311185551019,0.29034049409688467,0.8594244888846554,-0.3489590627033292,-0.16022406078981127,-0.33755795177507736,0.1053950101044597,-0.013158600921604018,0.32019843963996264,0.8622179251859184,-0.3356992492648617,-0.2133796148273041,-0.3136166505580494,0.06593990105327048,-0.07102495813965276,0.30039043403435056,0.43767618166688743,0.8646527610292363,-0.20366352103509452,0.13905514390197785,0.09119546336488298,-0.0642957905308887,0.2595477057511247,0.9460146838306448,-0.2114138211859157,-0.2257690195764756,-0.09689563451390332,0.10337472888648519,-0.11908551788911553,0.2550679253585736,0.7220294407094682,-0.6472963703013622,-0.2350296086935451,-0.06664817162393406,0.075486224185233,-0.04624441680502417,0.29244271066077193,0.7998248288565719,0.5395858962673764,-0.255924874212646,0.0602475099330153,0.06695915332032731,-0.09262602934977626,0.2870053527349609,0.43767618166688743,0.8646527610292363,-0.20366352103509452,0.13905514390197785,0.018290131817470977,-0.07832578135122076,0.268448513722502,0.7095155824120368,-0.3581571036662774,0.263098176673584,0.546891649999273,0.05835641538035447,-0.12881466765180596,0.24982682366533496,0.45384082671740134,-0.6442792180800284,0.022000147796515726,0.615181913462664,0.03214932661054404,-0.10806248321468594,0.255552955457307,0.6411862740807461,-0.5460880699578602,0.1374197468450502,0.5213288740873577,0.016968694164765825,-0.05734082686838921,0.28319650300523147,0.7095155824120368,-0.3581571036662774,0.263098176673584,0.546891649999273,1659,0.10129752437218811,-0.1564215823426518,0.2408716825272057,0.7220294407094682,-0.6472963703013622,-0.2350296086935451,-0.06664817162393406,Static,Right
I,35,148,148,149,0.0,0.0,0.0,-1.0,0.0,0.0,0.0,0.038991051891055936,-0.0764181183311189,0.28282836191612776,0.32330397354106954,0.9289623026289966,0.018982994396941212,0.17928532262991778,0.052665979191110504,-0.0660713084743204,0.2435206270777339,0.9617065809010811,-0.19809454848273192,-0.18323680135133216,0.047992465486858024,0.07071844315548671,-0.12480229510409295,0.2465007613546358,0.7231014070213012,-0.6481343166092082,-0.22911412762287545,-0.06747576839827908,0.037970144308422694,-0.05169234009218462,0.2773215494818092,0.7645998095098412,0.6177551000433815,-0.09883286674685306,0.15491233688284928,0.04724924979575579,-0.09106958433268748,0.2666251319797326,0.32330397354106954,0.9289623026289966,0.018982994396941212,0.17928532262991778,0.05551558420359468,-0.07414025976699892,0.29109854288232967,0.34967990144688255,0.9286238486636561,-0.024976955107254964,0.12148195722315298,0.07488836126115249,-0.06113394240689155,0.24852179198696042,0.961587096656762,-0.1749671433253932,-0.21103159668884258,-0.01422742066321889,0.08743642318793039,-0.12316005926610633,0.25072868828012146,0.7231014070213012,-0.6481343166092082,-0.22911412762287545,-0.06747576839827908,0.056938141255573685,-0.04579682790192254,0.28657034825934463,0.7472929631175357,0.6305951338678151,-0.15347919032118207,0.14264341048783247,0.061092303303348805,-0.092092775591738,0.27303545663869644,0.34967990144688255,0.9286238486636561,-0.024976955107254964,0.12148195722315298,0.08837502524443244,-0.1090560641119221,0.24495945428674987,0.7231014070213012,-0.6481343166092082,-0.22911412762287545,-0.06747576839827908,0.11054728459670847,-0.030989328587846594,0.305888842514677,0.8617247634593491,-0.3377885316553491,-0.20812151707363988,-0.31625112498458985,0.10880416969069971,-0.07316465866694229,0.2741145101669506,0.8199060775620198,-0.4703124586109866,-0.1280132752796037,-0.30028788953992225,0.11057007310492854,-0.11926178501689264,0.2623018095270318,0.7300462364034875,-0.5572744046085991,-0.25573214144927137,-0.3017926482056916,0.11112886605520618,-0.04598636176836767,0.2909333061555396,0.8586407369656357,-0.35080920269279964,-0.15494771828231013,-0.34008850719813855,0.10791689021739112,-0.013837405587805348,0.3208380954662432,0.8617247634593491,-0.3377885316553491,-0.20812151707363988,-0.31625112498458985,0.06776100088735584,-0.07138099189745892,0.301316934441924,0.43835288321782023,0.8646785873698819,-0.20582554578707868,0.13346735563463064,0.09275096696917193,-0.06479113778735884,0.2602764858693599,0.9466949289442287,-0.21181880941246728,-0.2209694720886105,-0.10036929757275201,0.10439422654679248,-0.1196825667791143,0.25562547827409504,0.7231014070213012,-0.6481343166092082,-0.22911412762287545,-0.06747576839827908,0.07746166971397273,-0.04667215132982646,0.2933326296431566,0.8006690890804868,0.5393392127204926,-0.25513102297319795,0.0543174422235828,0.0684824980489275,-0.0929662842051297,0.28788706359972094,0.43835288321782023,0.8646785873698819,-0.20582554578707868,0.13346735563463064,0.019848367552353394,-0.07815412588678106,0.2698210891783293,0.7113991642881781,-0.3534481851670845,0.2678696303786715,0.5451893896371888,0.05925322685201886,-0.12898755221948657,0.2507553560465827,0.45707085030552175,-0.6410752510862945,0.02658354504364673,0.6159562284599,0.03329262255744914,-0.10800137017381328,0.25674566487056066,0.6435648529003978,-0.5424005722797558,0.14264925198144632,0.5208426731854991,0.018887920122874415,-0.05718546221379639,0.28461990337084014,0.7113991642881781,-0.3534481851670845,0.2678696303786715,0.5451893896371888,1669,0.10186161897331489,-0.156979169425784,0.24139813028175308,0.7231014070213012,-0.6481343166092082,-0.22911412762287545,-0.06747576839827908,Static,Right
I,35,149,149,150,0.0,0.0,0.0,-1.0,1.734723475976807e-18,0.0,0.0,0.04054516998717832,-0.07630827317355139,0.28394099523489297,0.32365166041889737,0.92986997881033,0.01600384557731115,0.1741703250904266,0.0540084373496708,-0.06609307302066682,0.2445312498060964,0.9626049880170972,-0.19884824708049306,-0.1785761729644879,0.044289526154349966,0.07160064990812304,-0.12497017953899114,0.24733139914642208,0.724004175164299,-0.6490121832586538,-0.22355087515981742,-0.06801578156412172,0.039710008639860433,-0.05157360463942311,0.2784429023809346,0.7656629586215771,0.6179190004647371,-0.09871398102792028,0.14896943515074804,0.04854323132318503,-0.09102031267262074,0.2676615282398314,0.32365166041889737,0.92986997881033,0.01600384557731115,0.1741703250904266,0.057165317567712245,-0.07427234172858342,0.2920846064456926,0.34960221169810607,0.9292407609141318,-0.027467668163995852,0.1163418627887264,0.07630929248834326,-0.06134442949359769,0.24936236817938973,0.9625118405545363,-0.17498869685316615,-0.20649810320608467,-0.017562634718022767,0.08836594225830552,-0.12347054100490062,0.2514240351771465,0.724004175164299,-0.6490121832586538,-0.22355087515981742,-0.06801578156412172,0.05878410989231481,-0.04593606710044891,0.28757982669427856,0.7480743578763934,0.6309952093662908,-0.15319690750449078,0.13696900516420898,0.06245132160920927,-0.09224319888837955,0.2739525146409537,0.34960221169810607,0.9292407609141318,-0.027467668163995852,0.1163418627887264,0.08937034346670424,-0.10937371741104733,0.24565279468862486,0.724004175164299,-0.6490121832586538,-0.22355087515981742,-0.06801578156412172,0.11269655876565143,-0.03150924318493908,0.3064208408174817,0.8609460949623425,-0.34076002432031727,-0.20286854552286912,-0.31858873274449856,0.11032528770556815,-0.07367999152220281,0.27467626562368247,0.8191359278853877,-0.472099396327368,-0.12268903653733516,-0.3018043935204063,0.11161662365762862,-0.11977913415735925,0.26280979821495365,0.7300426315161989,-0.559185038759896,-0.25041163147072526,-0.302727374745276,0.11301592873953062,-0.0465212044144887,0.2914731691973838,0.8576561036264169,-0.3532872330745758,-0.14979791333151593,-0.3423079374194922,0.11036081025655778,-0.014313507442190135,0.3213692039776345,0.8609460949623425,-0.34076002432031727,-0.20286854552286912,-0.31858873274449856,0.06950513617624735,-0.07162174520238329,0.3022116149261743,0.4393154902671507,0.8645545693515351,-0.20764571960886014,0.12818171380050095,0.09423305900360102,-0.06516059702467257,0.2609733572535943,0.9473332672543779,-0.21224055856328394,-0.21640244385161295,-0.10336154192416169,0.1053846157229952,-0.12014257884145794,0.25618286090845477,0.724004175164299,-0.6490121832586538,-0.22355087515981742,-0.06801578156412172,0.07934005908160914,-0.04698340654766892,0.2941765635398294,0.8015923832812467,0.5389479813359098,-0.254161264795819,0.04885464109814106,0.06994532027298639,-0.09320080593281875,0.28875846232341396,0.4393154902671507,0.8645545693515351,-0.20764571960886014,0.12818171380050095,0.021366979470954957,-0.07790525005849308,0.2711618632083271,0.7129786875003626,-0.349007424043965,0.27261026575722996,0.5436348518410394,0.060138302561149756,-0.1290609417314514,0.25168409256338503,0.4599103871995145,-0.6379873086007503,0.031076416929407207,0.6168378118445671,0.03441348149451066,-0.10785828318154797,0.2579246936967378,0.6456251538343066,-0.538888613121075,0.14780964184882006,0.5204993113937767,0.02075163974489653,-0.05695072530772617,0.28599845511789385,0.7129786875003626,-0.349007424043965,0.27261026575722996,0.5436348518410394,1681,0.10243239083456096,-0.15740299065639438,0.24194330482023843,0.724004175164299,-0.6490121832586538,-0.22355087515981742,-0.06801578156412172,Static,Right
I,35,150,150,151,0.0,0.0,0.0,-1.0,0.0,0.0,0.0,0.04037472297089331,-0.07600900607941759,0.28244316528080954,0.32705245369635216,0.9278953044956226,0.014937065552648641,0.1783924900292814,0.05421347594718737,-0.06610421633932619,0.24308918305199703,0.9609940819242425,-0.2028068395491715,-0.18287803726613894,0.043765098244419445,0.07171796567115563,-0.12497407357894921,0.2465454405785562,0.7201364729091354,-0.651848466383224,-0.22699485120302584,-0.07050088500965884,0.039604753712420004,-0.05131612276646804,0.2767513013476095,0.767548379515447,0.6143013726095581,-0.1019070860887109,0.1520468826320765,0.04851912040008824,-0.09083908761371456,0.2663439916932794,0.32705245369635216,0.9278953044956226,0.014937065552648641,0.1783924900292814,0.05692153124901325,-0.0739218243138982,0.2907118949344399,0.35258514324788987,0.9274998829188484,-0.028756477313134195,0.12083355891029073,0.07647204157670698,-0.06133501977580829,0.24809232109275697,0.9608173556434821,-0.17872494697635596,-0.21111539828181472,-0.017823889330780232,0.08844415194836779,-0.12345488362468925,0.2507895056702902,0.7201364729091354,-0.651848466383224,-0.22699485120302584,-0.07050088500965884,0.05859048426809305,-0.045619380285494816,0.28601808338739315,0.7496192308657835,0.6276181414452873,-0.15633399450018934,0.14044984659503662,0.062378121731212946,-0.09201437798349439,0.2727511923027957,0.35258514324788987,0.9274998829188484,-0.028756477313134195,0.12083355891029073,0.08952180608072459,-0.10940475944021258,0.2449147238895089,0.7201364729091354,-0.651848466383224,-0.22699485120302584,-0.07050088500965884,0.11240912430243652,-0.0310501597900108,0.3052570303442235,0.8577915515983016,-0.3445257400917036,-0.2070709838491228,-0.320339313960367,0.11023269759187652,-0.07348437000721174,0.2738347616798516,0.8166252169041017,-0.4736606857673907,-0.1274062724226883,-0.30419804670978706,0.1115919223381612,-0.11968336492605385,0.262371858008535,0.7263195337690266,-0.5609390859018556,-0.2549216928908901,-0.3046673715165073,0.1127986127113827,-0.04620947649208861,0.29045996746318525,0.8547985157593689,-0.3563694178590525,-0.15427594146059143,-0.34426627682192196,0.11002882103052533,-0.013688898667032687,0.3200063548898933,0.8577915515983016,-0.3445257400917036,-0.2070709838491228,-0.320339313960367,0.06913775019727111,-0.0711887248839719,0.30098384485226765,0.4423025666129084,0.861824968599011,-0.20972322376906546,0.13282444232466428,0.09428042697593451,-0.06506711829124552,0.2599054928998396,0.9454480409162965,-0.21535579754323939,-0.22126926300774497,-0.1038739411019997,0.10542332249399088,-0.12009775874538545,0.2556881539662392,0.7201364729091354,-0.651848466383224,-0.22699485120302584,-0.07050088500965884,0.07908036935443086,-0.04663266842528832,0.2928278320093634,0.8027644396072072,0.5350532445567171,-0.2580434763701099,0.051969647817597095,0.06967171016794432,-0.0928874591683963,0.28772968885485817,0.4423025666129084,0.861824968599011,-0.20972322376906546,0.13282444232466428,0.021287515709637515,-0.07767043497274337,0.26944662551061355,0.7131396693606871,-0.3547306938748288,0.27138783695666474,0.5403208202162817,0.06020775899584452,-0.12902135197873335,0.25081334039535885,0.4575285558720513,-0.64320215974977,0.031560221065776176,0.6131578546354487,0.034436124858543235,-0.10774765968648127,0.25659920067259184,0.6443658322338777,-0.5442075468374066,0.14698570443020767,0.5167456075361548,0.020539200820430287,-0.056589031849997806,0.2840976473590339,0.7131396693606871,-0.3547306938748288,0.27138783695666474,0.5403208202162817,1692,0.10257150023179756,-0.15747548309195594,0.24173814000722663,0.7201364729091354,-0.651848466383224,-0.22699485120302584,-0.07050088500965884,Static,Right
I,35,151,151,152,0.0,0.0,0.0,-1.0,0.0,0.0,0.0,0.04021042556325724,-0.07584953004077159,0.2810380126559678,0.32998624895670314,0.9261405311725347,0.013824139090110786,0.18215840688081686,0.054389977571407636,-0.06621767971850276,0.24174279973864693,0.9595413072156732,-0.2062754494116658,-0.18673772367020935,0.043127036477376306,0.07178147902917636,-0.12508684526067182,0.24579074877650836,0.7165874653416601,-0.6544479411063094,-0.22995885109183184,-0.07293300831209704,0.03950766123140104,-0.05119354455494112,0.2751796679224796,0.7691612351044802,0.6111100392520116,-0.10489610725282499,0.15470074667292172,0.04848098074248071,-0.09078094941877227,0.26509967104256,0.32998624895670314,0.9261405311725347,0.013824139090110786,0.18215840688081686,0.05669178740621554,-0.07371509519841594,0.28941499992498143,0.35510273333777337,0.925962931098833,-0.030040546614400372,0.12486898960914318,0.07661079976009191,-0.0614384239947695,0.24690234836096245,0.9592512905308626,-0.18209825469364715,-0.21527819692634215,-0.018234176168543132,0.08846983268075105,-0.12355641343034286,0.25017175697242505,0.7165874653416601,-0.6544479411063094,-0.22995885109183184,-0.07293300831209704,0.0584140283696566,-0.04544268287284534,0.2845606513222568,0.7509060971426041,0.6246431682605355,-0.15927487708144358,0.14350072874446843,0.062297957252845954,-0.09191128111657251,0.2716050503831491,0.35510273333777337,0.925962931098833,-0.030040546614400372,0.12486898960914318,0.08962286026401504,-0.10954893358287893,0.24420815523227485,0.7165874653416601,-0.6544479411063094,-0.22995885109183184,-0.07293300831209704,0.11217572689614547,-0.0307650852494443,0.30416358782555786,0.8546344941573426,-0.3484390395097837,-0.21045248581884093,-0.32233502501992095,0.1101302363478765,-0.07343289988267487,0.2730292222652768,0.8143093525203994,-0.4749487329217565,-0.13148324153186575,-0.30665312111586135,0.1115267609447272,-0.11972086006166777,0.2619349205514077,0.7228436784246871,-0.5625654959808015,-0.2588719444550574,-0.3065981012129722,0.11260278087686292,-0.04606144597367987,0.2895093115386982,0.8519513216697152,-0.359469674959161,-0.15797655361509771,-0.34641580044489423,0.10979037738344573,-0.013241800256222545,0.3187192136708656,0.8546344941573426,-0.3484390395097837,-0.21045248581884093,-0.32233502501992095,0.068787655763027,-0.07090811316792364,0.2998331636103523,0.44515989784617577,0.8591905172409466,-0.21187158094266684,0.13687495615222017,0.09431124522235794,-0.06510270404116855,0.25889825587889986,0.943703229234983,-0.21813071685457938,-0.22562991645451821,-0.10456742464410133,0.10541587732039503,-0.12017850219822047,0.2552015773249918,0.7165874653416601,-0.6544479411063094,-0.22995885109183184,-0.07293300831209704,0.07884326915754805,-0.046436186919350794,0.291563618160671,0.8038501640077775,0.5313756566868639,-0.26170482859495336,0.05454730053228697,0.06938852787969567,-0.0927185677715881,0.28676560065160206,0.44515989784617577,0.8591905172409466,-0.21187158094266684,0.13687495615222017,0.021191581449023385,-0.07755095200272875,0.2678218588710785,0.7133793047717406,-0.36004416270023026,0.27017057856784465,0.5370903340269626,0.06022578437691396,-0.12909114950279515,0.2499763854831741,0.45546120578581556,-0.6480407458542408,0.032058677842947136,0.6095658478882922,0.034421660476588525,-0.10774435634050869,0.25533603000713384,0.6433211376874695,-0.5491033243554757,0.1462348806950754,0.513068039010775,0.020323759492399514,-0.05635403522566466,0.2822985123586018,0.7133793047717406,-0.36004416270023026,0.27017057856784465,0.5370903340269626,1703,0.10263490751573145,-0.15765844339362234,0.24151394568417217,0.7165874653416601,-0.6544479411063094,-0.22995885109183184,-0.07293300831209704,Static,Right
I,35,152,152,153,0.0,0.0,0.0,-1.0,0.0,0.0,0.0,0.04006474526861513,-0.07577439697641607,0.2797198643114599,0.3325208185066859,0.9245702300860734,0.012782517906906578,0.18557047753936587,0.0545539498703964,-0.06638412169145133,0.24048313099839844,0.9582200755947144,-0.20932355099845731,-0.19023950917141128,0.042507256731958334,0.07182408484173321,-0.12525290465593716,0.2450667750020354,0.7133162114998495,-0.65682771708954,-0.23259007346138075,-0.07522758936503901,0.039426010389051414,-0.05115284608667993,0.27371589632872045,0.7705402399734365,0.6082820924524609,-0.1076352607729588,0.1570836885920119,0.0484486570750768,-0.09079556100814846,0.2639222328448993,0.3325208185066859,0.9245702300860734,0.012782517906906578,0.18557047753936587,0.05648647066581934,-0.0735965402682962,0.28818797042426425,0.35722976870518736,0.9246014111694832,-0.03120942298107861,0.1285499697838422,0.0767391077339422,-0.06159850625818319,0.2457857100401872,0.9577999765514428,-0.18514845116712322,-0.2190689761331005,-0.01865582065914198,0.08847617515684364,-0.12371535437941908,0.2495751184100496,0.7133162114998495,-0.65682771708954,-0.23259007346138075,-0.07522758936503901,0.05825783722875685,-0.045351024452049894,0.2831957698299487,0.7519739790597146,0.6220180435809725,-0.16197033024059374,0.14626790624929456,0.06223003379804794,-0.09187919567474277,0.27051175547775397,0.35722976870518736,0.9246014111694832,-0.03120942298107861,0.1285499697838422,0.08970352007969806,-0.10974537436464504,0.24353203436072865,0.7133162114998495,-0.65682771708954,-0.23259007346138075,-0.07522758936503901,0.11198946134265529,-0.030577501853075027,0.30313405970396523,0.851529827562328,-0.3524115029273147,-0.21320244421505724,-0.32441917815830285,0.11003380193115692,-0.07345552269109895,0.2722616663519718,0.8121937713299766,-0.4760072613085891,-0.1350808354332543,-0.3090494020265052,0.1114518564674278,-0.11982264169875013,0.2615024124158261,0.7196153349359211,-0.5640621464628158,-0.2624122596255753,-0.30842741553082254,0.11243090673080826,-0.04600190576935848,0.28861562243280486,0.8491696584526872,-0.3625404172310733,-0.16107963373557344,-0.34860965080284234,0.10962728980980203,-0.012898919094764765,0.31750452797423917,0.851529827562328,-0.3524115029273147,-0.21320244421505724,-0.32441917815830285,0.06846525573291595,-0.07071940427065482,0.298750685736502,0.4478862029309401,0.8566697459392438,-0.2139671858926853,0.1404739797174593,0.09433858362856948,-0.06520355061739794,0.2579475668228716,0.9420930330894284,-0.2206038129917814,-0.22958099613722704,-0.10529596815874333,0.10539392306635427,-0.12031890676275998,0.25472410658808414,0.7133162114998495,-0.65682771708954,-0.23259007346138075,-0.07522758936503901,0.07863291293104965,-0.046328627871406944,0.2903777636812617,0.8048604500104503,0.5279163170371618,-0.2651062802301561,0.05676863920708613,0.06911641564338426,-0.09263287055891824,0.2858602700719805,0.4478862029309401,0.8566697459392438,-0.2139671858926853,0.1404739797174593,0.021097620648833873,-0.07750228879570957,0.2662808600507824,0.7136159914938767,-0.36502920070069556,0.2689373428566236,0.5340211652521292,0.06022581605001537,-0.12921701220073056,0.24917348480531787,0.45358108927287655,-0.6525562624102696,0.03250318313802733,0.6061172023041963,0.03439712929032059,-0.10780343838560227,0.2541325503154341,0.6423919946632802,-0.5536515293861674,0.14549502866711012,0.509542643783665,0.020115594801167598,-0.05619992109525968,0.2805935219132506,0.7136159914938767,-0.36502920070069556,0.2689373428566236,0.5340211652521292,1714,0.10266692305861805,-0.1578912569508818,0.24127825903952987,0.7133162114998495,-0.65682771708954,-0.23259007346138075,-0.07522758936503901,Static,Right
I,35,153,153,154,0.0,0.0,0.0,-1.0,0.0,0.0,0.0,0.03930679395081644,-0.07617599661385777,0.2801530802100766,0.3303606715339416,0.9251575754133082,0.014030003628870654,0.186409351581904,0.05377368901066827,-0.0665381193739372,0.24095951533476245,0.9586090469874983,-0.20662094356806351,-0.19091269840995698,0.04391835947063966,0.07129029030182527,-0.12535531950366546,0.24525612761726354,0.7150892310250603,-0.6545286157398793,-0.23388362904735174,-0.0744186193990872,0.03857507561592384,-0.05152928620568966,0.27426111175002166,0.7688428713129382,0.6101959360280798,-0.10695999399467966,0.15843332531620535,0.047752200270510164,-0.09110315007994302,0.2643019557548458,0.3303606715339416,0.9251575754133082,0.014030003628870654,0.186409351581904,0.05571678215163494,-0.07400251930153993,0.28864340750776285,0.3547920702484945,0.92548162030174,-0.029743446272632434,0.1293123535331425,0.07593812661241758,-0.06168735582975243,0.2462931431654766,0.9583174289673347,-0.18202615974225572,-0.2195394805817656,-0.017222049030610923,0.08793544775666069,-0.1237711336608018,0.24977514770119852,0.7150892310250603,-0.6545286157398793,-0.23388362904735174,-0.0744186193990872,0.057377216576795176,-0.045726182336879646,0.28378707809340786,0.750162054527248,0.6241240720554516,-0.16119080816580136,0.14745696996492025,0.06153629883846176,-0.09217772115152498,0.2708822950075831,0.3547920702484945,0.92548162030174,-0.029743446272632434,0.1293123535331425,0.0891034857049578,-0.10976628317725654,0.24380087851703228,0.7150892310250603,-0.6545286157398793,-0.23388362904735174,-0.0744186193990872,0.11106475968132384,-0.030769089043288102,0.3037642976098014,0.8525674530519499,-0.3512084980116643,-0.21282817368542664,-0.32324216526719995,0.10927341099345177,-0.07353743149779579,0.27271895331194557,0.8139392110674478,-0.47380443715102444,-0.13554177973163825,-0.3076373546403002,0.11088924867419785,-0.11984332822136706,0.2617277183396853,0.7216379430493449,-0.5616499707884935,-0.2629252988339322,-0.3076658523428987,0.11154444375825978,-0.04614850771929323,0.2891988742594665,0.8503567112789677,-0.3611397888432328,-0.16080421424183797,-0.34729457407098785,0.10866749793779698,-0.0131342782503732,0.3181823564746805,0.8525674530519499,-0.3512084980116643,-0.21282817368542664,-0.32324216526719995,0.06767990933627738,-0.07110324546102717,0.29921917037205725,0.4455716997485404,0.8581340306781968,-0.21255194645167927,0.1410443754099773,0.09354866238155546,-0.06528014171026911,0.25844134803453755,0.9428227171402515,-0.2177582195813002,-0.2299661624857193,-0.10383759415860555,0.10483452893286384,-0.12033126555485615,0.2549444716235111,0.7150892310250603,-0.6545286157398793,-0.23388362904735174,-0.0744186193990872,0.07774916373060727,-0.046634416901615794,0.29095952559323013,0.8035200155404533,0.5302609943227297,-0.26424578318964137,0.05790534165543705,0.06842692655351906,-0.09295424623163415,0.28622839847043136,0.4455716997485404,0.8581340306781968,-0.21255194645167927,0.1410443754099773,0.02036194144354039,-0.07794669941174297,0.26676239071777946,0.7134177128480313,-0.36333869584277734,0.26693890309214385,0.5364361855001176,0.059708651826345674,-0.12938689366002484,0.24934236121864586,0.4539845697623268,-0.6512017008322785,0.02946275206168981,0.6074259637946128,0.03378543141404485,-0.10812027149796323,0.2544343580049157,0.6427833358008427,-0.5519689565571042,0.14307815566200321,0.5115549780682059,0.019302360382845267,-0.056730610905195364,0.28119716270967976,0.7134177128480313,-0.36333869584277734,0.26693890309214385,0.5364361855001176,1726,0.10226985408385939,-0.15784619614112616,0.2413087133744724,0.7150892310250603,-0.6545286157398793,-0.23388362904735174,-0.0744186193990872,Static,Right
I,35,154,154,155,0.0,0.0,0.0,-1.0,0.0,0.0,0.0,0.03919155507293645,-0.0763389622368357,0.28025914846186195,0.329484730479927,0.925493187670433,0.011526172284602657,0.18646533004463972,0.05376065540933736,-0.0666190163644028,0.2411113029320648,0.9589247858943517,-0.20528975919389397,-0.19130046441260298,0.041515082597863635,0.07102744833494162,-0.1255235380199876,0.24523081948028463,0.7158625363499582,-0.6537376789773147,-0.23296260640928942,-0.07678736973584194,0.038570742358759444,-0.05167064174798424,0.27444389181806483,0.7681064357868291,0.6110824690658874,-0.10906977889441641,0.15714484603421097,0.04759858903889341,-0.09125837505346002,0.264379025348284,0.329484730479927,0.925493187670433,0.011526172284602657,0.18646533004463972,0.0555976306610359,-0.0742744169849393,0.288774307749887,0.3533655287951436,0.9259613181316291,-0.0321980886779849,0.1291964530037468,0.07593633664058053,-0.061877257506128,0.24649531833511318,0.9584722503808251,-0.1805842079341892,-0.2198415557304056,-0.0197478978307472,0.08767153607816802,-0.1240237307828728,0.24978238958820131,0.7158625363499582,-0.6537376789773147,-0.23296260640928942,-0.07678736973584194,0.05738508206169374,-0.04598753708697586,0.284024131739623,0.7492074811468353,0.6250455537770645,-0.16333212162250352,0.14604391101113715,0.06136753964224834,-0.0924093850145171,0.27095594174975357,0.3533655287951436,0.9259613181316291,-0.0321980886779849,0.1291964530037468,0.08890785351300179,-0.11000233800039559,0.2438599180906066,0.7158625363499582,-0.6537376789773147,-0.23296260640928942,-0.07678736973584194,0.1111731923146994,-0.03125158792377039,0.30406770506550307,0.8515747566468167,-0.3520237789557988,-0.2113658314781767,-0.32592050898207225,0.10918218792217271,-0.07395417216905333,0.2729314694503318,0.8137854230644824,-0.47284934588423816,-0.13449293208694946,-0.3099652117952347,0.11062418503956983,-0.12022855968238576,0.26178557758025944,0.7217530010430444,-0.5607278283479792,-0.2618045995315443,-0.3100246113869769,0.11156054422707505,-0.04662113804423918,0.28948782160950887,0.849512187860468,-0.36124904784279005,-0.15952304743235962,-0.34982933760205365,0.10890151558580172,-0.013602123474441515,0.31848700010691405,0.8515747566468167,-0.3520237789557988,-0.2113658314781767,-0.32592050898207225,0.06754580704394476,-0.07141390638752172,0.29940539114928527,0.44494449587589674,0.8579538734823564,-0.2150784940672803,0.14028823170927787,0.09351303715534112,-0.06558394139677907,0.25865816531060376,0.9427728444504259,-0.21665953188874085,-0.23005604554287437,-0.10635895316229768,0.10457910887035905,-0.12066928525570449,0.25499182779994933,0.7158625363499582,-0.6537376789773147,-0.23296260640928942,-0.07678736973584194,0.0777423497258603,-0.04697501089267212,0.29121184616999246,0.8028974491779987,0.5304735769198414,-0.26610561034051644,0.05604707341720375,0.06820232654367032,-0.09324299208149534,0.2863718653442072,0.44494449587589674,0.8579538734823564,-0.2150784940672803,0.14028823170927787,0.020250610424162638,-0.07798818030814282,0.26680782404508574,0.7153062345003586,-0.36212478771204765,0.2660372517502902,0.5351885739536816,0.059421495982747756,-0.12952385181356046,0.24928148714766432,0.45630905954884377,-0.6509298399424733,0.029280091095485287,0.6059827241032174,0.033572108268114895,-0.1081724480172213,0.25439731833176926,0.6449070805277607,-0.5509982589249354,0.14274445142002767,0.5100194091754211,0.019242923698726665,-0.05681755690415108,0.2813132462433445,0.7153062345003586,-0.36212478771204765,0.2660372517502902,0.5351885739536816,1736,0.10188026941080812,-0.15812639074655463,0.24122558343850897,0.7158625363499582,-0.6537376789773147,-0.23296260640928942,-0.07678736973584194,Static,Right
I,35,155,155,156,0.0,0.0,0.0,-1.0,0.0,0.0,0.0,0.03916764153642882,-0.07636711711946774,0.2803652663318609,0.3288842716659353,0.92572875668008,0.00928349846393029,0.18648115605226878,0.05382648790046397,-0.06658728080748108,0.24125361423192576,0.9591743593459436,-0.20425213842463613,-0.19161358931771263,0.03936806714895723,0.07085632359092597,-0.12557157526060153,0.24524041059284882,0.7163751604749846,-0.6532358561924116,-0.2320784179927588,-0.07892498679749829,0.0386472239705159,-0.051682732879052735,0.27461080213189953,0.7675696585679145,0.6117213565786884,-0.11094252694991322,0.15596652482321988,0.04753869192074108,-0.0912856014629863,0.2644652997483899,0.3288842716659353,0.92572875668008,0.00928349846393029,0.18648115605226878,0.055570588053949294,-0.07439196956003828,0.2888967512941546,0.3522196370181967,0.9263366970213426,-0.034452325734089545,0.12905304452771113,0.07601357686701682,-0.06194636540515381,0.24667912512203638,0.95856474578874,-0.1795298415236589,-0.22007993163665882,-0.022079126437927248,0.08749856840409645,-0.12414904932063826,0.24982129222509306,0.7163751604749846,-0.6532358561924116,-0.2320784179927588,-0.07892498679749829,0.05747527832225041,-0.04609936342863114,0.2842332920335949,0.748450355909622,0.625748685283028,-0.16527208584879727,0.14472658789769846,0.06129162241826133,-0.09249765681104033,0.2710316468732098,0.3522196370181967,0.9263366970213426,-0.034452325734089545,0.12905304452771113,0.08880095686585765,-0.1101142973983469,0.24394116707553998,0.7163751604749846,-0.6532358561924116,-0.2320784179927588,-0.07892498679749829,0.1113840206621018,-0.03155218487858426,0.30431406227700375,0.8503566284549868,-0.35350334498717173,-0.2098024011996267,-0.3284995311662091,0.10917553844891159,-0.07421909168210289,0.2731310647441514,0.8134170714948095,-0.47232352667523414,-0.13343766676211943,-0.3121819069692525,0.11045255162677496,-0.12047060742283267,0.26187056661890873,0.7216733683276985,-0.5601159833377286,-0.2608120781292239,-0.3121453100049387,0.11166897773029667,-0.04692636713757903,0.28973781329667625,0.8484670469024612,-0.36191216759672173,-0.15820080640592982,-0.3522722783850195,0.10925274520769757,-0.013868855736407736,0.318714166178952,0.8503566284549868,-0.35350334498717173,-0.2098024011996267,-0.3284995311662091,0.06749951398553226,-0.07155138149733822,0.2995883914665909,0.44490388136779707,0.8574892183607825,-0.21750308933362444,0.13951767941452073,0.09355886575936079,-0.06575172150966768,0.25885736114381025,0.942647998594028,-0.21597932832829148,-0.23010799277193594,-0.1087105889230857,0.10441453693652035,-0.12087061398334352,0.25506792203376255,0.7163751604749846,-0.6532358561924116,-0.2320784179927588,-0.07892498679749829,0.07782170096142009,-0.04715238384175791,0.29143291971826185,0.8026016662323411,0.5302341407001034,-0.26784045114756133,0.05425692698783749,0.06805888664900347,-0.09337425589989559,0.2865409281869501,0.44490388136779707,0.8574892183607825,-0.21750308933362444,0.13951767941452073,0.02021808718313622,-0.07789732478140259,0.26682553157364036,0.716953303485282,-0.3614660422418475,0.2652263022716784,0.5338307498738234,0.05922808075234357,-0.12953971723343302,0.24925717841915024,0.4582511402273206,-0.6509826241823747,0.02930228331872541,0.6044575185116808,0.03344778435291845,-0.108103643582659,0.2543687314117718,0.6467141626662329,-0.550457629082501,0.1425342296704655,0.5083711083096992,0.019250801412507266,-0.05675613428058517,0.2813765123806541,0.716953303485282,-0.3614660422418475,0.2652263022716784,0.5338307498738234,1748,0.10158842151833788,-0.158282243335234,0.24120221271617362,0.7163751604749846,-0.6532358561924116,-0.2320784179927588,-0.07892498679749829,Static,Right
I,35,156,156,157,0.0,0.0,0.0,-1.0,0.0,0.0,0.0,0.039598185090352185,-0.07566238280316472,0.28030124686861013,0.3306166158597526,0.9257049644178255,0.009923459689450145,0.1834788737632459,0.05403420135681651,-0.0659831144089425,0.2410634341529785,0.9595559570419134,-0.20523771219104275,-0.1885463586313692,0.03975069114890437,0.07099776036812235,-0.12498318852520877,0.24510946998388855,0.7160916757237655,-0.6546507915855232,-0.22954167943560258,-0.07717299033638902,0.03907340267397533,-0.050993153256815235,0.2744803014123315,0.7688613011112541,0.611032613807065,-0.10877407617681939,0.15381691997142338,0.047853112675343895,-0.09064878557835533,0.2644052441186638,0.3306166158597526,0.9257049644178255,0.009923459689450145,0.1834788737632459,0.05603783772478289,-0.07364379419926508,0.28874441892107144,0.35428744614159,0.925989298262607,-0.03422577416941505,0.12590798780100868,0.07625959285668837,-0.0613602246705401,0.24634187503490546,0.9589526967577474,-0.18115170198224576,-0.21703641512486896,-0.022112909345561677,0.08766946774083009,-0.12357289718844376,0.24958703501683305,0.7160916757237655,-0.6546507915855232,-0.22954167943560258,-0.07717299033638902,0.05797970630905002,-0.04537281600359098,0.2839629673359197,0.750294320086177,0.6245777449153709,-0.1634534549524184,0.14228155842191617,0.06160924746646619,-0.09183294970134782,0.27091672443716985,0.35428744614159,0.925989298262607,-0.03422577416941505,0.12590798780100868,0.08895936098437401,-0.1095550600577762,0.24366241286868362,0.7160916757237655,-0.6546507915855232,-0.22954167943560258,-0.07717299033638902,0.11222404294887667,-0.030743617868788042,0.3035118388490746,0.8488539358305475,-0.35942907206638014,-0.2059680260087045,-0.3283822620674985,0.10956191515397284,-0.07360957705731615,0.27262828282890356,0.8119072097256773,-0.4762549353310058,-0.13017346087325193,-0.3115169168000424,0.11070227077609036,-0.11989404904973795,0.2614905001304563,0.7214309671351202,-0.5622628080697121,-0.2586574804422018,-0.310635159200209,0.1122973088877587,-0.0462283583071551,0.2890508814928482,0.8468948411285044,-0.3671576030430512,-0.15470595370609347,-0.35217962815230297,0.11034192866387744,-0.012923476066798695,0.31777743466471414,0.8488539358305475,-0.35942907206638014,-0.2059680260087045,-0.3283822620674985,0.06803820399567834,-0.07071119106047981,0.29937446248611577,0.44828271299487005,0.8563066984341541,-0.21709837779875418,0.1365640575111446,0.09387292532285982,-0.06515845315039756,0.2584252345367538,0.9427876626967743,-0.21849740265188644,-0.22712488945769715,-0.10874094302497903,0.10462324423478522,-0.12030378381530053,0.25472536600525253,0.7160916757237655,-0.6546507915855232,-0.22954167943560258,-0.07717299033638902,0.07838564171401469,-0.04638972333213982,0.2910223390313012,0.8049584656447154,0.5278440310183576,-0.26593610974928145,0.051966653121159896,0.06843861076535007,-0.0926100935561031,0.2864483109743165,0.44828271299487005,0.8563066984341541,-0.21709837779875418,0.1365640575111446,0.020550766063823722,-0.07719635013539394,0.26688876564209973,0.7161988042695207,-0.3601612421226186,0.268546365522156,0.534065540922125,0.05938764569920495,-0.12892339094879546,0.249202904145537,0.45765333383652856,-0.6496950712685841,0.03178459104396821,0.606167864679239,0.03366045174197123,-0.10744850861605358,0.25441864272044273,0.6459679154457695,-0.5494873318373467,0.14554657205042085,0.5095147885285496,0.019722553563115183,-0.056022380411986296,0.28140248502087667,0.7161988042695207,-0.3601612421226186,0.268546365522156,0.534065540922125,1759,0.1016581327995553,-0.15774990945333148,0.24098286605519,0.7160916757237655,-0.6546507915855232,-0.22954167943560258,-0.07717299033638902,Static,Right
I,35,157,157,158,0.0,0.0,0.0,-1.0,0.0,0.0,0.0,0.038729031307198285,-0.07642390133535448,0.28052468909650374,0.3316890222575198,0.9252280260332475,0.013261198977234786,0.18373794642957458,0.053033436206670774,-0.06665454153325026,0.24121894718098993,0.959581420992872,-0.20456671778720972,-0.1883385294491006,0.04341143609717255,0.07037320307425755,-0.12554766580895405,0.24525763546114632,0.7163579605158321,-0.6542148333030516,-0.2309248623369612,-0.07421544479765278,0.03803008205823223,-0.051769062323376976,0.27466383913759457,0.7689478151494883,0.6108948437018931,-0.10594088467617725,0.15589508160714094,0.04704914825346085,-0.09141671872384359,0.264668472815312,0.3316890222575198,0.9252280260332475,0.013261198977234786,0.18373794642957458,0.055164776871416576,-0.07426604689976457,0.28893130845169546,0.35492061920203544,0.9258303054758671,-0.031062440599797837,0.12611393385225303,0.07523950241270556,-0.06188880691152721,0.24645211468915448,0.9591622752892076,-0.1808095473972259,-0.21670993205270184,-0.018773454177484262,0.08704252676654149,-0.12402946902171563,0.2497052850828096,0.7163579605158321,-0.6542148333030516,-0.2309248623369612,-0.07421544479765278,0.0569286499718957,-0.0459929082313529,0.28409637499588014,0.7505809050302104,0.6245240477406158,-0.16075952783808484,0.1440638504517475,0.06080829810874693,-0.09245957579740545,0.27113178693299983,0.35492061920203544,0.9258303054758671,-0.031062440599797837,0.12611393385225303,0.0882360706549204,-0.11000375091795231,0.24377579516711864,0.7163579605158321,-0.6542148333030516,-0.2309248623369612,-0.07421544479765278,0.11123209568312588,-0.030966216249362754,0.30347442355516163,0.8491429494920375,-0.3615138595834122,-0.2052628252649912,-0.32577776661598906,0.10866945265859906,-0.0739127085543254,0.27267991051422147,0.812625177620289,-0.4767609492304525,-0.13055992270091316,-0.3086963306727229,0.11007828335903116,-0.12019579222770675,0.26156759002116986,0.722487545278612,-0.561964213481034,-0.2598141654544733,-0.30774107479035695,0.11130239216247383,-0.04649884631631551,0.2890656966645516,0.847258707744453,-0.36901150195893606,-0.15420833835579084,-0.34957543099416416,0.1093559268675726,-0.013096063121706114,0.3176793734941669,0.8491429494920375,-0.3615138595834122,-0.2052628252649912,-0.32577776661598906,0.06716062318952745,-0.07121093322795807,0.29955422055547404,0.44955112720464346,0.8563034839489775,-0.2141797316041683,0.1370225163097078,0.09289977959492096,-0.06556781915639855,0.2585025060831886,0.9432186009875984,-0.2184327697806811,-0.22693466827948422,-0.1054819992691558,0.10398890283440462,-0.12064746973494744,0.2548140453033382,0.7163579605158321,-0.6542148333030516,-0.2309248623369612,-0.07421544479765278,0.07736039492080388,-0.04685897897946939,0.2911095757488903,0.8058702243047273,0.5274625340347578,-0.2635470798996278,0.0538460160555988,0.0676408679566036,-0.09314730780927455,0.28669610696164255,0.44955112720464346,0.8563034839489775,-0.2141797316041683,0.1370225163097078,0.019636576932375336,-0.0781091833666004,0.2671351060029021,0.7141674307051469,-0.3603326770886584,0.26815411176525994,0.5368599585418103,0.058793333642338824,-0.12956128156622776,0.2493691871746333,0.4554199460928575,-0.6492423500693489,0.029921780781107854,0.6084256163345648,0.03292441988030415,-0.10827064779134361,0.2546315102582322,0.6441079454503046,-0.5493748640955882,0.14436109774164407,0.512320297047237,0.018704444799231165,-0.056944712414240886,0.28165470465414194,0.7141674307051469,-0.3603326770886584,0.26815411176525994,0.5368599585418103,1770,0.10123265155922585,-0.15811969473128817,0.24109949067215516,0.7163579605158321,-0.6542148333030516,-0.2309248623369612,-0.07421544479765278,Static,Right
I,35,158,158,159,0.0,0.0,0.0,-1.0,0.0,0.0,-8.673617379884035e-19,0.03793236982008466,-0.07713505678667903,0.28073848860522876,0.3332224801320704,0.9245649799405671,0.016399611962512318,0.18404735621467014,0.05211666919497586,-0.06728443089761106,0.24135853625841802,0.9595718492068291,-0.20396857449628406,-0.18818555173834725,0.046956202408991704,0.06980882635125017,-0.12607515406579275,0.24539687682353994,0.716557037871702,-0.6538409380050337,-0.23223854249032055,-0.07143737570209081,0.037070119928741506,-0.05249644037679636,0.2748279871432933,0.7691769360429521,0.6105414722496051,-0.10326698283998777,0.1579299907490245,0.046314168814845805,-0.09215202111995992,0.26493832465594025,0.3332224801320704,0.9245649799405671,0.016399611962512318,0.18404735621467014,0.05436305884267742,-0.07484254921413638,0.2891067886878431,0.3557096464839011,0.9255890838725872,-0.028051346909948302,0.1263669939135244,0.07430356291526752,-0.06238426246979431,0.24654904822001789,0.9593247478214432,-0.18056241996188946,-0.21645231283028954,-0.015544677071249261,0.08647544766566206,-0.12445638361872952,0.24981694030743995,0.716557037871702,-0.6538409380050337,-0.23223854249032055,-0.07143737570209081,0.05595894220120074,-0.04656966736915326,0.2842118017128232,0.750939150216157,0.624337078938637,-0.1582046438868365,0.14582487849350476,0.06007844160198042,-0.09304667227454744,0.27134157468642806,0.3557096464839011,0.9255890838725872,-0.028051346909948302,0.1263669939135244,0.08757945919418077,-0.1104232224568868,0.24388194373198638,0.716557037871702,-0.6538409380050337,-0.23223854249032055,-0.07143737570209081,0.11030204368287574,-0.03118472802164122,0.30346046266951693,0.8494769334332114,-0.3632610267843844,-0.20464713345602709,-0.323341795554941,0.10785054638848784,-0.07419222806498729,0.27272516885219367,0.8134693506219907,-0.47689222511766977,-0.13104592397697046,-0.30605291540839275,0.10951329300667392,-0.12047343413353588,0.2616415423913164,0.7234329995219028,-0.5617168866536333,-0.2609290028849275,-0.3050162125270876,0.11037280125970342,-0.04675873538501234,0.2890942511643572,0.847644103213245,-0.3706050208847491,-0.15375741228511797,-0.34714557601993523,0.10842620048011162,-0.013273431309992534,0.3176124350898522,0.8494769334332114,-0.3632610267843844,-0.20464713345602709,-0.323341795554941,0.06635199960668364,-0.07167936665590621,0.29972284998478654,0.4508656282037512,0.8562241544338495,-0.21140043647013976,0.137514501521515,0.09200703437452572,-0.06595056651445462,0.258571236820779,0.9436185014026267,-0.21832584137728206,-0.22682203438575638,-0.10232162779525095,0.10341465531036334,-0.12096578364845344,0.25489957448837436,0.716557037871702,-0.6538409380050337,-0.23223854249032055,-0.07143737570209081,0.07641137624115558,-0.047301720761899105,0.29118480434235566,0.806784832666505,0.5269950364294163,-0.261291590914892,0.055688148426774026,0.0669095402481035,-0.0936565880479278,0.2869364059787607,0.4508656282037512,0.8562241544338495,-0.21140043647013976,0.137514501521515,0.018790132769981455,-0.07897454102078308,0.26736110715480504,0.7121999359389737,-0.36054636092587067,0.26771345612244135,0.5395433979603599,0.05825718518836239,-0.13015744060615733,0.24952095890883294,0.45325112269640705,-0.6488395613230534,0.028086655330363273,0.6105585829622802,0.032250139018455026,-0.10904663336606273,0.25482601849265285,0.6423186380287405,-0.5492813738616305,0.14318297737823882,0.5149906548265575,0.01775441375793454,-0.05781929869460414,0.28188677623573666,0.7121999359389737,-0.36054636092587067,0.26771345612244135,0.5395433979603599,1781,0.10085528296743285,-0.158463168289306,0.24121585060537407,0.716557037871702,-0.6538409380050337,-0.23223854249032055,-0.07143737570209081,Static,Right
I,35,159,159,160,0.0,0.0,0.0,-1.0,0.0,0.0,-5.421010862427523e-20,0.03843703219666017,-0.0771298123857969,0.2811360185981951,0.33203011648653413,0.9250156673358082,0.014850421829230936,0.1840692312710682,0.052671572838762414,-0.06707280190511297,0.24178075270022717,0.9601653265228963,-0.2012342382370542,-0.18841544816893488,0.04568310404987533,0.07026470448871541,-0.1259158485784569,0.24546295773880145,0.718470609932333,-0.6517976829582532,-0.2316213508771315,-0.07287875528277434,0.03762930260875093,-0.05246507776494293,0.2753308604611868,0.7679805507319208,0.6120417003529137,-0.10448458055260848,0.15714262042283544,0.0467971689080191,-0.0921186758845685,0.2652970040397519,0.33203011648653413,0.9250156673358082,0.014850421829230936,0.1840692312710682,0.054875161278380144,-0.07491073340089886,0.2895042740168291,0.35354770103939337,0.9264055800098259,-0.029441054574289312,0.1261346452088865,0.0748641615178003,-0.06224090505140539,0.24700979252778352,0.9597902679481602,-0.17793285919778926,-0.21645207111454673,-0.01705989683209669,0.08693198327062049,-0.12435216686304032,0.24989930257426324,0.718470609932333,-0.6517976829582532,-0.2316213508771315,-0.07287875528277434,0.05653061661114211,-0.046615684557545625,0.28475709163214086,0.7494163997561245,0.6261057479273294,-0.15939164737407785,0.1447789865149827,0.06055989674278833,-0.0930391479519831,0.2716516139191369,0.35354770103939337,0.9264055800098259,-0.029441054574289312,0.1261346452088865,0.0880615673724442,-0.11028549117248096,0.24405159355503728,0.718470609932333,-0.6517976829582532,-0.2316213508771315,-0.07287875528277434,0.11102609420490545,-0.0314319262244756,0.3040990448610824,0.8493521633377941,-0.36304223377559725,-0.20200746444174508,-0.3255675405172497,0.10838095716693985,-0.07426626105331915,0.273126445231395,0.8145206411433038,-0.474538146828744,-0.12918868319840726,-0.30770108301613835,0.10997122591819941,-0.12048119640079943,0.26175717906655466,0.7248627731130688,-0.5596289484308757,-0.25966733095261463,-0.3065326694969551,0.11099506756737891,-0.046946275625412294,0.28966994066111834,0.8477201769694506,-0.3695700329991446,-0.15134049435531344,-0.34911967437568414,0.10929114062431947,-0.013550989450625838,0.3183079398977416,0.8493521633377941,-0.36304223377559725,-0.20200746444174508,-0.3255675405172497,0.0668706284444554,-0.07183943105479025,0.300138448332045,0.4486217565902186,0.8572056026011701,-0.2129070847076965,0.13640985178623044,0.09255630400598516,-0.06591130175716209,0.25901726221128196,0.9441640158314958,-0.21555494334587985,-0.22640008215781998,-0.1040835261077845,0.10387464062106215,-0.12092127762545507,0.25501025893730794,0.718470609932333,-0.6517976829582532,-0.2316213508771315,-0.07287875528277434,0.07699102478254605,-0.04743706835134418,0.29174483626992154,0.8052871575361743,0.5290223490366858,-0.26216804509798197,0.053998743101282595,0.06737467794457958,-0.09374597651383437,0.28722829840447794,0.4486217565902186,0.8572056026011701,-0.2129070847076965,0.13640985178623044,0.019301061051127142,-0.07889698567788278,0.267751051064687,0.7134510620487999,-0.35831148380496824,0.2659313025654583,0.5402601271154112,0.058705787523298414,-0.13000532142438617,0.24955782323463907,0.45576132074701986,-0.6472175257298056,0.026472354546816013,0.6104836667298057,0.03272322891767794,-0.10889985194744614,0.25501177010488274,0.644418499079354,-0.546983292735395,0.1418509733067579,0.5151818871860533,0.01826569976692149,-0.05783558991604808,0.28241135749308566,0.7134510620487999,-0.35831148380496824,0.2659313025654583,0.5402601271154112,1792,0.10125904590646531,-0.1583290916559765,0.24109238303087413,0.718470609932333,-0.6517976829582532,-0.2316213508771315,-0.07287875528277434,Static,Right
I,35,160,160,161,0.0,0.0,0.0,-1.0,0.0,6.93889390390723e-18,0.0,0.0380488382636463,-0.07703213447365113,0.28041924865497425,0.33426662407248325,0.9238224203974689,0.014302690072938537,0.18604674858439477,0.05245785955665231,-0.06704877331830594,0.2410655541470929,0.959573060469537,-0.20216418898020655,-0.19042280090043584,0.045698350214583114,0.07004185083357745,-0.12589013241550845,0.24488191568225826,0.7175602615882434,-0.6521283814294202,-0.23316255299903305,-0.07396667494642098,0.03726876505610776,-0.0523877086358468,0.2745252976103993,0.7688160859966207,0.6103634837783342,-0.10590765194013926,0.15862475482514748,0.046473930181365114,-0.0920984293425072,0.26468839352555834,0.33426662407248325,0.9238224203974689,0.014302690072938537,0.18604674858439477,0.05445853824538205,-0.07478667315938001,0.28883316355801036,0.35497215041595975,0.9255822977586594,-0.03024942724267143,0.12797325758282427,0.07462926307873102,-0.06220642084916245,0.24637618842425188,0.9591764109588209,-0.17884817115793225,-0.21839385663550062,-0.01726463777467515,0.086689012813348,-0.12431808171481414,0.24938886860121887,0.7175602615882434,-0.6521283814294202,-0.23316255299903305,-0.07396667494642098,0.05614548314181777,-0.046505679832398,0.28401873489454593,0.7499407097606864,0.6247973312276072,-0.16085290479436162,0.146094386455174,0.06020487847390865,-0.0929747380074009,0.2710607769973315,0.35497215041595975,0.9255822977586594,-0.03024942724267143,0.12797325758282427,0.08784576316592478,-0.11025238504236543,0.24353754082536488,0.7175602615882434,-0.6521283814294202,-0.23316255299903305,-0.07396667494642098,0.11069394943933203,-0.031275987058588466,0.30351556039523514,0.8477733254136753,-0.3652763686843201,-0.20259915428174233,-0.32681362560664157,0.10804334233771437,-0.07418985704524296,0.27264383744750564,0.813626985483975,-0.4749553647950981,-0.13036773369210009,-0.3089219706602309,0.10968644138068234,-0.1204205068136222,0.2613446811281847,0.7239788659089483,-0.5594937841691402,-0.2613749800186842,-0.30741572343248985,0.11064811207033376,-0.04684182367375335,0.28914172408040295,0.8464503594359194,-0.3709659318352564,-0.15226358962109218,-0.3503168076243307,0.10900743347635881,-0.01332061631671205,0.3176364153066209,0.8477733254136753,-0.3652763686843201,-0.20259915428174233,-0.32681362560664157,0.066426208690582,-0.07171567060581495,0.2994892022887528,0.4489780508179381,0.8565060727353823,-0.2138628434446431,0.13812581744521646,0.0922733722299286,-0.06585667319467362,0.2584595120595236,0.9435451303873622,-0.21608426938569267,-0.22827271327813167,-0.10450714721485406,0.1036170373561755,-0.1208707984978888,0.2545731436228333,0.7175602615882434,-0.6521283814294202,-0.23316255299903305,-0.07396667494642098,0.07658836276425793,-0.04732861900263117,0.2910993863380585,0.8051803869894479,0.5282672952820038,-0.2637905980686749,0.055070223474488485,0.06696804207737646,-0.09364342687366192,0.28661969586314173,0.4489780508179381,0.8565060727353823,-0.2138628434446431,0.13812581744521646,0.01891149807494892,-0.0788809688395248,0.2668233727365336,0.713369777799125,-0.3609294545110969,0.26386644319543023,0.539636904913426,0.05846332546315506,-0.1299813320139587,0.24891908177893118,0.45513889109865774,-0.6491699752588285,0.025430690370234574,0.6089172464458776,0.0324348081587282,-0.1088899138926939,0.25420597260125144,0.6441135278541269,-0.5489818840951353,0.14017612258451176,0.5138942584110456,0.01774187703670717,-0.057793902621782474,0.2814374558742285,0.713369777799125,-0.3609294545110969,0.26386644319543023,0.539636904913426,1804,0.10106234897210867,-0.15829836326746335,0.24069789700593971,0.7175602615882434,-0.6521283814294202,-0.23316255299903305,-0.07396667494642098,Static,Right
I,35,161,161,162,0.0,0.0,0.0,-1.0,0.0,0.0,0.0,0.03769147585062664,-0.0769674585804309,0.27974957342929274,0.3365883594098937,0.9226203779039098,0.013761674494510719,0.18785774112692277,0.052264174238524266,-0.06706615051376305,0.2403914400606445,0.9589905910324898,-0.20318164386301493,-0.1922643610842448,0.045702093662610646,0.06983040474375454,-0.12591001293041215,0.24433220124696392,0.7166746065929835,-0.6524933308423637,-0.234536346257001,-0.07498442341877494,0.03694057602762468,-0.05234424147187437,0.27376311682453014,0.769730242749353,0.6086253412685005,-0.10723804738802425,0.15997046150845262,0.046172902989015475,-0.092115049796564,0.2641274043402984,0.3365883594098937,0.9226203779039098,0.013761674494510719,0.18785774112692277,0.05407634029898992,-0.07469759679345922,0.28820252767480997,0.3565076995201572,0.9247347181747518,-0.031089961554980127,0.12962011987194524,0.07441592223408827,-0.06221597902462154,0.24577626050954954,0.9585818107592518,-0.17985186829255187,-0.22015281184955904,-0.017520188010561565,0.08645728541525932,-0.12433256967515105,0.2489058540444521,0.7166746065929835,-0.6524933308423637,-0.234536346257001,-0.07498442341877494,0.055798705588525704,-0.04643081193534208,0.28331805824668127,0.7505403969462624,0.6234495792994159,-0.16223705543985073,0.14723746963777606,0.05987393327204369,-0.09294883328478155,0.2705131178696011,0.3565076995201572,0.9247347181747518,-0.031089961554980127,0.12962011987194524,0.08764391746043364,-0.1102648692211769,0.24305305152543438,0.7166746065929835,-0.6524933308423637,-0.234536346257001,-0.07498442341877494,0.11040739767455177,-0.031165756174424283,0.30294816612385966,0.8461990495427207,-0.3675670013015292,-0.2030518765351013,-0.32804207587255,0.1077335546652404,-0.07416161990417651,0.2721824052898719,0.8126832440333553,-0.4755234193156714,-0.13136030209553826,-0.31010948644490544,0.1094197298801935,-0.12040707920944702,0.26095544502499923,0.7231102918675015,-0.5594362107665416,-0.26292334805699025,-0.3082433209738262,0.11034328041011005,-0.046782929639553494,0.2886304192712133,0.8451921197134528,-0.37239539156926116,-0.15306091688301895,-0.3514887037092187,0.10877704422600681,-0.013136842715789465,0.31698075651672286,0.8461990495427207,-0.3675670013015292,-0.2030518765351013,-0.32804207587255,0.06602258341309945,-0.07163541906228789,0.29887059886885947,0.449278597447676,0.8558681366939911,-0.21476768962726955,0.1396900639257123,0.09201633095111855,-0.06584923723583283,0.2579287109934704,0.942948899459424,-0.21667235651515582,-0.22996673456473815,-0.10495600947092872,0.10337447512744022,-0.1208678120385221,0.25416280332721136,0.7166746065929835,-0.6524933308423637,-0.234536346257001,-0.07498442341877494,0.07622413316157738,-0.047263768915831395,0.29048534288779004,0.8050595425448217,0.527594272234842,-0.2652996830355856,0.05603119705777858,0.06659977774340035,-0.09358340140795249,0.2860355584458822,0.449278597447676,0.8558681366939911,-0.21476768962726955,0.1396900639257123,0.018528388986396232,-0.07890563368403616,0.2658958772762178,0.7132484101903108,-0.3638236695093738,0.2616729199096447,0.5389214468284675,0.058231586099946483,-0.1300047156786073,0.24830987763802095,0.4544768745066251,-0.6512726688266596,0.024406049725939183,0.60720591739118,0.032159676885899754,-0.1089227039538555,0.2534146661323595,0.6437523710806723,-0.5511805458811241,0.1384245101834451,0.5124661408821775,0.017214299302725465,-0.05778822286265885,0.2804536983530291,0.7132484101903108,-0.3638236695093738,0.2616729199096447,0.5389214468284675,1814,0.10087292156143383,-0.15831474532948886,0.2403299432882217,0.7166746065929835,-0.6524933308423637,-0.234536346257001,-0.07498442341877494,Static,Right
I,35,162,162,163,0.0,0.0,0.0,-1.0,0.0,0.0,0.0,0.037922768092670006,-0.07652920338414214,0.28017971459150676,0.33846700201202423,0.9219972009898454,0.011157734852888767,0.18771455689113675,0.05261505255610127,-0.06667773421291223,0.24078733641483505,0.9590280019971267,-0.2032931412962263,-0.1924774890403859,0.043469602022790904,0.0699188671551176,-0.1256069927071999,0.24461622746007364,0.717090697735523,-0.6522047378527336,-0.23337515120367439,-0.07710998602185135,0.037309039477019725,-0.051913379947183876,0.27414832373144565,0.770592232312488,0.6075382385118545,-0.10929527871022979,0.15855422510050815,0.04634673426757091,-0.09176935402128593,0.26461683788309287,0.33846700201202423,0.9219972009898454,0.011157734852888767,0.18771455689113675,0.054332351980622515,-0.07438324460844423,0.288611195870455,0.35654490716599624,0.9246901337127202,-0.03360957365598231,0.12920635567573974,0.07478171190533879,-0.06193497703456883,0.24620350126112006,0.9585618534543521,-0.17963216783940153,-0.2202113907328729,-0.01995997923266884,0.08654781356505463,-0.12411247786184755,0.24921008996046085,0.717090697735523,-0.6522047378527336,-0.23337515120367439,-0.07710998602185135,0.05619842795007485,-0.04612104326785713,0.283749658165124,0.7505751516525099,0.6232648974407781,-0.16420317809393464,0.14565413019821924,0.06005882928510095,-0.09265292822103147,0.2709164296844537,0.35654490716599624,0.9246901337127202,-0.03360957365598231,0.12920635567573974,0.08780282385733731,-0.11003612874350664,0.24339089236415534,0.717090697735523,-0.6522047378527336,-0.23337515120367439,-0.07710998602185135,0.11090233575886252,-0.03118103824276425,0.3034982131830958,0.8455333233410999,-0.3674570315703535,-0.20167018551309543,-0.33072324584820645,0.10802132561444977,-0.07408249558922825,0.2726161622295513,0.8125353620983495,-0.4745432368465869,-0.13003808185965604,-0.3125461549421614,0.10951701805844093,-0.12031203291060849,0.26129191478594166,0.7229043060072623,-0.5590915156765559,-0.2617208735136521,-0.3103678878716366,0.11075565877138806,-0.046765016907229146,0.2891450670524788,0.8446007575420261,-0.37183708700531287,-0.15176418911560435,-0.35405419357624085,0.10937924409400501,-0.013165850615931108,0.3175604974410121,0.8455333233410999,-0.3674570315703535,-0.20167018551309543,-0.33072324584820645,0.0662877837886106,-0.07142674824407591,0.29929152042226626,0.44907272488819583,0.8555142875093127,-0.2172826491366723,0.13862626739934109,0.09235425829768211,-0.06567119752448797,0.25836463162550855,0.9428709721865026,-0.21597768034189638,-0.22975339987326301,-0.10752370273055828,0.1034768747234747,-0.12073144157147611,0.25449199604611455,0.717090697735523,-0.6522047378527336,-0.23337515120367439,-0.07710998602185135,0.07661952759206754,-0.047094147611711185,0.2909534038816091,0.8046698690819494,0.527557404269485,-0.26698188253944,0.05394683853367261,0.0667545803791244,-0.09336270768030366,0.2864307818915579,0.44907272488819583,0.8555142875093127,-0.2172826491366723,0.13862626739934109,0.01880489694474728,-0.07841589207542117,0.2661993586391848,0.7147982349773294,-0.3632791906202766,0.2612030583393211,0.5374613244222851,0.05829793980934204,-0.12966111229463997,0.24857081011756615,0.4564790068096098,-0.6512311655081934,0.024962188223263255,0.6057241736731817,0.03231365912203672,-0.1084713742539565,0.25367711836624707,0.6455804610214075,-0.5505690256504814,0.13875960215678224,0.5107302508672834,0.017539967928677555,-0.05731788172792581,0.28079072334442334,0.7147982349773294,-0.3632791906202766,0.2612030583393211,0.5374613244222851,1826,0.10082393580933585,-0.1581372804524442,0.24057828346719065,0.717090697735523,-0.6522047378527336,-0.23337515120367439,-0.07710998602185135,Static,Right
I,35,163,163,164,0.0,0.0,0.0,-1.0,0.0,0.0,0.0,0.03808924128284785,-0.07624814727452289,0.2805331703554851,0.3403671609028831,0.9213278618729196,0.008624088973475818,0.18769867289078818,0.05290659661301961,-0.06644266732922509,0.24110637617865927,0.9590397754855308,-0.20336053600900283,-0.1928162070797152,0.04134140440510082,0.06996852774200771,-0.12545102013735743,0.2448115157199763,0.7175827908184038,-0.6517727775767939,-0.23236601610490754,-0.0792036570534216,0.03760988683999414,-0.05164075817099665,0.27445492111530345,0.7714538044719608,0.6063979421853581,-0.11136174040351002,0.15728676375780043,0.046461974727360356,-0.09158086666459593,0.2650329933638369,0.3403671609028831,0.9213278618729196,0.008624088973475818,0.18769867289078818,0.05452567426923555,-0.07423196767158761,0.288941117577768,0.356434332923526,0.9246821303866505,-0.03602014241201664,0.12891886362198743,0.07508708677085181,-0.06180230331796344,0.2465586993716932,0.9585419183402818,-0.17926575619807641,-0.2203735061520895,-0.022286705128833118,0.08659674901251677,-0.12403423266390252,0.24942762930545614,0.7175827908184038,-0.6517727775767939,-0.23236601610490754,-0.0792036570534216,0.05652659291481987,-0.045973901010476964,0.28411045311519445,0.7504996550399179,0.6231741405923488,-0.16614659671844956,0.14422054874680193,0.060188047713288784,-0.09251310044478944,0.2712382987200649,0.356434332923526,0.9246821303866505,-0.03602014241201664,0.12891886362198743,0.0879167800790191,-0.10994916774519815,0.24364560386281475,0.7175827908184038,-0.6517727775767939,-0.23236601610490754,-0.0792036570534216,0.11130006337327819,-0.03135644717321865,0.3040007996745689,0.8450772251118344,-0.3668423277195636,-0.20050918770829598,-0.3332675439269983,0.10824766199363386,-0.07414742892884454,0.2729792427148151,0.8125485907903782,-0.4732914061834999,-0.12887981445394606,-0.31488097094574047,0.10956862479029754,-0.12035441243266905,0.26154588600004774,0.7227976297406977,-0.5585793947403642,-0.2606232021591518,-0.3124551051095622,0.11108775551620308,-0.04689824992453223,0.2896039607988613,0.8442070320662747,-0.37086120804805434,-0.1506538410037426,-0.3564826385194777,0.10986380354855692,-0.013368846553482278,0.3181079449442807,0.8450772251118344,-0.3668423277195636,-0.20050918770829598,-0.3332675439269983,0.06648434416630317,-0.07138644037787502,0.299638729868074,0.4487393552866926,0.8552230983369262,-0.21971784948371081,0.13766085030292843,0.0926307652852277,-0.06563824769334756,0.2587310564126769,0.9428233134778825,-0.2150688390888701,-0.2296408521834227,-0.10997578380727158,0.10353463757425294,-0.12073406668030312,0.25473863105191596,0.7175827908184038,-0.6517727775767939,-0.23236601610490754,-0.0792036570534216,0.07693996662266155,-0.0470871456672887,0.2913559613926086,0.8041802881057968,0.5276552397278164,-0.2686460611980149,0.05199332661650819,0.06685017615247538,-0.09330517192797604,0.286747044943577,0.4487393552866926,0.8552230983369262,-0.21971784948371081,0.13766085030292843,0.0190334902607479,-0.07808848151129535,0.26641766976639153,0.7163572459431528,-0.3627196358258012,0.2605979273833673,0.5360554842687768,0.05832582894455311,-0.12946714596814357,0.2487421166947691,0.4584839481319951,-0.6511964042743417,0.0253623813159931,0.604228815912853,0.03242522103039744,-0.10817677791539271,0.253849360751556,0.6474372694724553,-0.5499258664314666,0.13895931766132735,0.5090155513957807,0.01781216452632703,-0.057012009245549174,0.2810455110043077,0.7163572459431528,-0.3627196358258012,0.2605979273833673,0.5360554842687768,1836,0.10074654740944393,-0.15809504591144072,0.24073149750777537,0.7175827908184038,-0.6517727775767939,-0.23236601610490754,-0.0792036570534216,Static,Right
I,35,164,164,165,0.0,0.0,0.0,-1.0,0.0,6.938893903907227e-18,-5.421010862427521e-20,0.03818374784865322,-0.07580058963793943,0.28091231221819246,0.3428153324698833,0.9204542810322016,0.006050819319166122,0.18762982688960494,0.05313079214943715,-0.06608473723508364,0.2414380052355952,0.9589458893678668,-0.2039454025457956,-0.19311589924196518,0.03918294915995481,0.06993578521964221,-0.12517208257585954,0.24506996537995904,0.7177844867216427,-0.65167046052644,-0.23131237761106338,-0.08127499900290625,0.037845104020647224,-0.05120856391497258,0.2747584414689248,0.7726793639978733,0.6047906077947632,-0.11344268205217892,0.1559669165685179,0.04649928099696428,-0.09124425413071151,0.26549248162593136,0.3428153324698833,0.9204542810322016,0.006050819319166122,0.18762982688960494,0.054648435855601994,-0.07391648681406128,0.28929022170582075,0.35673315452979437,0.9245124594891964,-0.03847300878893091,0.12860014114761206,0.07532425707395168,-0.06154852705554774,0.24692190356173305,0.9584357944811924,-0.17934635036279456,-0.2205209803176915,-0.024621366909165117,0.08656487859180845,-0.12383369763690254,0.2497072038227125,0.7177844867216427,-0.65167046052644,-0.23131237761106338,-0.08127499900290625,0.0567916258316297,-0.045667772073006915,0.28446529090785067,0.7507145259628784,0.6227275856048505,-0.1680903872574612,0.14277141291841744,0.06024385580020571,-0.09222557921809221,0.2715942353534247,0.35673315452979437,0.9245124594891964,-0.03847300878893091,0.12860014114761206,0.08795169941371889,-0.10974433315132297,0.24394813007770794,0.7177844867216427,-0.65167046052644,-0.23131237761106338,-0.08127499900290625,0.11162448648290338,-0.03137652849921582,0.3044948659136408,0.8445175536892147,-0.3663665127710313,-0.1995490702975027,-0.3357764857374332,0.10840297494875362,-0.07407467318293194,0.2733605065496875,0.8123670602710241,-0.47231343867144004,-0.12784571009909043,-0.3172305934903405,0.10953927844442696,-0.12027043781624874,0.26185694899956774,0.7224147358802665,-0.5584037379718858,-0.2595919360124349,-0.31450634581735604,0.11134961188741715,-0.046884950697233835,0.2900609309725106,0.8436913390789923,-0.37007654281456304,-0.14972989608310006,-0.35890003488501065,0.1102692633751759,-0.013411230264114605,0.3186375009811291,0.8445175536892147,-0.3663665127710313,-0.1995490702975027,-0.3357764857374332,0.06661068363010841,-0.07117769107438483,0.30000300356104614,0.44880751437237215,0.8546987000220119,-0.22218929707381116,0.13672550416590815,0.09283735612552443,-0.06547854109480039,0.25910750150607204,0.9426733038482569,-0.2145556779184433,-0.22955049118996054,-0.11242542096526545,0.10351121557818599,-0.1206128581913507,0.25504271335884016,0.7177844867216427,-0.65167046052644,-0.23131237761106338,-0.08127499900290625,0.07719564661957333,-0.04692392073650708,0.29175379742292984,0.8039225652023702,0.5273700683105658,-0.27033967464224423,0.05005777185288941,0.0668699285272702,-0.09309321534392512,0.28710054712537103,0.44880751437237215,0.8546987000220119,-0.22218929707381116,0.13672550416590815,0.019198689350660356,-0.07760369089944247,0.2666590824554841,0.717837540034947,-0.3624322867038669,0.26030376432414787,0.534410005473195,0.058271525171747204,-0.12914538395245667,0.2489804839780239,0.4602852658087248,-0.6513617944554979,0.026147037868264014,0.6026455170444903,0.032461884676908165,-0.10773955110080598,0.25407053588879597,0.6491332735580576,-0.5495345845060281,0.1394961935983041,0.5071277408732158,0.018029260702867523,-0.056537180576391156,0.2813040471002517,0.717837540034947,-0.3624322867038669,0.26030376432414787,0.534410005473195,1848,0.10057915355613108,-0.15794113906712529,0.24097437144665662,0.7177844867216427,-0.65167046052644,-0.23131237761106338,-0.08127499900290625,Static,Right
I,35,165,165,166,0.0,0.0,0.0,-1.0,0.0,0.0,0.0,0.03822711630422709,-0.07597748128735106,0.2807171336600126,0.34446688509130524,0.9198113871788522,0.007326435305216166,0.1877122809976151,0.0531360595502237,-0.06635944798345128,0.24119431258594537,0.9586322235350204,-0.2052611987130895,-0.19299831659779618,0.04054318800470669,0.07003601356391687,-0.12540846357371735,0.24503878994386685,0.7166238519439821,-0.6529037548671011,-0.2318439958602549,-0.08009558844880346,0.03783854323600385,-0.0514081386651792,0.27447673470762285,0.7736328767931093,0.6035638474382237,-0.11238088908588967,0.15675901817328253,0.04656362106407661,-0.09146746141405736,0.26535484418014504,0.34446688509130524,0.9198113871788522,0.007326435305216166,0.1877122809976151,0.05468561225221613,-0.07401283685737244,0.28908547216856867,0.35864132594396897,0.9237915612199404,-0.03734185039023551,0.12880658738360526,0.07532442974980497,-0.06176490104937803,0.24665162981668548,0.9581677271816386,-0.18092708509288358,-0.22054508094765438,-0.02323496798272071,0.08666391666725731,-0.12402504464687808,0.2496674386083027,0.7166238519439821,-0.6529037548671011,-0.2318439958602549,-0.08009558844880346,0.05677621524318881,-0.045780792492745664,0.28414250260282303,0.7519079910308003,0.6213512742476474,-0.16709271130300046,0.14365581381991893,0.06030428845886103,-0.09238951619229945,0.2714664769842187,0.35864132594396897,0.9237915612199404,-0.03734185039023551,0.12880658738360526,0.08802976671648716,-0.10995184772727531,0.24386046313865428,0.7166238519439821,-0.6529037548671011,-0.2318439958602549,-0.08009558844880346,0.11166841476584521,-0.03127378443243586,0.304039674404438,0.8436069369166457,-0.3692167759662472,-0.19973098000063252,-0.3348340543600542,0.10843532158017855,-0.0741343080861713,0.2731240866115399,0.8114741035040837,-0.47429973957988786,-0.12840900934236646,-0.31632366761974423,0.10964243496881954,-0.12037245407571721,0.26180045244593747,0.7216319774615136,-0.5596753743748963,-0.2605027513147735,-0.31328753722537156,0.11137274334002782,-0.04686308318801344,0.2896945786669638,0.8428133054802183,-0.3727499665588806,-0.15006106578430156,-0.35805707795202324,0.11034103990414099,-0.013224374942027144,0.31807724791356184,0.8436069369166457,-0.3692167759662472,-0.19973098000063252,-0.3348340543600542,0.06664284184221146,-0.07117987970031531,0.299792624090458,0.4509207287440718,0.8537448459416722,-0.22126753849361855,0.1372257658966447,0.0928497686982916,-0.06561864501907215,0.2588446078432671,0.9423671779921561,-0.21634969600562667,-0.22971907784251194,-0.11120277045361252,0.10361167164584029,-0.12075119025378173,0.25499022956782,0.7166238519439821,-0.6529037548671011,-0.2318439958602549,-0.08009558844880346,0.07719564360854601,-0.046953377405708506,0.2914205386603001,0.8052327236722645,0.5256173710781967,-0.26967882412072347,0.05098991830799304,0.06691561186188424,-0.09315751748032237,0.2869979750086281,0.4509207287440718,0.8537448459416722,-0.22126753849361855,0.1372257658966447,0.01919479370492114,-0.07785287572595904,0.2664078316094028,0.7165448844443866,-0.36447382822775864,0.26067145915624373,0.5345770734842057,0.05837813493826935,-0.12938985084519386,0.2489584157352142,0.45838702729333847,-0.6524904918965142,0.026583797187917382,0.6028522148262315,0.032522551696996554,-0.10801441145391297,0.25394701544688614,0.6475909335409062,-0.5510969217534396,0.13981050133791423,0.5073176414684808,0.017962499665555465,-0.05672904593801017,0.28096383203844594,0.7165448844443866,-0.36447382822775864,0.26067145915624373,0.5345770734842057,1859,0.10073402063272786,-0.15813879325954294,0.24107020585626235,0.7166238519439821,-0.6529037548671011,-0.2318439958602549,-0.08009558844880346,Static,Right
I,35,166,166,167,0.0,0.0,0.0,-1.0,0.0,6.938893903907228e-18,-5.421010862427522e-20,0.03739601525972474,-0.07694975463155733,0.28065437673558125,0.3439235770553043,0.9192811804210191,0.009646549372310697,0.19116910983322988,0.05241938672100299,-0.06711192563873496,0.24119978785615642,0.9583000713477575,-0.2032786954290886,-0.19605260709595193,0.04361330634578482,0.06970092859771473,-0.12605452773575535,0.2449950968548799,0.7170461109684667,-0.6511715978091155,-0.23561706578071198,-0.0794041766194239,0.036851106223459475,-0.0523747339546271,0.2744526165120117,0.7722771916452529,0.6042477071803195,-0.11205927419373941,0.16098250432584443,0.0459141206223114,-0.09238493398222578,0.26533656326744653,0.3439235770553043,0.9192811804210191,0.009646549372310697,0.19116910983322988,0.053797960714182406,-0.07484790081400534,0.2890885558799105,0.35758541921269027,0.9238124918798682,-0.03514623954356865,0.13216614414871575,0.074550393684283,-0.062379046499202014,0.24676901220446792,0.957890738243297,-0.1792319415227281,-0.22338496580093187,-0.020503701612673474,0.08629717100601214,-0.12456884894324705,0.24970348601153658,0.7170461109684667,-0.6511715978091155,-0.23561706578071198,-0.0794041766194239,0.05571614099728023,-0.04659325996861311,0.2842007029668795,0.7505002898989508,0.6222123293677134,-0.1668100571539231,0.14756536475982393,0.05962334868404414,-0.0931652222554492,0.2714755825019879,0.35758541921269027,0.9238124918798682,-0.03514623954356865,0.13216614414871575,0.08759538608104078,-0.11047229836333641,0.24393506045797386,0.7170461109684667,-0.6511715978091155,-0.23561706578071198,-0.0794041766194239,0.1104314274256856,-0.03178902503078687,0.30442947079794624,0.8445310297986124,-0.3672276007352006,-0.20207358603685327,-0.33328290503980235,0.10762287806213333,-0.0745797820211621,0.273366766993172,0.813117826905349,-0.4715535807042491,-0.131569452840136,-0.3149064927451822,0.10919554759115396,-0.12078385151850057,0.2619521836263727,0.7226821512599806,-0.5573056911147617,-0.2637248424510197,-0.31239411386184823,0.11028295774632306,-0.047349467866768934,0.29005138074737136,0.8439554513339966,-0.3707444295610566,-0.15243821823825698,-0.35644123461437816,0.10894690665637825,-0.013773345554266354,0.31849495209382706,0.8445310297986124,-0.3672276007352006,-0.20207358603685327,-0.33328290503980235,0.06568452292672629,-0.0719608909629131,0.29985937645621846,0.4493615995613833,0.8544746579931597,-0.21960595342959463,0.14042947306525944,0.09204534644040697,-0.06613908164735725,0.25903331103259614,0.9424378646615387,-0.21431665392775204,-0.23250802092943207,-0.10871643530253541,0.10319877218138332,-0.12118959404939372,0.25511407711335354,0.7170461109684667,-0.6511715978091155,-0.23561706578071198,-0.0794041766194239,0.0761141522244347,-0.04765019596530972,0.29157701432661526,0.8040017893074372,0.5270740033428802,-0.2697992926994714,0.054611898423453875,0.0661567863282119,-0.09391762285860228,0.2870350514158727,0.4493615995613833,0.8544746579931597,-0.21960595342959463,0.14042947306525944,0.01844869173752041,-0.07888565964935045,0.2662076905028493,0.7157074948454264,-0.36605622566898777,0.2570373501998109,0.53637433017746,0.05805122077717513,-0.13012436590017123,0.24884791543502638,0.4570509942302615,-0.653661326868126,0.02263559193696185,0.6027593951219624,0.032027650938594436,-0.1089345452246692,0.25374713880170174,0.6468934462340582,-0.5520599018324895,0.13595147492439819,0.5082085501779822,0.016993094736132204,-0.05779803567933839,0.28079772345925236,0.7157074948454264,-0.36605622566898777,0.2570373501998109,0.53637433017746,1870,0.10063930652568061,-0.15856654828336006,0.2411020332671024,0.7170461109684667,-0.6511715978091155,-0.23561706578071198,-0.0794041766194239,Static,Right
I,35,167,167,168,0.0,0.0,0.0,-1.0,0.0,0.0,0.0,0.036654897060942646,-0.07795337580859585,0.28056874674755844,0.3437073075343442,0.9186442941611134,0.011785344016811342,0.19447121437150308,0.05178727471965135,-0.06789229791203974,0.24117532472111283,0.9579946230371795,-0.20122223087837104,-0.19896566686957803,0.04656800875416567,0.06942253561932131,-0.12673461889895268,0.2449052045950051,0.7175493533426784,-0.64941101563693,-0.2391103578188543,-0.07883206879598197,0.03596317086242014,-0.053372459312936854,0.27440233570873496,0.7709720736329279,0.6048840764395808,-0.1117602824284682,0.16500592419512652,0.045344483261254204,-0.09334590733164237,0.2653045861424229,0.3437073075343442,0.9186442941611134,0.011785344016811342,0.19447121437150308,0.05300614291376354,-0.07571575130851863,0.2890561437959627,0.3565409655768689,0.9238344982307819,-0.03316265903540961,0.13530926719886796,0.07386399032379805,-0.06303420084019862,0.24685018383603322,0.957627624773486,-0.17756338004954103,-0.22604387531051295,-0.018020676199273576,0.08598792029327003,-0.12515570978947244,0.24968924740711532,0.7175493533426784,-0.64941101563693,-0.2391103578188543,-0.07883206879598197,0.05476482221971478,-0.04744150371832839,0.28422853120717295,0.7490909095643036,0.6230985893045583,-0.1665953934596121,0.15118509216464127,0.059023705706287725,-0.09397537473498645,0.27144807066567345,0.3565409655768689,0.9238344982307819,-0.03316265903540961,0.13530926719886796,0.08722273614169845,-0.11103764683597266,0.24396074103446536,0.7175493533426784,-0.64941101563693,-0.2391103578188543,-0.07883206879598197,0.10928826791205386,-0.03240272799679569,0.30481287947550517,0.8455805371146458,-0.36485618251651225,-0.204209519194532,-0.3319216678716875,0.10689775761202706,-0.07508948072418782,0.27356232101496025,0.8149716818446875,-0.4683463713680979,-0.13456099654108583,-0.313633819011036,0.10881006457436157,-0.12125677033770485,0.2620459869270895,0.7237459403697838,-0.5549492479076231,-0.2666605354927164,-0.31163328585977257,0.10928369894695802,-0.047922424547147596,0.29038895753625615,0.8452032271939831,-0.3683896646783814,-0.15458118877147503,-0.3550003039111705,0.10765253383780242,-0.014435537012680449,0.3189234422983929,0.8455805371146458,-0.36485618251651225,-0.204209519194532,-0.3319216678716875,0.0648256112797363,-0.07279903430632036,0.2998869145199166,0.4476952875335911,0.8552469115158321,-0.21808405153588756,0.14339106083901498,0.09132917648962233,-0.06671320072674133,0.2591816817997,0.9425340365389665,-0.2121927786214132,-0.2351049793591443,-0.10643995183680938,0.10284554626756999,-0.12168335643861602,0.25518033825661,0.7175493533426784,-0.64941101563693,-0.2391103578188543,-0.07883206879598197,0.07513858876975671,-0.048406639484745335,0.29169959321446326,0.8026960557295707,0.5286378200441965,-0.26992951386277236,0.05795821668164925,0.06548585877280162,-0.09472850689683605,0.28702510243336693,0.4476952875335911,0.8552469115158321,-0.21808405153588756,0.14339106083901498,0.017807914765331934,-0.079924097888863,0.2659981766203711,0.7150421991672625,-0.36728840015921854,0.25366024529138076,0.5380245017443381,0.05778173676621144,-0.13088663559998465,0.24869893170377128,0.4559734441051809,-0.6546227227345095,0.018949011201531373,0.6026593101620527,0.031607327600719354,-0.10986488985253098,0.25352226867798433,0.6464252730676032,-0.5527268240017309,0.13241664823057436,0.5090120387965444,0.016155013566015355,-0.05887857185180839,0.28062706230756385,0.7150421991672625,-0.36728840015921854,0.25366024529138076,0.5380245017443381,1881,0.10058149300913753,-0.1590420926523883,0.24107131361446138,0.7175493533426784,-0.64941101563693,-0.2391103578188543,-0.07883206879598197,Static,Right
I,35,168,168,169,0.0,0.0,0.0,-1.0,0.0,6.93889390390723e-18,-9.21571846612679e-19,0.037217774531197206,-0.0774013166045579,0.28102951855779484,0.3443908929395934,0.9188335967807442,0.011434053735659387,0.19237722500961577,0.05221928084524917,-0.06735616002650238,0.24157362634089258,0.9584568906159853,-0.20113764406013357,-0.19693723923868278,0.0460408598282246,0.06973537534371702,-0.12623559526898753,0.24523890723691305,0.7179531402578959,-0.6497972200213702,-0.23697479764119425,-0.07842070217257698,0.03655018566887703,-0.052819599775038736,0.2748659641592158,0.7713370924480544,0.6051001720221032,-0.11088507670116578,0.1630870056061471,0.04581413068004324,-0.09283052006678655,0.26574957812979094,0.3443908929395934,0.9188335967807442,0.011434053735659387,0.19237722500961577,0.053612364167278215,-0.07520478840897683,0.28943408568231244,0.35649786669398587,0.9241534303506105,-0.033465102843628615,0.13315327673587996,0.07432887547058947,-0.06254857589096255,0.24716305388607357,0.9580780087756642,-0.17765246384431238,-0.22399639698462426,-0.018754874790577285,0.08632385668328116,-0.12469508227661509,0.2499564229567877,0.7179531402578959,-0.6497972200213702,-0.23697479764119425,-0.07842070217257698,0.05540798167135009,-0.04692927996475915,0.28462236592737505,0.7493193584062505,0.6235161891121425,-0.16581771860629696,0.14917287028450993,0.05952386021035656,-0.09346768154249584,0.271793592975862,0.35649786669398587,0.9241534303506105,-0.033465102843628615,0.13315327673587996,0.08756604450032622,-0.11058359191875948,0.2442174291157619,0.7179531402578959,-0.6497972200213702,-0.23697479764119425,-0.07842070217257698,0.11012456213066,-0.03198649717248817,0.30495999376994487,0.8452649435219616,-0.3664658640604488,-0.20160681607636666,-0.33254268514401875,0.10743744283047835,-0.07468377476880489,0.27374615125208634,0.8145984497269899,-0.46953140963385886,-0.13194886224380728,-0.31394126651682963,0.1091983303848333,-0.12085299440466431,0.2622186777111633,0.723929106986264,-0.5558160808058525,-0.2646092229048229,-0.311411450543165,0.1099958914332208,-0.04751569857826946,0.2905466639482032,0.8447973276248338,-0.36979618875780096,-0.15205009736806677,-0.3555967124545806,0.10862579602037167,-0.013999667956554308,0.319060601696679,0.8452649435219616,-0.3664658640604488,-0.20160681607636666,-0.33254268514401875,0.06547720951809351,-0.07231129340500164,0.3002227186570321,0.4480905877162451,0.8553671032475103,-0.2182507582959099,0.14116851768483452,0.09183282857370426,-0.06627015673972242,0.2594270363856575,0.9428962645259653,-0.21251953194417622,-0.23300335412747725,-0.1071985067552456,0.10320701125315675,-0.12126611011781538,0.2553761143413468,0.7179531402578959,-0.6497972200213702,-0.23697479764119425,-0.07842070217257698,0.07581286334157246,-0.04793569649639609,0.2920141261229625,0.803077869402269,0.5287447040953052,-0.2690003817830735,0.05598006938224544,0.06603618378712364,-0.09423723896634217,0.28734883633631403,0.4480905877162451,0.8553671032475103,-0.2182507582959099,0.14116851768483452,0.018341809456176323,-0.07930146238808614,0.2665965579991315,0.7151972214214612,-0.36547067563581925,0.25581694533498667,0.5380351384443173,0.058102285923119654,-0.1303573440817128,0.24908558193815636,0.45676248947639003,-0.6530779328119056,0.020760671368408642,0.6036772617929151,0.03200320992761568,-0.10927418848756833,0.2540413284383318,0.6468568998200596,-0.5511813464403386,0.13462571029337017,0.5095598027900184,0.016817750994352912,-0.05825793275835902,0.28124192998238096,0.7151972214214612,-0.36547067563581925,0.25581694533498667,0.5380351384443173,1892,0.10080220635747053,-0.15861762048078215,0.24127170180417035,0.7179531402578959,-0.6497972200213702,-0.23697479764119425,-0.07842070217257698,Static,Right
I,35,169,169,170,0.0,0.0,0.0,-1.0,0.0,0.0,0.0,0.0374425386859286,-0.07752104158031678,0.2809960150768255,0.34652672313268496,0.9182483606441209,0.01259352617766938,0.1912605067119729,0.05232479474911174,-0.0675610296770737,0.24144910806303863,0.9584508335233748,-0.20216101520489954,-0.19562903787473113,0.04724619762350681,0.06988006476518294,-0.12642187950837924,0.24521388824245388,0.7174916166870258,-0.6507787557508085,-0.2361506234791226,-0.0769784000722898,0.036733109720439104,-0.0529603679841044,0.27475102532157086,0.7724334346657906,0.6040723923016822,-0.10921530193442254,0.16283473736492896,0.046009242177411674,-0.09301843253663655,0.265768670566505,0.34652672313268496,0.9182483606441209,0.01259352617766938,0.1912605067119729,0.053856174786382945,-0.07527619160875768,0.28934792830476636,0.3584745751437584,0.9235955794461752,-0.03266499407173278,0.131909752350914,0.07444924279474294,-0.06272989394472496,0.24696124913632297,0.9581650304273318,-0.17893965618779997,-0.2226666160666058,-0.017887202101755345,0.0864824876092514,-0.12486266701129474,0.24987767148095133,0.7174916166870258,-0.6507787557508085,-0.2361506234791226,-0.0769784000722898,0.05562894525413615,-0.04701788767272286,0.2844323345942011,0.7506189845506469,0.6224585762642852,-0.164372350888814,0.1486546034621167,0.05971724720931626,-0.09361326911084754,0.2717664396096793,0.3584745751437584,0.9235955794461752,-0.03266499407173278,0.131909752350914,0.08769966630362477,-0.11076531848008012,0.24409917985982524,0.7174916166870258,-0.6507787557508085,-0.2361506234791226,-0.0769784000722898,0.11051643692502344,-0.031951801381937484,0.30449399990286596,0.8445417380647648,-0.3695232629856174,-0.20011417241876067,-0.3318977685615904,0.10764223727339603,-0.07478050720034805,0.2734761565980417,0.8137293797482175,-0.47193057090306006,-0.13064843021245598,-0.313140576202948,0.10939081014808867,-0.12097858808687122,0.2620616852434784,0.7236838472005923,-0.5571475163214128,-0.2640522675596595,-0.3100721437898491,0.11030033705167845,-0.047546116151846944,0.29015360399822926,0.8440335290890849,-0.37263946168735435,-0.15070294209554855,-0.35501529067144344,0.10911475241330264,-0.013891957087281007,0.31851192434203907,0.8445417380647648,-0.3695232629856174,-0.20011417241876067,-0.3318977685615904,0.065756406688335,-0.07230559724276103,0.30009270772513935,0.4504058973126999,0.8545251876473828,-0.21749041821893184,0.140068373750469,0.09199239701959633,-0.06641117333547675,0.25918252582455137,0.9428947397851505,-0.21427658316128007,-0.2317076045766074,-0.10652061573043597,0.10337908514962713,-0.12141216176372263,0.25523769891512066,0.7174916166870258,-0.6507787557508085,-0.2361506234791226,-0.0769784000722898,0.0760750013806405,-0.04796560154955246,0.2917571597989073,0.8045404038515284,0.5272285957361905,-0.2677027229656575,0.055497734415350095,0.06625742620647593,-0.0942891036784677,0.28731539199632966,0.4504058973126999,0.8545251876473828,-0.21749041821893184,0.140068373750469,0.018539497417709164,-0.07944440107874065,0.26659006560961523,0.7142403644127471,-0.36578093285063673,0.2574653430278506,0.5383090266250563,0.058259865110153394,-0.13053988644653725,0.24910706019274503,0.45576305596460787,-0.6528657549521606,0.02214912900147727,0.6046120730791135,0.03216967015408927,-0.10944850860768433,0.25407710546550777,0.6458814830160781,-0.5513342321057184,0.1361958497211597,0.5102140383447723,0.01704817286514677,-0.05836121247026974,0.2811811103007457,0.7142403644127471,-0.36578093285063673,0.2574653430278506,0.5383090266250563,1903,0.10095017690329379,-0.15880075734049828,0.24123611448594903,0.7174916166870258,-0.6507787557508085,-0.2361506234791226,-0.0769784000722898,Static,Right
I,35,170,170,171,0.0,0.0,0.0,-1.0,0.0,0.0,0.0,0.037661154627823226,-0.07762912744204715,0.280963409649167,0.3487723937808527,0.917581024662215,0.013712630560677022,0.19030198180607577,0.052436572481586466,-0.06775330723405358,0.24132914371088973,0.9584118253588962,-0.2031660335817615,-0.19447874197508963,0.04845982594551436,0.07002566867598153,-0.12659851217027396,0.24518651717978845,0.7170444029283609,-0.6516981801364966,-0.23539800469329275,-0.07566099141767549,0.03690916989036487,-0.05309101804940341,0.2746337663425278,0.7735432596852229,0.602967615084135,-0.10765439038249947,0.16270037734032056,0.046202206373587476,-0.09319838974216751,0.2657951525473697,0.3487723937808527,0.917581024662215,0.013712630560677022,0.19030198180607577,0.05408618573324109,-0.07533411871834939,0.2892740829157687,0.3607028025004808,0.9229126666505292,-0.03201563045596747,0.1307696348959328,0.07457377253732278,-0.06289938956607824,0.24676942991336348,0.9582150994031036,-0.18023316503885656,-0.22146861331787712,-0.017072867686276333,0.08663979397176307,-0.12502112855901545,0.24980152114500945,0.7170444029283609,-0.6516981801364966,-0.23539800469329275,-0.07566099141767549,0.055844144162347426,-0.04709355797365452,0.28424566875355733,0.7520174288192928,0.6212239920651575,-0.16308133250349038,0.1481722559170072,0.05989910409552489,-0.09375403135194421,0.2717644226196876,0.3607028025004808,0.9229126666505292,-0.03201563045596747,0.1307696348959328,0.08783616326825408,-0.11093637907896996,0.24398657784427344,0.7170444029283609,-0.6516981801364966,-0.23539800469329275,-0.07566099141767549,0.11091291666350415,-0.031905543157564,0.30403144506286756,0.8436878184309073,-0.37275329352175646,-0.19862443115183004,-0.3313520522791308,0.10784409075104572,-0.07487311044090134,0.2732222244419089,0.8127425116718503,-0.47444452265290404,-0.12935320288563087,-0.3124416002218963,0.10958094853903899,-0.12109826083688227,0.2619148941251088,0.7234339623160458,-0.5583872873445268,-0.26355276283075313,-0.3088476658548735,0.11060665066205048,-0.04757017194308103,0.2897683133188115,0.8431471301363569,-0.37562644828798863,-0.1493719162178091,-0.35453592051412214,0.10961444127765854,-0.013768417086882995,0.3179594988238415,0.8436878184309073,-0.37275329352175646,-0.19862443115183004,-0.3313520522791308,0.06602193392504961,-0.07227315598489924,0.29997802682659747,0.45298551709461454,0.8534826545393261,-0.21691076226951841,0.13900072271282077,0.09215113178928386,-0.06654437010249346,0.25895116626811404,0.9428264930377067,-0.21614520172128826,-0.23050757988185108,-0.10595145782902193,0.10354955527853783,-0.12154952234838179,0.25510882930133433,0.7170444029283609,-0.6516981801364966,-0.23539800469329275,-0.07566099141767549,0.07633328282030374,-0.04797809145041765,0.29150584014158437,0.806109651638693,0.5254608746131516,-0.2665631720310817,0.05497430401973885,0.06645729571740237,-0.09432127015775138,0.28730976828287313,0.45298551709461454,0.8534826545393261,-0.21691076226951841,0.13900072271282077,0.018731165073739876,-0.07957430153529688,0.26655237935188275,0.7133660724920516,-0.36626169150768817,0.2588854070761297,0.5384603661869819,0.058417095856378665,-0.13071290466115734,0.24911791241849687,0.4548105964502494,-0.6528185773224253,0.023425550812368225,0.6053317024809045,0.032335321073848344,-0.10961152028539731,0.25408935522916953,0.6449726996949455,-0.5516252616735927,0.13758739702860934,0.5106755285997615,0.017262417646528583,-0.05845123753960543,0.28108731871979836,0.7133660724920516,-0.36626169150768817,0.2588854070761297,0.5384603661869819,1915,0.10109755784322358,-0.15897338098000438,0.24120363905820835,0.7170444029283609,-0.6516981801364966,-0.23539800469329275,-0.07566099141767549,Static,Right
I,35,171,171,172,0.0,0.0,0.0,-1.0,0.0,0.0,0.0,0.03771500311194238,-0.07816153956350562,0.2808949323685437,0.3488091200845842,0.9171298887994458,0.015114464935884819,0.19229279176879305,0.052553188204161466,-0.06818374167482133,0.24129320580944502,0.9581395611449398,-0.20233561434421207,-0.19620653459641846,0.05031775351301836,0.0703103379910091,-0.12697573966527995,0.24520107706338715,0.7168308563949409,-0.6512540149485825,-0.23734240454056404,-0.07543417223215455,0.03687253949175813,-0.05362515408217322,0.27457086875721526,0.7729424134765734,0.6031115873768571,-0.10739053560200963,0.16517781777191232,0.04635979593556426,-0.09370965877123721,0.2657644691522761,0.3488091200845842,0.9171298887994458,0.015114464935884819,0.19229279176879305,0.05411016920839529,-0.07577291419755476,0.28922159193471164,0.3601801270728581,0.9228842933061793,-0.030832668483780936,0.1326808342779885,0.07466101607324804,-0.06326301791771351,0.2467913719234391,0.9579432198426937,-0.17982024133219274,-0.22307816383482557,-0.015671668217752933,0.08690787607434089,-0.12534652754764306,0.2498598323100272,0.7168308563949409,-0.6512540149485825,-0.23734240454056404,-0.07543417223215455,0.05577577575819287,-0.04752249187322821,0.28421757921305774,0.7512969175158412,0.6215958574190196,-0.16297540658455842,0.1503680438767071,0.0600384986792743,-0.09416211946991367,0.27171861489834015,0.3601801270728581,0.9228842933061793,-0.030832668483780936,0.1326808342779885,0.08807639408690837,-0.11125924887636489,0.2440466676562388,0.7168308563949409,-0.6512540149485825,-0.23734240454056404,-0.07543417223215455,0.11082085482900758,-0.03216622075043517,0.3041683679766887,0.843423599936686,-0.3732131269064894,-0.19930201505407685,-0.33110013556310425,0.10789663819131243,-0.07513518505742325,0.27333369239155236,0.8132466964856292,-0.47336439014267423,-0.13086364650350035,-0.31213886464820767,0.10980362116058401,-0.12135437513385308,0.26203220816894823,0.7235394845988038,-0.5575895715233083,-0.26536968035809183,-0.30848568313877234,0.11054572827874723,-0.04784451540795803,0.2899209283816866,0.8430597696689834,-0.37576592397186176,-0.15019717167036928,-0.3542470956401412,0.10950170999431648,-0.014009181140065972,0.318068250080239,0.843423599936686,-0.3732131269064894,-0.19930201505407685,-0.33110013556310425,0.06599735856791605,-0.07266971862913288,0.29997576239993223,0.45250701471014587,0.8536134472101112,-0.21623122995842253,0.14080319446251974,0.09221698764976753,-0.06685470678498455,0.25902021271417475,0.9426933880142888,-0.21559138393600757,-0.2320887990295545,-0.10480611018312622,0.10379257307010378,-0.12182537944787634,0.2552104285778074,0.7168308563949409,-0.6512540149485825,-0.23734240454056404,-0.07543417223215455,0.07625503565757297,-0.04834105216154939,0.2915346730369762,0.805618456502097,0.5258725401895733,-0.26683144174955487,0.056903037806415264,0.06653122876108289,-0.09471635624642116,0.28730951925570003,0.45250701471014587,0.8536134472101112,-0.21623122995842253,0.14080319446251974,0.01883917456342995,-0.08009694983536052,0.26643814393933984,0.7129476079004897,-0.3672726327102885,0.2574996364667136,0.5389902214980655,0.05870483315519362,-0.13112327355701292,0.2491047206335392,0.45392982902396994,-0.6536642475640182,0.02192101934829828,0.6051365388815709,0.032549370389447045,-0.11009741298094186,0.25400434924653265,0.6445008766665347,-0.5523731750246611,0.13610140624634115,0.5108609426321529,0.017276244892591663,-0.05897849029627307,0.28097050525950873,0.7129476079004897,-0.3672726327102885,0.2574996364667136,0.5389902214980655,1926,0.101491869718042,-0.1592564937865693,0.24130098238288292,0.7168308563949409,-0.6512540149485825,-0.23734240454056404,-0.07543417223215455,Static,Right
I,35,172,172,173,0.0,0.0,0.0,-1.0,0.0,0.0,0.0,0.03795466860667876,-0.07809581119599403,0.280458435406384,0.3484109689853469,0.9171637544672264,0.01466989781940468,0.1928865943507773,0.0528455240033881,-0.06805641662236628,0.24088820725251425,0.9581745520142452,-0.20161050670578373,-0.1968560089997712,0.05002442582199136,0.0704914505898016,-0.1268810729383989,0.24482556730812705,0.7165296530090739,-0.6514631980084776,-0.2373211044536988,-0.0765483597482008,0.037123019195126596,-0.05355042845900277,0.27416898777158494,0.7724470831561211,0.603553245101917,-0.10803399533521357,0.16546189864272998,0.04661788054483664,-0.09363213594533955,0.2653255568237271,0.3484109689853469,0.9171637544672264,0.01466989781940468,0.1928865943507773,0.054337532486762694,-0.07568191203840412,0.28878131026688914,0.3594828549229945,0.9230506475669118,-0.03145210168556807,0.1332679419150712,0.07495411110468543,-0.06317402627297819,0.2464192257717882,0.9577897772627862,-0.1797672196472376,-0.22372853275251126,-0.016371711688538633,0.08708290190783417,-0.1252811622245499,0.24951159695688804,0.7165296530090739,-0.6514631980084776,-0.2373211044536988,-0.0765483597482008,0.05602675011476209,-0.04742575321829296,0.2838205846609009,0.7507668663636681,0.6219734577293764,-0.16383727232412046,0.15051736925695208,0.060283256582289876,-0.09404742796555741,0.2712596118700627,0.3594828549229945,0.9230506475669118,-0.03145210168556807,0.1332679419150712,0.0882883950883156,-0.11119482777720935,0.24370273639482648,0.7165296530090739,-0.6514631980084776,-0.2373211044536988,-0.0765483597482008,0.11116834847419207,-0.032134133802086746,0.3038512156044636,0.8423680342414035,-0.3745385691544043,-0.19855612034576964,-0.33273476250202905,0.10812840199019878,-0.07510042138515391,0.27301476985104356,0.8128655534936371,-0.47312921736963715,-0.13061531118486386,-0.3135888647556843,0.10997035003008622,-0.12132515782288396,0.2617233188512491,0.7230180569612761,-0.5576455237263559,-0.26545469401442784,-0.30953217054388027,0.11083224493144456,-0.04782693285839451,0.2896201455748804,0.8421695536666509,-0.3764954317811012,-0.14966369290662965,-0.3558123265858371,0.10993744146074855,-0.013944902482965532,0.31771727484794576,0.8423680342414035,-0.3745385691544043,-0.19855612034576964,-0.33273476250202905,0.06620005519511318,-0.07259092502859987,0.29957126370974935,0.45201480449291714,0.8535644810284974,-0.21726922000215623,0.14108288090848115,0.09248504077212649,-0.06679450995823649,0.2586757618599338,0.9424704834539845,-0.21550924250060036,-0.2326068787803271,-0.10582624513278585,0.10396904215618766,-0.12178567930267206,0.25489198129778734,0.7165296530090739,-0.6514631980084776,-0.2373211044536988,-0.0765483597482008,0.07650455972800763,-0.04826703508098469,0.2911734358270251,0.8051546783685074,0.5260735843398747,-0.267885411244683,0.05665628123490954,0.0667239235295489,-0.094626078934084,0.2868849335733465,0.45201480449291714,0.8535644810284974,-0.21726922000215623,0.14108288090848115,0.019067941917454256,-0.0798969194898635,0.26591963556319576,0.7136727352322336,-0.3678856911541258,0.2570865133759174,0.5378083951282349,0.05887091530714769,-0.13101057435470623,0.24870610165242957,0.45437087764301104,-0.6545062832006178,0.022147252471164298,0.6038858584275767,0.03274397743606844,-0.10993131011621504,0.2535305666636644,0.6450835371822432,-0.5529563459588976,0.13603883565339925,0.5095095138604352,0.017508638596509897,-0.05876818284040748,0.280437747931931,0.7136727352322336,-0.3678856911541258,0.2570865133759174,0.5378083951282349,1937,0.10162275498671008,-0.15921464306391953,0.24098523626965168,0.7165296530090739,-0.6514631980084776,-0.2373211044536988,-0.0765483597482008,Static,Right
I,35,173,173,174,0.0,0.0,0.0,-1.0,0.0,-6.776263578034404e-21,0.0,0.0382532416290685,-0.07814916925025453,0.28001467446789857,0.3477241249950226,0.9173408850763075,0.014284782259306586,0.19331212703725312,0.053181194768404744,-0.06803616950876731,0.24047534498068468,0.958275967338649,-0.20072953316679817,-0.1973354599967971,0.049734707837367914,0.0707248978955366,-0.12689293222318526,0.24441572368910322,0.7163913591471055,-0.6515411185393633,-0.23720532558002336,-0.07753208953919344,0.037428352442145624,-0.05359289096329706,0.2737687391077781,0.7718463689873075,0.60418468305069,-0.10855243490788027,0.16562131603032595,0.046928394666289314,-0.0936636846445608,0.2648655365102249,0.3477241249950226,0.9173408850763075,0.014284782259306586,0.19331212703725312,0.05462603479882493,-0.07571485029004771,0.2883325837617269,0.3586035062340106,0.9233125518418268,-0.031971300106584284,0.13369851494127605,0.07528999844902304,-0.06318995838057742,0.24603372014910277,0.9577113618447054,-0.17952445710583548,-0.22421021629250232,-0.01702044665935815,0.08731269063735413,-0.12532111055707484,0.24912347916325978,0.7163913591471055,-0.6515411185393633,-0.23720532558002336,-0.07753208953919344,0.056334137838594686,-0.04745040767689162,0.28342333037927386,0.7501528428548087,0.6225138953927724,-0.16455016875554818,0.15056694312592653,0.06058482537174045,-0.09404893295768754,0.27078156542533716,0.3586035062340106,0.9233125518418268,-0.031971300106584284,0.13369851494127605,0.08855075377566977,-0.11123188574706276,0.24332276421435192,0.7163913591471055,-0.6515411185393633,-0.23720532558002336,-0.07753208953919344,0.11156599233065245,-0.032222681181183946,0.30351750774835473,0.841499403791695,-0.37560782815616917,-0.19774011491422228,-0.3342100534091365,0.10841394640190423,-0.07517557740521011,0.2726647055347617,0.812597964999494,-0.47283673098759244,-0.13023575639202398,-0.3148787399375287,0.11019447421184438,-0.12140117382281286,0.2613676208420208,0.7226654837040682,-0.5576093499174316,-0.2653972549530495,-0.31046853078985415,0.11117350905062105,-0.04792147327376114,0.289294630939884,0.8414558892011548,-0.3770104731295685,-0.14904481874715442,-0.35721244614926384,0.11041942547911676,-0.014010689149082631,0.317360290152107,0.841499403791695,-0.37560782815616917,-0.19774011491422228,-0.3342100534091365,0.06646733575748928,-0.07263902362682886,0.2991526735462049,0.4513552537386134,0.8536615910233676,-0.21817288799182843,0.14121230073654933,0.09280095889693699,-0.0668413700581375,0.25830950309572454,0.9423375442533245,-0.2152512847887232,-0.23295136844856476,-0.10677311002943936,0.10420075752047636,-0.12185030355227629,0.2545294345539961,0.7163913591471055,-0.6515411185393633,-0.23720532558002336,-0.07753208953919344,0.07681197241236032,-0.04831591955199004,0.2908032985610178,0.8046259663031806,0.526470457472481,-0.2687609266029844,0.05633361421828767,0.06698159271334192,-0.09465766925532204,0.28643543793974596,0.4513552537386134,0.8536615910233676,-0.21817288799182843,0.14121230073654933,0.019347517223922497,-0.07981817413492068,0.2653970129787401,0.7143681598582544,-0.36833404327124714,0.25664878423467474,0.5367863320717565,0.059091865655823986,-0.13100610304961532,0.24827353403467642,0.45486953992828094,-0.655181809612088,0.022283410685962117,0.6027718868751798,0.03299195961147372,-0.10988000583873943,0.25303840571319103,0.6456803233630731,-0.5533834124602138,0.13592173569877594,0.5083197818305699,0.01779048074732945,-0.05868484255464797,0.2799066078982686,0.7143681598582544,-0.36833404327124714,0.25664878423467474,0.5367863320717565,1948,0.10181051286865608,-0.15927382462068446,0.24061172233729727,0.7163913591471055,-0.6515411185393633,-0.23720532558002336,-0.07753208953919344,Static,Right
I,35,174,174,175,0.0,0.0,0.0,-1.0,8.673617379884035e-19,0.0,0.0,0.038524217048480205,-0.07791035234124503,0.27966727271503306,0.34736201221339474,0.9173703312706571,0.014071667886522431,0.19383832422490033,0.05349244792331028,-0.06775907218756212,0.2401539469537253,0.9582577835553968,-0.20030285920056082,-0.19788689500955564,0.049614127373720895,0.07095306667692425,-0.12663833171964975,0.24415399941513127,0.71593697431359,-0.6519139638750343,-0.2372845742657376,-0.07834834606403565,0.0377019308267206,-0.05334842009854269,0.27344375892663303,0.7714924581300225,0.6044654370124614,-0.10899088349448581,0.16595755427494452,0.047218088240534375,-0.09341198215758537,0.26451578355610483,0.34736201221339474,0.9173703312706571,0.014071667886522431,0.19383832422490033,0.054885566473210204,-0.07544499082181849,0.2879824756939397,0.3581234510343674,0.9234038320729766,-0.032324165640033084,0.13426877912550197,0.07560140745760621,-0.0629379311636703,0.2457378399987803,0.9575332880691575,-0.1796927422197838,-0.22480272369978907,-0.01744293697055366,0.08753484996247746,-0.12508450123328646,0.2488853746793221,0.71593697431359,-0.6519139638750343,-0.2372845742657376,-0.07834834606403565,0.05660443024040853,-0.04717672007509578,0.28309928971142756,0.7498008137562717,0.6227063513455973,-0.16516741340853625,0.1508484843550642,0.060865085073197836,-0.09376243380240609,0.2704212423099965,0.3581234510343674,0.9234038320729766,-0.032324165640033084,0.13426877912550197,0.0888015596749222,-0.11099877502002534,0.2430811760654351,0.71593697431359,-0.6519139638750343,-0.2372845742657376,-0.07834834606403565,0.11191225962155475,-0.03197772733420971,0.3032502839997626,0.8405318126111821,-0.3769013893995331,-0.19729146428232452,-0.33545147604176445,0.10867385678954988,-0.07494677698630958,0.27242315328519495,0.8121316144730276,-0.47290910641996453,-0.13017067257502532,-0.3159981231587775,0.11040859801115421,-0.12118285305761076,0.26116208151458153,0.7220743641485231,-0.5578479761924565,-0.26562921387724076,-0.3112159520854381,0.11147594339595775,-0.04769538551948226,0.28904932493629737,0.8406475591391529,-0.37778072887233705,-0.14879645407522743,-0.35840342836070804,0.11083587661644302,-0.013732782649102713,0.317055217830234,0.8405318126111821,-0.3769013893995331,-0.19729146428232452,-0.33545147604176445,0.06670288325160671,-0.07237330673364016,0.2988302888385998,0.4510246694556378,0.8535852115970687,-0.21890789156409596,0.14159226354636117,0.09309054128238473,-0.06660259487706031,0.2580401409188013,0.9421010790874691,-0.2153828175495922,-0.23345940666828158,-0.10748257591218867,0.10442304311674036,-0.12162953394236149,0.25431612812639975,0.71593697431359,-0.6519139638750343,-0.2372845742657376,-0.07834834606403565,0.07707998086874107,-0.04805295180642496,0.29051047830838034,0.8043023984145504,0.5265413279198744,-0.26959400738284844,0.05631121629154917,0.06721708188358279,-0.09438469299227076,0.2861018291619446,0.4510246694556378,0.8535852115970687,-0.21890789156409596,0.14159226354636117,0.019600293939115953,-0.07947152482121962,0.26496526456517,0.7148245903874285,-0.3692316854836884,0.25632377061422934,0.535716242081966,0.059307439318212855,-0.13073685725394432,0.24799265202597906,0.4549622040938105,-0.6561407996903204,0.022552931744561057,0.6016477450282466,0.03322611811703628,-0.10956787121215401,0.25267059424062316,0.645935616821504,-0.5542076681680059,0.1358758303823968,0.5071082706711643,0.018034633599495496,-0.05831879650210576,0.27944817481686646,0.7148245903874285,-0.3692316854836884,0.25632377061422934,0.535716242081966,1959,0.10200179774489598,-0.1590596317995704,0.24042351590806274,0.71593697431359,-0.6519139638750343,-0.2372845742657376,-0.07834834606403565,Static,Right
I,35,175,175,176,0.0,0.0,0.0,-1.0,0.0,0.0,0.0,0.03849579549772776,-0.07839382268844813,0.2801132477807668,0.34935614387082187,0.916362597216551,0.01567350258268514,0.19489539881443388,0.05345882193784053,-0.06825653994066704,0.2405800531306501,0.9578946627595005,-0.2007909360336086,-0.1986244596926636,0.05166371139792108,0.0710405474191747,-0.12707987913493338,0.24479187519898363,0.7149480395672047,-0.6526959966260435,-0.23837582538393104,-0.0775512899949204,0.037583992742014856,-0.053850078348395454,0.2738308774872546,0.7718308257561235,0.6037007342414703,-0.10796016976651607,0.1678308721091421,0.04725323629421925,-0.09394469489632477,0.2650493823979961,0.34935614387082187,0.916362597216551,0.01567350258268514,0.19489539881443388,0.054826663939999694,-0.0758039645010449,0.2884371430522336,0.3595806921072608,0.9227314219380389,-0.03101170536064475,0.13530233908729267,0.07555281245596523,-0.06337432964707751,0.24616944904024407,0.9571512334500905,-0.1809022948437297,-0.22558038999031427,-0.015791253182072355,0.08761902014247175,-0.1254785666553397,0.2495250608604166,0.7149480395672047,-0.6526959966260435,-0.23837582538393104,-0.0775512899949204,0.05647227459110052,-0.04754806288328484,0.2834592013739447,0.7505602350753888,0.6215849072299647,-0.16442463350198103,0.15249943122920984,0.060874785206183446,-0.09416767729552547,0.2709472305724249,0.3595806921072608,0.9227314219380389,-0.03101170536064475,0.13530233908729267,0.08885282928683919,-0.111415872462026,0.24366594863921667,0.7149480395672047,-0.6526959966260435,-0.23837582538393104,-0.0775512899949204,0.1115931834706291,-0.03221980651897322,0.3037052454350606,0.8410335088375397,-0.3760043221825241,-0.19960228552406364,-0.33382976848394874,0.10862619237298826,-0.07523632969788842,0.272917808591043,0.8124162170228978,-0.47265685456724005,-0.13245186547926607,-0.3146933292586119,0.11046556628742035,-0.12150188184214693,0.2617953399176856,0.7214501287207435,-0.5585083441999997,-0.2669714291522557,-0.3103294978634795,0.11126284430932508,-0.047954607664769444,0.2895208137248805,0.8410512052495416,-0.377461090148912,-0.15091654312390654,-0.3569036180587391,0.11037876059813681,-0.013976553234940119,0.31750123908181854,0.8410335088375397,-0.3760043221825241,-0.19960228552406364,-0.33382976848394874,0.06662200363937013,-0.07269161944293459,0.29927693726687216,0.4520868199451848,0.8531058600808624,-0.21756740104871186,0.1431514049126003,0.0930385577561085,-0.06696714438840583,0.25849766596456086,0.9417957445306814,-0.21644410570194395,-0.23452044834265592,-0.1057018637486821,0.10448659155882653,-0.12198169847327398,0.2549454579336416,0.7149480395672047,-0.6526959966260435,-0.23837582538393104,-0.0775512899949204,0.07693110562522595,-0.04836613669968429,0.2908890797005411,0.8049175043888298,0.5256265252997514,-0.26911169789125383,0.05833918998284518,0.0672205249695089,-0.09474410688299995,0.28662194600163876,0.4520868199451848,0.8531058600808624,-0.21756740104871186,0.1431514049126003,0.019714783047478184,-0.07994399711145012,0.26564459270844437,0.714567605649877,-0.36810345540143546,0.25821865719628045,0.5359254688415872,0.059405640009288274,-0.13118249286234376,0.24865443965372505,0.4536075740643829,-0.6561565921748898,0.02296485322227411,0.6026369643602527,0.03328999833668518,-0.11005480790606577,0.25333005056744146,0.6455154334898388,-0.5535933276747016,0.13731330019749455,0.5079264811656792,0.018240342857997936,-0.05878166052121286,0.28012281259795957,0.714567605649877,-0.36810345540143546,0.25821865719628045,0.5359254688415872,1970,0.10215384240277683,-0.15945740403964762,0.2411625336184815,0.7149480395672047,-0.6526959966260435,-0.23837582538393104,-0.0775512899949204,Static,Right
I,35,176,176,177,0.0,0.0,0.0,-1.0,0.0,0.0,0.0,0.038400391003512196,-0.07885529064082186,0.2805473361034264,0.3513674273419561,0.9153300811174159,0.017078043763968005,0.19601049468300463,0.05337122136626438,-0.06873362042166142,0.24099868292504048,0.9575198045472233,-0.20127609840503413,-0.19944334798786992,0.053536035098649695,0.07105650772093754,-0.12750473989074831,0.2454201081368374,0.7139600614835725,-0.6534541454327313,-0.23945407366235533,-0.07694450616941816,0.03740769973725483,-0.05432867690443449,0.2742092796445462,0.772152143937507,0.6029302941797217,-0.10711793633169969,0.16965221687058443,0.04722188882338484,-0.09445632097667656,0.26557369467344266,0.3513674273419561,0.9153300811174159,0.017078043763968005,0.19601049468300463,0.05470003512561154,-0.07614588676452128,0.2888860156828322,0.36105143789319316,0.922034055241385,-0.02988693103287823,0.1363885314966778,0.07545063063310598,-0.06379624996155736,0.2465989723253305,0.9567434843373274,-0.18209825149664519,-0.2264455166281485,-0.014302446606993043,0.08763077572165216,-0.1258591193302707,0.2501591454031417,0.7139600614835725,-0.6534541454327313,-0.23945407366235533,-0.07694450616941816,0.056281397693569546,-0.047902628455412065,0.28381498960189017,0.7513171705065635,0.6204197914614792,-0.1638693341923017,0.1541059147997825,0.060815367924633074,-0.09455749876463825,0.27147030615624795,0.36105143789319316,0.922034055241385,-0.02988693103287823,0.1363885314966778,0.08883808295377504,-0.11182078373398834,0.24424515174966077,0.7139600614835725,-0.6534541454327313,-0.23945407366235533,-0.07694450616941816,0.11119733160459497,-0.03246817445454355,0.30417505950292356,0.8415772914226578,-0.3748320659435471,-0.20207122189903987,-0.3322887391748693,0.1085150740289013,-0.07552414729188514,0.2734169738939697,0.8127073790203121,-0.47227699675790086,-0.13482624361748216,-0.3135012574955196,0.11044788163099237,-0.1218181658651998,0.262427604434947,0.7207842211879919,-0.5591223275379081,-0.26830060831493535,-0.3096241478193325,0.11098164645993573,-0.04821568902524782,0.29000218048122056,0.8414846667683161,-0.37691966223576584,-0.15317048106552963,-0.355491107545669,0.10983847740158098,-0.014232775423792452,0.31796880694313123,0.8415772914226578,-0.3748320659435471,-0.20207122189903987,-0.3322887391748693,0.0664713467114493,-0.07300013441629856,0.2997196769158953,0.45310413022797974,0.8525979516837817,-0.21637658167956983,0.14475688189385102,0.09292872012774583,-0.06732327066207268,0.258955543516219,0.941455037998883,-0.21747443610428707,-0.23566896166548842,-0.10405489693020108,0.10447696305465434,-0.12232752301027491,0.2555732836331824,0.7139600614835725,-0.6534541454327313,-0.23945407366235533,-0.07694450616941816,0.07671976487594769,-0.048671199426155325,0.2912675549710244,0.8054869729669749,0.5246957770159095,-0.2687843729724503,0.06033273413311991,0.06715331247215268,-0.09509141596308597,0.2871369794578065,0.45310413022797974,0.8525979516837817,-0.21637658167956983,0.14475688189385102,0.01977543209459305,-0.0803872421986103,0.2663222488606127,0.7144746529294279,-0.36679742645812397,0.2601525624740169,0.5360095731451758,0.05942978048647685,-0.13160766451487466,0.2493037706278615,0.452392883913164,-0.6561475118072765,0.023396101749902486,0.6035426610909612,0.03328584080349355,-0.11051519471864496,0.2539791911167223,0.6452603863067623,-0.5528651287313008,0.13880620750797562,0.5086374151135786,0.018402168265359203,-0.05921937782654179,0.280801551101433,0.7144746529294279,-0.36679742645812397,0.2601525624740169,0.5360095731451758,1982,0.1022254596034292,-0.15984630482816,0.2418923408619021,0.7139600614835725,-0.6534541454327313,-0.23945407366235533,-0.07694450616941816,Static,Right
I,35,177,177,178,0.0,0.0,0.0,-1.0,0.0,0.0,0.0,0.038715932268535966,-0.0785327372034183,0.2804793860267043,0.3497495219433289,0.9161738798479899,0.014854364723619898,0.19514108135744107,0.0537109433695189,-0.06828501503665628,0.24096771402368408,0.9581408893805,-0.19940416618368612,-0.19894908242112846,0.05121793835683413,0.07108797783397162,-0.1271626595334347,0.24521167358194945,0.7147039635054308,-0.6530598699828347,-0.23759632296395425,-0.07911408270111804,0.03781930429458395,-0.05397422533553016,0.27425282300115544,0.7711466515968819,0.6044994314878044,-0.10854754260318933,0.16772212154825408,0.0474672687713215,-0.09410458127659214,0.2654331765513656,0.3497495219433289,0.9161738798479899,0.014854364723619898,0.19514108135744107,0.055024174017624536,-0.07591042147262328,0.2888015599170594,0.3590547706303465,0.9228808083927388,-0.03219964829900869,0.13540261384986088,0.07581591198749377,-0.06347987695389905,0.24657876449609858,0.9571088048765598,-0.18064375499935353,-0.22587735436427747,-0.01702909841687576,0.08766956411003006,-0.12561821183138355,0.2499561793375851,0.7147039635054308,-0.6530598699828347,-0.23759632296395425,-0.07911408270111804,0.05673039092691118,-0.04765095410212817,0.28386528867305477,0.7501899461658912,0.621868928824016,-0.16553004145619052,0.1519667246814248,0.06105449430036805,-0.09426169829479034,0.2712931988777239,0.3590547706303465,0.9228808083927388,-0.03219964829900869,0.13540261384986088,0.08895256521584627,-0.11156691132870165,0.24408703959263023,0.7147039635054308,-0.6530598699828347,-0.23759632296395425,-0.07911408270111804,0.11182213114463069,-0.032498057281047495,0.3042281247160275,0.840695549351152,-0.37540815013397055,-0.19963588674126542,-0.33532853567685483,0.10882188041011559,-0.07545686037186115,0.27336019886191915,0.8123927238913716,-0.47169360651047815,-0.1325264277139225,-0.31616443459516835,0.11051104696710509,-0.12172910580267472,0.2622383306225761,0.720787212015434,-0.5588076778953609,-0.26635525502031693,-0.311856781621427,0.11147894787533857,-0.0482121567739596,0.29001920820664745,0.8407565107667108,-0.37672225346493793,-0.15095849023906543,-0.3583578763923391,0.11062970636493302,-0.014270208518588734,0.31804535955653357,0.840695549351152,-0.37540815013397055,-0.19963588674126542,-0.33532853567685483,0.06679667129393235,-0.07288215311571314,0.2996538364818114,0.45143865622137686,0.8531627281657438,-0.21862514564465524,0.14324644717994245,0.09327712263011245,-0.06713339309846128,0.25892402401850323,0.9417141701202633,-0.2158411546487109,-0.23494162493799223,-0.10672136911654985,0.10453733585155939,-0.12218782184284535,0.25538233644940944,0.7147039635054308,-0.6530598699828347,-0.23759632296395425,-0.07911408270111804,0.07715166095619055,-0.048556974585566216,0.29132109086160873,0.8043293339314449,0.5260646232457707,-0.27009884796532174,0.0579391670158394,0.06738017442842893,-0.09491724628033295,0.2869689220430553,0.45143865622137686,0.8531627281657438,-0.21862514564465524,0.14324644717994245,0.020022110706509055,-0.0797983145131336,0.26610013463867194,0.7158355908301769,-0.36722802847079306,0.25922796097722306,0.5343443143272484,0.059438614631181275,-0.13121933434563976,0.2490795276946966,0.45486095839676616,-0.6561208073984232,0.02445562517350716,0.6016717685105306,0.03341537622417809,-0.10997784635743449,0.25375406423420527,0.6470151612918592,-0.5527615153996555,0.1390499739817412,0.5064495956037709,0.018657383302636183,-0.0586338736470543,0.2805848210674266,0.7158355908301769,-0.36722802847079306,0.25922796097722306,0.5343443143272484,1993,0.10208822214082335,-0.15965395617698025,0.24159522942551004,0.7147039635054308,-0.6530598699828347,-0.23759632296395425,-0.07911408270111804,Static,Right
