Email;Framecount;FrameCount;Head.pos.x;Head.pos.y;Head.pos.z;Head.rot.w;Head.rot.x;Head.rot.y;Head.rot.z;IndexDistalJoint.pos.x;IndexDistalJoint.pos.y;IndexDistalJoint.pos.z;IndexDistalJoint.rot.w;IndexDistalJoint.rot.x;IndexDistalJoint.rot.y;IndexDistalJoint.rot.z;IndexKnuckle.pos.x;IndexKnuckle.pos.y;IndexKnuckle.pos.z;IndexKnuckle.rot.w;IndexKnuckle.rot.x;IndexKnuckle.rot.y;IndexKnuckle.rot.z;IndexMetacarpal.pos.x;IndexMetacarpal.pos.y;IndexMetacarpal.pos.z;IndexMetacarpal.rot.w;IndexMetacarpal.rot.x;IndexMetacarpal.rot.y;IndexMetacarpal.rot.z;IndexMiddleJoint.pos.x;IndexMiddleJoint.pos.y;IndexMiddleJoint.pos.z;IndexMiddleJoint.rot.w;IndexMiddleJoint.rot.x;IndexMiddleJoint.rot.y;IndexMiddleJoint.rot.z;IndexTip.pos.x;IndexTip.pos.y;IndexTip.pos.z;IndexTip.rot.w;IndexTip.rot.x;IndexTip.rot.y;IndexTip.rot.z;MiddleDistalJoint.pos.x;MiddleDistalJoint.pos.y;MiddleDistalJoint.pos.z;MiddleDistalJoint.rot.w;MiddleDistalJoint.rot.x;MiddleDistalJoint.rot.y;MiddleDistalJoint.rot.z;MiddleKnuckle.pos.x;MiddleKnuckle.pos.y;MiddleKnuckle.pos.z;MiddleKnuckle.rot.w;MiddleKnuckle.rot.x;MiddleKnuckle.rot.y;MiddleKnuckle.rot.z;MiddleMetacarpal.pos.x;MiddleMetacarpal.pos.y;MiddleMetacarpal.pos.z;MiddleMetacarpal.rot.w;MiddleMetacarpal.rot.x;MiddleMetacarpal.rot.y;MiddleMetacarpal.rot.z;MiddleMiddleJoint.pos.x;MiddleMiddleJoint.pos.y;MiddleMiddleJoint.pos.z;MiddleMiddleJoint.rot.w;MiddleMiddleJoint.rot.x;MiddleMiddleJoint.rot.y;MiddleMiddleJoint.rot.z;MiddleTip.pos.x;MiddleTip.pos.y;MiddleTip.pos.z;MiddleTip.rot.w;MiddleTip.rot.x;MiddleTip.rot.y;MiddleTip.rot.z;Palm.pos.x;Palm.pos.y;Palm.pos.z;Palm.rot.w;Palm.rot.x;Palm.rot.y;Palm.rot.z;PinkyDistalJoint.pos.x;PinkyDistalJoint.pos.y;PinkyDistalJoint.pos.z;PinkyDistalJoint.rot.w;PinkyDistalJoint.rot.x;PinkyDistalJoint.rot.y;PinkyDistalJoint.rot.z;PinkyKnuckle.pos.x;PinkyKnuckle.pos.y;PinkyKnuckle.pos.z;PinkyKnuckle.rot.w;PinkyKnuckle.rot.x;PinkyKnuckle.rot.y;PinkyKnuckle.rot.z;PinkyMetacarpal.pos.x;PinkyMetacarpal.pos.y;PinkyMetacarpal.pos.z;PinkyMetacarpal.rot.w;PinkyMetacarpal.rot.x;PinkyMetacarpal.rot.y;PinkyMetacarpal.rot.z;PinkyMiddleJoint.pos.x;PinkyMiddleJoint.pos.y;PinkyMiddleJoint.pos.z;PinkyMiddleJoint.rot.w;PinkyMiddleJoint.rot.x;PinkyMiddleJoint.rot.y;PinkyMiddleJoint.rot.z;PinkyTip.pos.x;PinkyTip.pos.y;PinkyTip.pos.z;PinkyTip.rot.w;PinkyTip.rot.x;PinkyTip.rot.y;PinkyTip.rot.z;RealTimeStamp;RingDistalJoint.pos.x;RingDistalJoint.pos.y;RingDistalJoint.pos.z;RingDistalJoint.rot.w;RingDistalJoint.rot.x;RingDistalJoint.rot.y;RingDistalJoint.rot.z;RingKnuckle.pos.x;RingKnuckle.pos.y;RingKnuckle.pos.z;RingKnuckle.rot.w;RingKnuckle.rot.x;RingKnuckle.rot.y;RingKnuckle.rot.z;RingMetacarpal.pos.x;RingMetacarpal.pos.y;RingMetacarpal.pos.z;RingMetacarpal.rot.w;RingMetacarpal.rot.x;RingMetacarpal.rot.y;RingMetacarpal.rot.z;RingMiddleJoint.pos.x;RingMiddleJoint.pos.y;RingMiddleJoint.pos.z;RingMiddleJoint.rot.w;RingMiddleJoint.rot.x;RingMiddleJoint.rot.y;RingMiddleJoint.rot.z;RingTip.pos.x;RingTip.pos.y;RingTip.pos.z;RingTip.rot.w;RingTip.rot.x;RingTip.rot.y;RingTip.rot.z;SessionID;ThumbDistalJoint.pos.x;ThumbDistalJoint.pos.y;ThumbDistalJoint.pos.z;ThumbDistalJoint.rot.w;ThumbDistalJoint.rot.x;ThumbDistalJoint.rot.y;ThumbDistalJoint.rot.z;ThumbMetacarpalJoint.pos.x;ThumbMetacarpalJoint.pos.y;ThumbMetacarpalJoint.pos.z;ThumbMetacarpalJoint.rot.w;ThumbMetacarpalJoint.rot.x;ThumbMetacarpalJoint.rot.y;ThumbMetacarpalJoint.rot.z;ThumbProximalJoint.pos.x;ThumbProximalJoint.pos.y;ThumbProximalJoint.pos.z;ThumbProximalJoint.rot.w;ThumbProximalJoint.rot.x;ThumbProximalJoint.rot.y;ThumbProximalJoint.rot.z;ThumbTip.pos.x;ThumbTip.pos.y;ThumbTip.pos.z;ThumbTip.rot.w;ThumbTip.rot.x;ThumbTip.rot.y;ThumbTip.rot.z;Timestamp;Wrist.pos.x;Wrist.pos.y;Wrist.pos.z;Wrist.rot.w;Wrist.rot.x;Wrist.rot.y;Wrist.rot.z
NA;31106;1;-0.002117;1.631970;0.073507;0.972668;0.229764;0.025310;-0.022035;0.092471;1.382580;0.431736;-0.483714;-0.552418;0.553649;0.392846;0.140318;1.378449;0.393808;-0.715496;-0.146794;0.250725;0.635338;0.130037;1.355458;0.335546;-0.690961;0.141985;0.068373;0.705506;0.118165;1.382858;0.427573;-0.576615;-0.428653;0.486099;0.497474;0.069015;1.379973;0.427482;-0.483714;-0.552418;0.553649;0.392846;0.093815;1.357382;0.392006;0.258551;-0.713202;0.598454;-0.257580;0.145249;1.355820;0.399834;-0.606930;-0.341660;0.409009;0.589590;0.132305;1.338096;0.338203;-0.690961;0.141985;0.068373;0.705506;0.103898;1.358927;0.419695;-0.143695;-0.681210;0.710721;0.100896;0.111086;1.358490;0.371585;0.258551;-0.713202;0.598454;-0.257580;0.141177;1.339896;0.351292;-0.690961;0.141985;0.068373;0.705506;0.096969;1.326751;0.375630;0.364371;-0.538461;0.712173;-0.264772;0.131173;1.313040;0.394572;-0.425490;-0.411484;0.544358;0.594402;0.130816;1.311476;0.345702;-0.535009;0.011627;0.011532;0.844687;0.099835;1.322811;0.396832;0.007845;-0.639054;0.760863;0.112410;0.115144;1.327727;0.360735;0.364371;-0.538461;0.712173;-0.264772;2023/05/02 10:45:31.4026;0.094788;1.341679;0.381360;0.345096;-0.602557;0.657602;-0.292222;0.140116;1.334152;0.399243;-0.528179;-0.403400;0.466393;0.583758;0.134563;1.319760;0.343525;-0.690961;0.141985;0.068373;0.705506;0.099866;1.339097;0.409246;-0.036034;-0.666424;0.738757;0.093906;0.114762;1.342404;0.364554;0.345096;-0.602557;0.657602;-0.292222;cac30bdb-35e1-45ca-8340-45cec70e4348;0.126051;1.411982;0.384464;-0.951903;0.279090;0.057286;0.112731;0.121685;1.365152;0.331919;-0.904890;0.409488;0.031525;0.111802;0.122886;1.391205;0.354995;-0.929489;0.304104;0.020920;0.207685;0.125802;1.427086;0.406080;-0.951903;0.279090;0.057286;0.112731;14;0.137104;1.323972;0.302751;-0.690961;0.141985;0.068373;0.705506
NA;31107;2;-0.001918;1.631978;0.073747;0.972622;0.229889;0.025756;-0.022208;0.092183;1.382550;0.431859;-0.484108;-0.552892;0.553483;0.391926;0.140010;1.378469;0.393917;-0.716212;-0.146419;0.250609;0.634664;0.129812;1.355374;0.335682;-0.691560;0.142171;0.069233;0.704797;0.117877;1.382872;0.427696;-0.577262;-0.428839;0.485937;0.496721;0.068736;1.379895;0.427588;-0.484108;-0.552892;0.553483;0.391926;0.093554;1.357303;0.392078;0.258650;-0.713855;0.597450;-0.258003;0.144983;1.355858;0.399978;-0.607467;-0.342141;0.409425;0.588468;0.132115;1.338022;0.338365;-0.691560;0.142171;0.069233;0.704797;0.103598;1.358902;0.419777;-0.143748;-0.681934;0.710159;0.099884;0.110842;1.358422;0.371670;0.258650;-0.713855;0.597450;-0.258003;0.140975;1.339858;0.351456;-0.691560;0.142171;0.069233;0.704797;0.096791;1.326660;0.375732;0.364856;-0.539220;0.711147;-0.265314;0.130998;1.313042;0.394766;-0.425780;-0.412379;0.544846;0.593125;0.130676;1.311410;0.345899;-0.535860;0.011716;0.012306;0.844136;0.099636;1.322754;0.396943;0.007835;-0.639935;0.760259;0.111486;0.114987;1.327654;0.360866;0.364856;-0.539220;0.711147;-0.265314;2023/05/02 10:45:31.4194;0.094572;1.341589;0.381453;0.345331;-0.603324;0.656617;-0.292575;0.139895;1.334179;0.399414;-0.528693;-0.403972;0.466774;0.582591;0.134407;1.319698;0.343712;-0.691560;0.142171;0.069233;0.704797;0.099620;1.339054;0.409349;-0.036101;-0.667225;0.738150;0.092960;0.114561;1.342334;0.364665;0.345331;-0.603324;0.656617;-0.292575;cac30bdb-35e1-45ca-8340-45cec70e4348;0.125767;1.411900;0.384559;-0.952284;0.277919;0.057620;0.112230;0.121441;1.365046;0.332037;-0.904752;0.409917;0.031616;0.111323;0.122627;1.391122;0.355088;-0.929616;0.304054;0.021109;0.207170;0.125485;1.426954;0.406209;-0.952284;0.277919;0.057620;0.112230;31;0.136966;1.323858;0.302934;-0.691560;0.142171;0.069233;0.704797
NA;31108;3;-0.001551;1.632062;0.074131;0.972689;0.229564;0.026161;-0.022186;0.091753;1.382595;0.431413;-0.483367;-0.551715;0.553614;0.394308;0.139524;1.378399;0.393385;-0.714846;-0.146448;0.249880;0.636482;0.129321;1.355430;0.335085;-0.690298;0.141681;0.068817;0.706172;0.117438;1.382815;0.427192;-0.576263;-0.427873;0.485648;0.498990;0.068283;1.380051;0.427198;-0.483367;-0.551715;0.553614;0.394308;0.092979;1.357409;0.391411;0.259350;-0.712302;0.598787;-0.258491;0.144409;1.355763;0.399424;-0.605587;-0.342683;0.410227;0.589531;0.131536;1.338067;0.337752;-0.690298;0.141681;0.068817;0.706172;0.102988;1.358919;0.419129;-0.142380;-0.680841;0.711423;0.100307;0.110305;1.358504;0.371034;0.259350;-0.712302;0.598787;-0.258491;0.140374;1.339831;0.350882;-0.690298;0.141681;0.068817;0.706172;0.096148;1.326763;0.375072;0.365356;-0.537402;0.711798;-0.266565;0.130268;1.313005;0.394156;-0.424083;-0.411978;0.545799;0.593744;0.129973;1.311427;0.345287;-0.534287;0.011159;0.012004;0.845144;0.098939;1.322834;0.396287;0.008931;-0.638595;0.761429;0.111097;0.114386;1.327691;0.360253;0.365356;-0.537402;0.711798;-0.266565;2023/05/02 10:45:31.4346;0.093951;1.341715;0.380815;0.345614;-0.601677;0.657830;-0.292910;0.139241;1.334103;0.398833;-0.526890;-0.404016;0.467468;0.583637;0.133736;1.319704;0.343112;-0.690298;0.141681;0.068817;0.706172;0.098968;1.339112;0.408711;-0.035053;-0.665932;0.739311;0.093414;0.113958;1.342415;0.364047;0.345614;-0.601677;0.657830;-0.292910;cac30bdb-35e1-45ca-8340-45cec70e4348;0.125733;1.412037;0.383881;-0.951841;0.277868;0.056859;0.116426;0.121029;1.365161;0.331412;-0.904011;0.410551;0.030145;0.115345;0.122429;1.391253;0.354433;-0.928527;0.304621;0.020163;0.211276;0.125559;1.427082;0.405539;-0.951841;0.277868;0.056859;0.116426;45;0.136339;1.323899;0.302340;-0.690298;0.141681;0.068817;0.706172
NA;31109;4;-0.001138;1.632083;0.074653;0.972844;0.228759;0.026894;-0.022822;0.091931;1.382290;0.431585;-0.483594;-0.551706;0.552781;0.395209;0.139627;1.378158;0.393453;-0.715065;-0.146339;0.248704;0.636721;0.129279;1.355228;0.335162;-0.690487;0.142360;0.067695;0.705960;0.117608;1.382522;0.427311;-0.576524;-0.427807;0.484653;0.499712;0.068453;1.379747;0.427415;-0.483594;-0.551706;0.552781;0.395209;0.093049;1.357170;0.391606;0.258591;-0.712666;0.599419;-0.256777;0.144531;1.355519;0.399465;-0.605996;-0.342224;0.409059;0.590188;0.131501;1.337864;0.337812;-0.690487;0.142360;0.067695;0.705960;0.103163;1.358648;0.419287;-0.143361;-0.680740;0.711081;0.102000;0.110295;1.358288;0.371163;0.258591;-0.712666;0.599419;-0.256777;0.140372;1.339619;0.350923;-0.690487;0.142360;0.067695;0.705960;0.096186;1.326533;0.375207;0.364401;-0.537795;0.712477;-0.265265;0.130382;1.312762;0.394204;-0.424560;-0.411530;0.545132;0.594326;0.129961;1.311217;0.345335;-0.534368;0.012075;0.011028;0.845094;0.099056;1.322585;0.396407;0.007819;-0.638506;0.761292;0.112626;0.114373;1.327480;0.360325;0.364401;-0.537795;0.712477;-0.265265;2023/05/02 10:45:31.4524;0.094010;1.341486;0.380971;0.345076;-0.601933;0.658440;-0.291643;0.139364;1.333859;0.398872;-0.527232;-0.403683;0.466507;0.584327;0.133717;1.319496;0.343156;-0.690487;0.142360;0.067695;0.705960;0.099113;1.338850;0.408848;-0.035787;-0.665875;0.739139;0.094886;0.113970;1.342210;0.364147;0.345076;-0.601933;0.658440;-0.291643;cac30bdb-35e1-45ca-8340-45cec70e4348;0.125892;1.411792;0.384006;-0.952301;0.276564;0.055353;0.116496;0.120978;1.364962;0.331515;-0.904152;0.410414;0.028473;0.115146;0.122477;1.391036;0.354551;-0.928584;0.304573;0.018479;0.211249;0.125784;1.426770;0.405711;-0.952301;0.276564;0.055353;0.116496;64;0.136213;1.323719;0.302380;-0.690487;0.142360;0.067695;0.705960
NA;31110;5;-0.000737;1.632296;0.075204;0.972962;0.228063;0.027845;-0.023586;0.092628;1.381556;0.431840;-0.486076;-0.553050;0.548303;0.396523;0.140151;1.377912;0.393430;-0.717774;-0.146912;0.245139;0.634921;0.129603;1.355068;0.335141;-0.693425;0.143376;0.065072;0.703115;0.118277;1.381990;0.427417;-0.578969;-0.429154;0.480495;0.499747;0.069138;1.378860;0.427836;-0.486076;-0.553050;0.548303;0.396523;0.093676;1.356607;0.391872;0.258150;-0.715390;0.598491;-0.251764;0.145255;1.355292;0.399348;-0.608931;-0.342625;0.404660;0.589968;0.131967;1.337713;0.337728;-0.693425;0.143376;0.065072;0.703115;0.104008;1.358060;0.419473;-0.145460;-0.683046;0.707916;0.105568;0.110737;1.357916;0.371286;0.258150;-0.715390;0.598491;-0.251764;0.140906;1.339495;0.350789;-0.693425;0.143376;0.065072;0.703115;0.096927;1.326068;0.375325;0.363989;-0.540530;0.712514;-0.260122;0.131381;1.312450;0.394058;-0.427296;-0.412783;0.541083;0.595195;0.130664;1.311035;0.345188;-0.537452;0.013947;0.008234;0.843139;0.099998;1.322036;0.396482;0.005915;-0.640872;0.758634;0.117144;0.114992;1.327222;0.360311;0.363989;-0.540530;0.712514;-0.260122;2023/05/02 10:45:31.4692;0.094668;1.340978;0.381189;0.344702;-0.604749;0.658294;-0.286545;0.140240;1.333597;0.398728;-0.530138;-0.404344;0.461975;0.584841;0.134347;1.319347;0.343008;-0.693425;0.143376;0.065072;0.703115;0.100027;1.338261;0.409010;-0.037850;-0.668199;0.736373;0.099163;0.114484;1.341916;0.364206;0.344702;-0.604749;0.658294;-0.286545;cac30bdb-35e1-45ca-8340-45cec70e4348;0.126248;1.411392;0.384211;-0.953986;0.272678;0.052808;0.113004;0.121211;1.364753;0.331572;-0.905214;0.409317;0.025964;0.111236;0.122745;1.390760;0.354680;-0.929978;0.302996;0.015609;0.207585;0.126182;1.426184;0.406044;-0.953986;0.272678;0.052808;0.113004;80;0.136557;1.323698;0.302229;-0.693425;0.143376;0.065072;0.703115
NA;31111;6;-0.000562;1.632317;0.075457;0.972967;0.227916;0.028212;-0.024346;0.092510;1.380856;0.431940;-0.487059;-0.554611;0.544599;0.398237;0.139911;1.377658;0.393321;-0.719430;-0.148340;0.241802;0.633993;0.129295;1.355067;0.334943;-0.695715;0.142575;0.062465;0.701250;0.118137;1.381442;0.427406;-0.580134;-0.430787;0.476814;0.500515;0.069013;1.378065;0.428046;-0.487059;-0.554611;0.544599;0.398237;0.093503;1.356129;0.391862;0.259161;-0.716839;0.598059;-0.247596;0.145152;1.355035;0.399105;-0.610330;-0.344082;0.400921;0.590227;0.131753;1.337711;0.337433;-0.695715;0.142575;0.062465;0.701250;0.103976;1.357483;0.419415;-0.145749;-0.684925;0.705523;0.108962;0.110449;1.357636;0.371194;0.259161;-0.716839;0.598059;-0.247596;0.140723;1.339467;0.350479;-0.695715;0.142575;0.062465;0.701250;0.096856;1.325708;0.375138;0.364744;-0.541817;0.712770;-0.255646;0.131482;1.312149;0.393638;-0.428656;-0.414307;0.537239;0.596639;0.130609;1.310984;0.344764;-0.539675;0.013931;0.005190;0.841742;0.100059;1.321555;0.396252;0.005711;-0.642564;0.756549;0.121295;0.114846;1.327052;0.360049;0.364744;-0.541817;0.712770;-0.255646;2023/05/02 10:45:31.4860;0.094539;1.340569;0.381097;0.345735;-0.606058;0.658365;-0.282341;0.140247;1.333317;0.398388;-0.531447;-0.405810;0.458051;0.585722;0.134242;1.319325;0.342615;-0.695715;0.142575;0.062465;0.701250;0.100056;1.337713;0.408873;-0.038014;-0.669951;0.734243;0.102995;0.114272;1.341709;0.364031;0.345735;-0.606058;0.658365;-0.282341;cac30bdb-35e1-45ca-8340-45cec70e4348;0.125830;1.411181;0.384263;-0.955020;0.270278;0.051773;0.110486;0.120849;1.364731;0.331446;-0.906450;0.407342;0.025373;0.108522;0.122326;1.390639;0.354668;-0.931023;0.301615;0.014410;0.204983;0.125758;1.425860;0.406171;-0.955020;0.270278;0.051773;0.110486;98;0.136293;1.323900;0.301853;-0.695715;0.142575;0.062465;0.701250
NA;31112;7;-0.000191;1.632199;0.075877;0.972961;0.227791;0.028606;-0.025284;0.092317;1.379607;0.432113;-0.489240;-0.556968;0.537703;0.401630;0.139475;1.377193;0.393098;-0.722402;-0.150678;0.235771;0.632332;0.128738;1.355057;0.334560;-0.699777;0.141134;0.057813;0.697891;0.117896;1.380462;0.427361;-0.582445;-0.433340;0.470028;0.502045;0.068803;1.376647;0.428452;-0.489240;-0.556968;0.537703;0.401630;0.093171;1.355264;0.391844;0.260656;-0.719499;0.597382;-0.239821;0.144958;1.354567;0.398640;-0.612903;-0.346494;0.394086;0.590752;0.131360;1.337703;0.336876;-0.699777;0.141134;0.057813;0.697891;0.103924;1.356446;0.419297;-0.146649;-0.688166;0.701151;0.115365;0.109888;1.357123;0.371019;0.260656;-0.719499;0.597382;-0.239821;0.140382;1.339409;0.349898;-0.699777;0.141134;0.057813;0.697891;0.096703;1.325066;0.374813;0.365970;-0.544070;0.713386;-0.247254;0.131650;1.311609;0.392855;-0.431195;-0.416876;0.529962;0.599522;0.130497;1.310887;0.343979;-0.543622;0.013896;-0.000244;0.839215;0.100165;1.320688;0.395840;0.005150;-0.645510;0.752717;0.129255;0.114543;1.326758;0.359581;0.365970;-0.544070;0.713386;-0.247254;2023/05/02 10:45:31.5035;0.094281;1.339832;0.380941;0.347409;-0.608415;0.658600;-0.274562;0.140249;1.332813;0.397751;-0.533899;-0.408226;0.450742;0.587482;0.134040;1.319282;0.341886;-0.699777;0.141134;0.057813;0.697891;0.100112;1.336727;0.408626;-0.038621;-0.673000;0.730355;0.110273;0.113853;1.341337;0.363718;0.347409;-0.608415;0.658600;-0.274562;cac30bdb-35e1-45ca-8340-45cec70e4348;0.125051;1.410856;0.384276;-0.956622;0.266709;0.050170;0.105940;0.120201;1.364687;0.331187;-0.908532;0.403998;0.024726;0.103655;0.121553;1.390429;0.354601;-0.932632;0.299854;0.012596;0.200317;0.124962;1.425368;0.406295;-0.956622;0.266709;0.050170;0.105940;115;0.135807;1.324251;0.301156;-0.699777;0.141134;0.057813;0.697891
NA;31113;8;0.000064;1.632169;0.076088;0.972846;0.228288;0.028290;-0.025580;0.092937;1.379534;0.432019;-0.487237;-0.557975;0.539356;0.400450;0.140161;1.377064;0.393144;-0.721681;-0.151067;0.236309;0.632861;0.129336;1.354977;0.334608;-0.699119;0.141195;0.057280;0.698581;0.118538;1.380357;0.427376;-0.580996;-0.434243;0.471438;0.501621;0.069442;1.376605;0.428217;-0.487237;-0.557975;0.539356;0.400450;0.093810;1.355239;0.391933;0.260470;-0.718850;0.598432;-0.239352;0.145601;1.354424;0.398670;-0.612299;-0.346093;0.393771;0.591823;0.131929;1.337615;0.336912;-0.699119;0.141195;0.057280;0.698581;0.104595;1.356367;0.419376;-0.146505;-0.687444;0.701737;0.116287;0.110507;1.357086;0.371091;0.260470;-0.718850;0.598432;-0.239352;0.140967;1.339302;0.349923;-0.699119;0.141195;0.057280;0.698581;0.097229;1.325054;0.374922;0.365222;-0.543429;0.714615;-0.246218;0.132202;1.311496;0.392869;-0.430803;-0.416099;0.529450;0.600794;0.131020;1.310804;0.343993;-0.542769;0.013980;-0.000642;0.839765;0.100741;1.320632;0.395932;0.004779;-0.644624;0.753210;0.130812;0.115029;1.326739;0.359645;0.365222;-0.543429;0.714615;-0.246218;2023/05/02 10:45:31.5204;0.094861;1.339821;0.381045;0.347053;-0.607687;0.659727;-0.273919;0.140847;1.332680;0.397772;-0.533321;-0.407711;0.450307;0.588697;0.134579;1.319192;0.341903;-0.699119;0.141195;0.057280;0.698581;0.100735;1.336661;0.408715;-0.038643;-0.672176;0.730929;0.111486;0.114407;1.341312;0.363792;0.347053;-0.607687;0.659727;-0.273919;cac30bdb-35e1-45ca-8340-45cec70e4348;0.125799;1.410660;0.384433;-0.957000;0.265183;0.049427;0.106702;0.120808;1.364619;0.331253;-0.908732;0.403449;0.023634;0.104296;0.122242;1.390326;0.354701;-0.932909;0.298580;0.011669;0.200983;0.125749;1.425098;0.406500;-0.957000;0.265183;0.049427;0.106702;131;0.136333;1.324181;0.301175;-0.699119;0.141195;0.057280;0.698581
NA;31114;9;0.000470;1.632319;0.076700;0.972750;0.228587;0.028570;-0.026240;0.092166;1.380935;0.430605;-0.489650;-0.560198;0.540630;0.392607;0.139546;1.378543;0.391991;-0.725232;-0.149424;0.239932;0.627809;0.128975;1.355766;0.333674;-0.701678;0.144158;0.061719;0.695023;0.117787;1.381977;0.426123;-0.584223;-0.435370;0.473670;0.494746;0.068739;1.377719;0.426619;-0.489650;-0.560198;0.540630;0.392607;0.093409;1.356277;0.391025;0.258143;-0.722889;0.593863;-0.241083;0.145196;1.356011;0.397748;-0.616826;-0.344808;0.394878;0.587116;0.131732;1.338454;0.336154;-0.701678;0.144158;0.061719;0.695023;0.104182;1.357773;0.418455;-0.150395;-0.690002;0.699066;0.112190;0.110092;1.358078;0.370167;0.258143;-0.722889;0.593863;-0.241083;0.140745;1.340359;0.349151;-0.701678;0.144158;0.061719;0.695023;0.097077;1.325985;0.374366;0.363728;-0.548458;0.711321;-0.246816;0.132208;1.312903;0.392368;-0.435652;-0.416539;0.529502;0.596934;0.131073;1.311710;0.343500;-0.546661;0.016383;0.003845;0.837185;0.100665;1.321761;0.395403;0.001039;-0.648144;0.750609;0.128430;0.114837;1.327722;0.359047;0.363728;-0.548458;0.711321;-0.246816;2023/05/02 10:45:31.5331;0.094585;1.340764;0.380306;0.345345;-0.612465;0.655620;-0.275296;0.140648;1.334216;0.397064;-0.538170;-0.407099;0.450958;0.584192;0.134554;1.320110;0.341329;-0.701678;0.144158;0.061719;0.695023;0.100508;1.337921;0.408000;-0.042609;-0.675385;0.728253;0.108107;0.114111;1.342276;0.363033;0.345345;-0.612465;0.655620;-0.275296;cac30bdb-35e1-45ca-8340-45cec70e4348;0.124673;1.411889;0.382964;-0.956705;0.267750;0.052895;0.101130;0.120355;1.365291;0.330219;-0.907210;0.407866;0.027482;0.099298;0.121440;1.391252;0.353404;-0.932752;0.302361;0.015566;0.195729;0.124377;1.426465;0.404938;-0.956705;0.267750;0.052895;0.101130;144;0.136294;1.324706;0.300554;-0.701678;0.144158;0.061719;0.695023
NA;31115;10;0.000750;1.632547;0.077062;0.972824;0.228196;0.028644;-0.026823;0.091674;1.380903;0.429600;-0.488400;-0.560992;0.542552;0.390372;0.139260;1.378434;0.391269;-0.724663;-0.150388;0.242422;0.627279;0.128910;1.355587;0.332934;-0.701267;0.143370;0.063506;0.695440;0.117323;1.381934;0.425280;-0.583064;-0.436420;0.475985;0.492963;0.068272;1.377682;0.425470;-0.488400;-0.560992;0.542552;0.390372;0.093114;1.356193;0.390217;0.258278;-0.722592;0.593497;-0.242724;0.144875;1.355908;0.397080;-0.616431;-0.344908;0.396313;0.586504;0.131641;1.338277;0.335450;-0.701267;0.143370;0.063506;0.695440;0.103809;1.357731;0.417676;-0.149963;-0.689818;0.699590;0.110618;0.109858;1.357947;0.369405;0.258278;-0.722592;0.593497;-0.242724;0.140600;1.340187;0.348489;-0.701267;0.143370;0.063506;0.695440;0.096777;1.325898;0.373698;0.364239;-0.548030;0.711206;-0.247344;0.131885;1.312798;0.391713;-0.435373;-0.416612;0.529593;0.597006;0.130933;1.311535;0.342843;-0.546413;0.015198;0.005476;0.837360;0.100344;1.321668;0.394738;0.001474;-0.648030;0.750746;0.128199;0.114563;1.327625;0.358408;0.364239;-0.548030;0.711206;-0.247344;2023/05/02 10:45:31.5453;0.094288;1.340670;0.379582;0.345592;-0.612169;0.655285;-0.276437;0.140319;1.334113;0.396410;-0.537925;-0.407061;0.451763;0.583823;0.134427;1.319930;0.340673;-0.701267;0.143370;0.063506;0.695440;0.100166;1.337854;0.407288;-0.042391;-0.675229;0.728548;0.107179;0.113851;1.342148;0.362348;0.345592;-0.612169;0.655285;-0.276437;cac30bdb-35e1-45ca-8340-45cec70e4348;0.124480;1.411834;0.382076;-0.956165;0.268826;0.054865;0.102333;0.120322;1.365120;0.329422;-0.906581;0.408771;0.029239;0.100805;0.121346;1.391136;0.352549;-0.932236;0.302992;0.017589;0.197036;0.124112;1.426468;0.404011;-0.956165;0.268826;0.054865;0.102333;157;0.136324;1.324467;0.299899;-0.701267;0.143370;0.063506;0.695440
NA;31116;11;0.000901;1.632661;0.077519;0.972941;0.227591;0.029134;-0.027205;0.091205;1.380865;0.428649;-0.487324;-0.561750;0.544239;0.388274;0.138983;1.378336;0.390582;-0.724202;-0.151310;0.244722;0.626696;0.128841;1.355426;0.332230;-0.700962;0.142645;0.065133;0.695746;0.116880;1.381893;0.424480;-0.582045;-0.437439;0.478079;0.491235;0.067828;1.377634;0.424390;-0.487324;-0.561750;0.544239;0.388274;0.092833;1.356108;0.389462;0.258350;-0.722404;0.593104;-0.244160;0.144571;1.355816;0.396442;-0.616177;-0.344956;0.397551;0.585905;0.131550;1.338119;0.334778;-0.700962;0.142645;0.065133;0.695746;0.103460;1.357689;0.416944;-0.149660;-0.689702;0.699992;0.109198;0.109629;1.357821;0.368688;0.258350;-0.722404;0.593104;-0.244160;0.140457;1.340033;0.347857;-0.700962;0.142645;0.065133;0.695746;0.096490;1.325814;0.373083;0.364675;-0.547705;0.711132;-0.247634;0.131587;1.312703;0.391086;-0.435287;-0.416623;0.529427;0.597208;0.130802;1.311377;0.342215;-0.546269;0.014122;0.006949;0.837462;0.100047;1.321576;0.394122;0.001772;-0.647978;0.750788;0.128213;0.114294;1.327539;0.357813;0.364675;-0.547705;0.711132;-0.247634;2023/05/02 10:45:31.5559;0.094003;1.340576;0.378910;0.345761;-0.611993;0.654969;-0.277361;0.140010;1.334022;0.395785;-0.537846;-0.406956;0.452340;0.583522;0.134306;1.319768;0.340046;-0.700962;0.142645;0.065133;0.695746;0.099850;1.337787;0.406626;-0.042325;-0.675138;0.728742;0.106455;0.113596;1.342029;0.361708;0.345761;-0.611993;0.654969;-0.277361;cac30bdb-35e1-45ca-8340-45cec70e4348;0.124292;1.411800;0.381222;-0.955607;0.270004;0.056698;0.103437;0.120283;1.364967;0.328663;-0.905961;0.409678;0.030897;0.102194;0.121249;1.391037;0.351731;-0.931714;0.303692;0.019492;0.198241;0.123859;1.426496;0.403114;-0.955607;0.270004;0.056698;0.103437;167;0.136342;1.324251;0.299273;-0.700962;0.142645;0.065133;0.695746
NA;31117;12;0.001195;1.632869;0.077873;0.973135;0.226669;0.029409;-0.027669;0.091973;1.381501;0.428158;-0.485745;-0.560749;0.546818;0.388074;0.139809;1.378667;0.390210;-0.722456;-0.150674;0.246255;0.628262;0.129472;1.355750;0.331896;-0.698888;0.143568;0.064753;0.697676;0.117664;1.382393;0.424062;-0.580422;-0.436503;0.480402;0.491721;0.068596;1.378381;0.423818;-0.485745;-0.560749;0.546818;0.388074;0.093538;1.356712;0.389164;0.257464;-0.720769;0.595071;-0.245142;0.145272;1.356121;0.396089;-0.614813;-0.343228;0.398424;0.587757;0.132085;1.338430;0.334460;-0.698888;0.143568;0.064753;0.697676;0.104196;1.358250;0.416637;-0.149870;-0.687559;0.701983;0.109644;0.110347;1.358315;0.368392;0.257464;-0.720769;0.595071;-0.245142;0.141018;1.340310;0.347526;-0.698888;0.143568;0.064753;0.697676;0.096995;1.326378;0.372833;0.363361;-0.545893;0.712803;-0.248760;0.132032;1.313079;0.390794;-0.434135;-0.414447;0.530527;0.598583;0.131190;1.311704;0.341925;-0.543825;0.014862;0.007099;0.839037;0.100549;1.322137;0.393872;0.001470;-0.645709;0.752740;0.128220;0.114794;1.327984;0.357545;0.363361;-0.545893;0.712803;-0.248760;2023/05/02 10:45:31.5692;0.094607;1.341162;0.378633;0.344599;-0.610243;0.656691;-0.278591;0.140584;1.334354;0.395461;-0.536571;-0.405076;0.453438;0.585150;0.134741;1.320072;0.339744;-0.698888;0.143568;0.064753;0.697676;0.100459;1.338361;0.406346;-0.042577;-0.672941;0.730744;0.106542;0.114204;1.342485;0.361425;0.344599;-0.610243;0.656691;-0.278591;cac30bdb-35e1-45ca-8340-45cec70e4348;0.125243;1.412176;0.380856;-0.955439;0.269880;0.055854;0.105744;0.120963;1.365335;0.328329;-0.905501;0.410253;0.029544;0.104351;0.122082;1.391423;0.351370;-0.931195;0.303880;0.018530;0.200475;0.124888;1.426862;0.402757;-0.955439;0.269880;0.055854;0.105744;181;0.136763;1.324498;0.298963;-0.698888;0.143568;0.064753;0.697676
NA;31118;13;0.001422;1.632744;0.077993;0.973197;0.226437;0.029537;-0.027250;0.092655;1.382079;0.427664;-0.484232;-0.559959;0.549236;0.387691;0.140558;1.378973;0.389842;-0.720879;-0.150198;0.247783;0.629585;0.130045;1.356050;0.331563;-0.697027;0.144408;0.064412;0.699393;0.118363;1.382851;0.423645;-0.578906;-0.435767;0.482606;0.492003;0.069281;1.379056;0.423238;-0.484232;-0.559959;0.549236;0.387691;0.094182;1.357262;0.388862;0.256762;-0.719273;0.596795;-0.246084;0.145909;1.356405;0.395739;-0.613579;-0.341695;0.399193;0.589415;0.132571;1.338719;0.334143;-0.697027;0.144408;0.064412;0.699393;0.104865;1.358762;0.416327;-0.150022;-0.685644;0.703760;0.110034;0.111006;1.358769;0.368095;0.256762;-0.719273;0.596795;-0.246084;0.141527;1.340567;0.347196;-0.697027;0.144408;0.064412;0.699393;0.097459;1.326892;0.372574;0.362202;-0.544263;0.714265;-0.249828;0.132440;1.313427;0.390500;-0.433105;-0.412493;0.531532;0.599787;0.131546;1.312007;0.341633;-0.541636;0.015539;0.007235;0.840439;0.101009;1.322651;0.393614;0.001222;-0.643677;0.754489;0.128156;0.115256;1.328391;0.357271;0.362202;-0.544263;0.714265;-0.249828;2023/05/02 10:45:31.5870;0.095160;1.341697;0.378348;0.343614;-0.608646;0.658191;-0.279756;0.141107;1.334662;0.395137;-0.535414;-0.403406;0.454431;0.586590;0.135138;1.320354;0.339440;-0.697027;0.144408;0.064412;0.699393;0.101014;1.338886;0.406060;-0.042761;-0.670976;0.732533;0.106574;0.114764;1.342903;0.361138;0.343614;-0.608646;0.658191;-0.279756;cac30bdb-35e1-45ca-8340-45cec70e4348;0.126091;1.412518;0.380497;-0.955318;0.269662;0.055147;0.107744;0.121579;1.365673;0.327998;-0.905091;0.410758;0.028367;0.106221;0.122830;1.391776;0.351015;-0.930754;0.303998;0.017705;0.202407;0.125803;1.427189;0.402409;-0.955318;0.269662;0.055147;0.107744;198;0.137146;1.324729;0.298653;-0.697027;0.144408;0.064412;0.699393
NA;31119;14;0.001786;1.632730;0.078573;0.973171;0.226377;0.030216;-0.027890;0.092956;1.383075;0.427195;-0.487098;-0.557415;0.550068;0.386586;0.140774;1.379667;0.389270;-0.721601;-0.146807;0.249411;0.628915;0.130222;1.356314;0.331153;-0.696461;0.147581;0.066683;0.699082;0.118651;1.383804;0.423088;-0.581199;-0.432694;0.483636;0.490999;0.069567;1.380028;0.422864;-0.487098;-0.557415;0.550068;0.386586;0.094420;1.357959;0.388574;0.253599;-0.720372;0.596020;-0.248016;0.146131;1.357145;0.395336;-0.615358;-0.338484;0.400734;0.588366;0.132730;1.339004;0.333867;-0.696461;0.147581;0.066683;0.699082;0.105141;1.359673;0.416011;-0.153181;-0.684922;0.704134;0.107764;0.111220;1.359302;0.367776;0.253599;-0.720372;0.596020;-0.248016;0.141685;1.340929;0.346924;-0.696461;0.147581;0.066683;0.699082;0.097662;1.327471;0.372483;0.359643;-0.545775;0.713766;-0.251643;0.132650;1.314129;0.390450;-0.434901;-0.410518;0.533259;0.598307;0.131693;1.312328;0.341597;-0.541529;0.018194;0.010165;0.840424;0.101225;1.323376;0.393550;-0.001280;-0.643559;0.754995;0.125749;0.115426;1.328869;0.357134;0.359643;-0.545775;0.713766;-0.251643;2023/05/02 10:45:31.6034;0.095377;1.342307;0.378144;0.341011;-0.610006;0.657238;-0.282211;0.141325;1.335398;0.394910;-0.537350;-0.400768;0.456241;0.585222;0.135283;1.320657;0.339334;-0.696461;0.147581;0.066683;0.699082;0.101253;1.339713;0.405872;-0.045684;-0.670695;0.732987;0.103978;0.114971;1.343373;0.360915;0.341011;-0.610006;0.657238;-0.282211;cac30bdb-35e1-45ca-8340-45cec70e4348;0.126679;1.413254;0.379528;-0.954102;0.273255;0.054098;0.109971;0.121790;1.365933;0.327492;-0.902800;0.415350;0.026758;0.108260;0.123239;1.392251;0.350251;-0.928730;0.308683;0.016865;0.204673;0.126503;1.428080;0.401336;-0.954102;0.273255;0.054098;0.109971;214;0.137239;1.324713;0.298511;-0.696461;0.147581;0.066683;0.699082
NA;31120;15;0.001997;1.632680;0.078808;0.973104;0.226629;0.030397;-0.027988;0.093329;1.382891;0.427167;-0.485086;-0.559563;0.550615;0.385233;0.141240;1.379626;0.389398;-0.721505;-0.148386;0.249396;0.628661;0.130656;1.356386;0.331245;-0.696806;0.147025;0.065771;0.698941;0.119042;1.383666;0.423179;-0.579939;-0.434810;0.484082;0.490178;0.069972;1.379820;0.422691;-0.485086;-0.559563;0.550615;0.385233;0.094911;1.357898;0.388694;0.254477;-0.720245;0.596092;-0.247312;0.146611;1.357093;0.395413;-0.615310;-0.338966;0.399728;0.588824;0.133179;1.339071;0.333920;-0.696806;0.147025;0.065771;0.698941;0.105640;1.359558;0.416132;-0.152569;-0.685245;0.703825;0.108591;0.111712;1.359296;0.367900;0.254477;-0.720245;0.596092;-0.247312;0.142145;1.340979;0.346968;-0.696806;0.147025;0.065771;0.698941;0.098160;1.327451;0.372518;0.360396;-0.545487;0.713951;-0.250666;0.133148;1.314082;0.390443;-0.434601;-0.411111;0.532324;0.598950;0.132164;1.312384;0.341587;-0.541754;0.017859;0.009115;0.840298;0.101719;1.323306;0.393576;-0.000408;-0.643733;0.754707;0.126592;0.115924;1.328896;0.357173;0.360396;-0.545487;0.713951;-0.250666;2023/05/02 10:45:31.6201;0.095858;1.342270;0.378244;0.341551;-0.609856;0.657522;-0.281218;0.141816;1.335345;0.394943;-0.537297;-0.401144;0.455166;0.585849;0.135748;1.320720;0.339339;-0.696806;0.147025;0.065771;0.698941;0.101754;1.339616;0.405962;-0.045210;-0.670872;0.732706;0.105018;0.115441;1.343382;0.361005;0.341551;-0.609856;0.657522;-0.281218;cac30bdb-35e1-45ca-8340-45cec70e4348;0.127049;1.413152;0.379806;-0.954964;0.270506;0.054117;0.109278;0.122209;1.366004;0.327616;-0.903437;0.414162;0.026581;0.107543;0.123639;1.392263;0.350444;-0.929529;0.306798;0.016616;0.203901;0.126843;1.427855;0.401697;-0.954964;0.270506;0.054117;0.109278;231;0.137678;1.324864;0.298524;-0.696806;0.147025;0.065771;0.698941
NA;31121;16;0.002383;1.632609;0.079339;0.973038;0.226868;0.030836;-0.027876;0.092848;1.383026;0.426711;-0.483911;-0.560601;0.551811;0.383486;0.140863;1.379755;0.389112;-0.721319;-0.148975;0.250509;0.628291;0.130248;1.356512;0.330966;-0.696676;0.147206;0.065652;0.699045;0.118577;1.383812;0.422834;-0.579139;-0.435827;0.485376;0.488942;0.069516;1.379940;0.422114;-0.483911;-0.560601;0.551811;0.383486;0.094504;1.358054;0.388589;0.253188;-0.720554;0.596621;-0.246457;0.146227;1.357221;0.395127;-0.615948;-0.337577;0.398988;0.589456;0.132765;1.339197;0.333642;-0.696676;0.147206;0.065652;0.699045;0.105330;1.359728;0.415988;-0.154028;-0.684772;0.703817;0.109569;0.111240;1.359427;0.367740;0.253188;-0.720554;0.596621;-0.246457;0.141737;1.341103;0.346687;-0.696676;0.147206;0.065652;0.699045;0.097719;1.327614;0.372377;0.359918;-0.545363;0.714579;-0.249832;0.132746;1.314214;0.390167;-0.435158;-0.410303;0.531238;0.600063;0.131743;1.312511;0.341312;-0.541593;0.018046;0.009058;0.840398;0.101330;1.323442;0.393421;-0.000974;-0.643430;0.754749;0.127867;0.115453;1.329067;0.356998;0.359918;-0.545363;0.714579;-0.249832;2023/05/02 10:45:31.6353;0.095438;1.342422;0.378149;0.340905;-0.609895;0.658017;-0.280761;0.141423;1.335475;0.394662;-0.538058;-0.399883;0.454050;0.586878;0.135330;1.320846;0.339062;-0.696676;0.147206;0.065652;0.699045;0.101411;1.339761;0.405850;-0.046163;-0.670529;0.732815;0.106031;0.114991;1.343524;0.360876;0.340905;-0.609895;0.658017;-0.280761;cac30bdb-35e1-45ca-8340-45cec70e4348;0.126535;1.413294;0.379524;-0.955178;0.269813;0.054835;0.108760;0.121803;1.366132;0.327340;-0.903392;0.414328;0.027200;0.107126;0.123183;1.392405;0.350156;-0.929689;0.306606;0.017268;0.203402;0.126280;1.427970;0.401433;-0.955178;0.269813;0.054835;0.108760;247;0.137246;1.324984;0.298246;-0.696676;0.147206;0.065652;0.699045
NA;31122;17;0.002496;1.632623;0.079605;0.973007;0.226895;0.031008;-0.028561;0.093374;1.382205;0.427458;-0.481765;-0.561546;0.551925;0.384640;0.141390;1.379004;0.389882;-0.720328;-0.150325;0.249306;0.629584;0.130630;1.356010;0.331668;-0.696192;0.146372;0.063621;0.699889;0.119110;1.382959;0.423619;-0.577376;-0.436980;0.485083;0.490285;0.070045;1.379182;0.422804;-0.481765;-0.561546;0.551925;0.384640;0.094965;1.357414;0.389361;0.253557;-0.719642;0.598245;-0.244800;0.146709;1.356434;0.395800;-0.614965;-0.337745;0.397728;0.591235;0.133117;1.338678;0.334272;-0.696192;0.146372;0.063621;0.699889;0.105855;1.358958;0.416742;-0.153387;-0.684095;0.704256;0.111847;0.111655;1.358825;0.368480;0.253557;-0.719642;0.598245;-0.244800;0.142116;1.340519;0.347302;-0.696192;0.146372;0.063621;0.699889;0.098089;1.327037;0.373006;0.360287;-0.543910;0.715998;-0.248399;0.133121;1.313479;0.390687;-0.433965;-0.410176;0.530136;0.601985;0.132048;1.311972;0.341827;-0.540650;0.017549;0.007003;0.841035;0.101732;1.322766;0.394025;-0.000171;-0.642449;0.755200;0.130124;0.115806;1.328512;0.357610;0.360287;-0.543910;0.715998;-0.248399;2023/05/02 10:45:31.6532;0.095846;1.341826;0.378882;0.341090;-0.608721;0.659722;-0.279076;0.141854;1.334701;0.395255;-0.537068;-0.399768;0.452637;0.588951;0.135651;1.320307;0.339605;-0.696192;0.146372;0.063621;0.699889;0.101879;1.339035;0.406557;-0.045510;-0.669629;0.733327;0.108436;0.115361;1.342955;0.361568;0.341090;-0.608721;0.659722;-0.279076;cac30bdb-35e1-45ca-8340-45cec70e4348;0.127189;1.412501;0.380541;-0.956086;0.266473;0.053054;0.109893;0.122191;1.365657;0.328102;-0.904352;0.412154;0.025060;0.107928;0.123710;1.391805;0.351051;-0.930390;0.303971;0.015097;0.204322;0.127019;1.427016;0.402558;-0.956086;0.266473;0.053054;0.109893;264;0.137522;1.324604;0.298804;-0.696192;0.146372;0.063621;0.699889
NA;31123;18;0.002834;1.632638;0.080188;0.973073;0.226496;0.031182;-0.029260;0.094224;1.380864;0.428618;-0.478005;-0.563299;0.552211;0.386354;0.142253;1.377788;0.391098;-0.718666;-0.152698;0.247370;0.631672;0.131249;1.355191;0.332787;-0.695396;0.145064;0.060326;0.701243;0.119973;1.381568;0.424856;-0.574313;-0.439092;0.484705;0.492366;0.070905;1.377945;0.423850;-0.478005;-0.563299;0.552211;0.386354;0.095709;1.356379;0.390594;0.253894;-0.718244;0.600943;-0.241933;0.147500;1.355161;0.396861;-0.613411;-0.337938;0.395704;0.594090;0.133689;1.337833;0.335272;-0.695396;0.145064;0.060326;0.701243;0.106718;1.357717;0.417939;-0.152575;-0.682943;0.704935;0.115658;0.112312;1.357849;0.369648;0.253894;-0.718244;0.600943;-0.241933;0.142737;1.339573;0.348273;-0.695396;0.145064;0.060326;0.701243;0.098688;1.326106;0.374001;0.360852;-0.541548;0.718296;-0.246094;0.133737;1.312291;0.391505;-0.432015;-0.409971;0.528380;0.605063;0.132548;1.311100;0.342639;-0.539112;0.016790;0.003679;0.842058;0.102391;1.321674;0.394976;0.000972;-0.640844;0.755898;0.133927;0.116378;1.327615;0.358577;0.360852;-0.541548;0.718296;-0.246094;2023/05/02 10:45:31.6664;0.096505;1.340865;0.380066;0.341202;-0.606886;0.662587;-0.276132;0.142561;1.333450;0.396188;-0.535540;-0.399463;0.450214;0.592397;0.136179;1.319436;0.340462;-0.695396;0.145064;0.060326;0.701243;0.102652;1.337859;0.407694;-0.044647;-0.668130;0.734126;0.112553;0.115950;1.342038;0.362675;0.341202;-0.606886;0.662587;-0.276132;cac30bdb-35e1-45ca-8340-45cec70e4348;0.128323;1.411148;0.382207;-0.957727;0.260339;0.049612;0.111896;0.122812;1.364876;0.329323;-0.906017;0.408355;0.020921;0.109283;0.124600;1.390803;0.352503;-0.931625;0.299253;0.010937;0.205920;0.128315;1.425362;0.404419;-0.957727;0.260339;0.049612;0.111896;277;0.137974;1.323985;0.299685;-0.695396;0.145064;0.060326;0.701243
NA;31124;19;0.003017;1.632696;0.080531;0.973111;0.226318;0.031301;-0.029236;0.094064;1.381178;0.428208;-0.478076;-0.563741;0.553035;0.384439;0.142215;1.378082;0.390852;-0.718915;-0.152991;0.249139;0.630623;0.131265;1.355353;0.332579;-0.695537;0.145611;0.061317;0.700904;0.119824;1.381911;0.424530;-0.574382;-0.439585;0.485939;0.490626;0.070764;1.378214;0.423373;-0.478076;-0.563741;0.553035;0.384439;0.095689;1.356632;0.390397;0.253226;-0.718769;0.600380;-0.242469;0.147479;1.355472;0.396665;-0.614031;-0.337436;0.396182;0.593416;0.133717;1.338003;0.335103;-0.695537;0.145611;0.061317;0.700904;0.106696;1.358038;0.417740;-0.153333;-0.683083;0.704772;0.114820;0.112292;1.358071;0.369448;0.253226;-0.718769;0.600380;-0.242469;0.142754;1.339775;0.348109;-0.695537;0.145611;0.061317;0.700904;0.098706;1.326323;0.373871;0.360462;-0.542221;0.717762;-0.246742;0.133757;1.312578;0.391396;-0.432792;-0.409685;0.528733;0.604393;0.132593;1.311281;0.342531;-0.539468;0.017159;0.004725;0.841818;0.102403;1.321940;0.394857;0.000397;-0.641187;0.755777;0.132970;0.116397;1.327815;0.358447;0.360462;-0.542221;0.717762;-0.246742;2023/05/02 10:45:31.6801;0.096502;1.341096;0.379906;0.340734;-0.607507;0.662026;-0.276691;0.142560;1.333755;0.396037;-0.536238;-0.399075;0.450594;0.591737;0.136217;1.319615;0.340339;-0.695537;0.145611;0.061317;0.700904;0.102648;1.338152;0.407540;-0.045339;-0.668407;0.733954;0.111747;0.115948;1.342250;0.362514;0.340734;-0.607507;0.662026;-0.276691;cac30bdb-35e1-45ca-8340-45cec70e4348;0.128205;1.411444;0.381853;-0.957483;0.261275;0.050614;0.111360;0.122827;1.365026;0.329086;-0.905507;0.409527;0.021922;0.108920;0.124551;1.391020;0.352195;-0.931385;0.300265;0.012045;0.205472;0.128145;1.425707;0.404035;-0.957483;0.261275;0.050614;0.111360;291;0.138029;1.324078;0.299552;-0.695537;0.145611;0.061317;0.700904
NA;31125;20;0.003116;1.632732;0.080800;0.973111;0.226253;0.031632;-0.029381;0.093956;1.381166;0.427850;-0.477663;-0.563739;0.553963;0.383617;0.142203;1.378001;0.390623;-0.718499;-0.153356;0.250494;0.630471;0.131343;1.355216;0.332350;-0.695136;0.145507;0.062260;0.701240;0.119725;1.381880;0.424238;-0.573878;-0.439746;0.487071;0.489949;0.070665;1.378210;0.422966;-0.477663;-0.563739;0.553963;0.383617;0.095653;1.356587;0.390143;0.252917;-0.718590;0.600393;-0.243288;0.147441;1.355395;0.396474;-0.613782;-0.337241;0.397082;0.593183;0.133771;1.337867;0.334901;-0.695136;0.145507;0.062260;0.701240;0.106634;1.358020;0.417494;-0.153393;-0.682760;0.705192;0.114079;0.112275;1.357985;0.369206;0.252917;-0.718590;0.600393;-0.243288;0.142782;1.339640;0.347929;-0.695136;0.145507;0.062260;0.701240;0.098682;1.326254;0.373655;0.360612;-0.541953;0.717541;-0.247753;0.133695;1.312504;0.391235;-0.432504;-0.409593;0.529463;0.604022;0.132609;1.311147;0.342371;-0.539141;0.016823;0.005679;0.842029;0.102344;1.321892;0.394651;0.000622;-0.640994;0.756100;0.132057;0.116399;1.327714;0.358257;0.360612;-0.541953;0.717541;-0.247753;2023/05/02 10:45:31.6934;0.096468;1.341037;0.379676;0.340567;-0.607340;0.661937;-0.277475;0.142507;1.333681;0.395864;-0.536014;-0.398901;0.451383;0.591457;0.136243;1.319476;0.340174;-0.695136;0.145507;0.062260;0.701240;0.102586;1.338122;0.407320;-0.045348;-0.668160;0.734290;0.111018;0.115930;1.342157;0.362301;0.340567;-0.607340;0.661937;-0.277475;cac30bdb-35e1-45ca-8340-45cec70e4348;0.128291;1.411430;0.381491;-0.957061;0.262195;0.051446;0.112438;0.122931;1.364899;0.328820;-0.904936;0.410434;0.022575;0.110118;0.124656;1.390940;0.351876;-0.930816;0.301213;0.012904;0.206605;0.128213;1.425739;0.403643;-0.957061;0.262195;0.051446;0.112438;305;0.138124;1.323886;0.299385;-0.695136;0.145507;0.062260;0.701240
NA;31126;21;0.003219;1.632722;0.080977;0.973016;0.226593;0.031837;-0.029701;0.093884;1.381137;0.427546;-0.477340;-0.563631;0.554723;0.383078;0.142205;1.377906;0.390416;-0.718102;-0.153597;0.251563;0.630440;0.131426;1.355074;0.332141;-0.694742;0.145393;0.063090;0.701580;0.119661;1.381830;0.423981;-0.573451;-0.439779;0.487979;0.489514;0.070599;1.378192;0.422627;-0.477340;-0.563631;0.554723;0.383078;0.095630;1.356528;0.389909;0.252635;-0.718396;0.600446;-0.244024;0.147417;1.355302;0.396299;-0.613511;-0.337075;0.397920;0.592996;0.133830;1.337726;0.334715;-0.694742;0.145393;0.063090;0.701580;0.106588;1.357984;0.417268;-0.153431;-0.682437;0.705600;0.113433;0.112270;1.357888;0.368984;0.252635;-0.718396;0.600446;-0.244024;0.142818;1.339499;0.347764;-0.694742;0.145393;0.063090;0.701580;0.098667;1.326175;0.373453;0.360774;-0.541655;0.717361;-0.248688;0.133646;1.312417;0.391087;-0.432178;-0.409523;0.530151;0.603700;0.132631;1.311007;0.342222;-0.538804;0.016501;0.006521;0.842245;0.102299;1.321831;0.394458;0.000850;-0.640787;0.756414;0.131258;0.116409;1.327604;0.358080;0.360774;-0.541655;0.717361;-0.248688;2023/05/02 10:45:31.7081;0.096446;1.340967;0.379464;0.340407;-0.607155;0.661895;-0.278175;0.142467;1.333591;0.395706;-0.535763;-0.398748;0.452118;0.591226;0.136274;1.319331;0.340021;-0.694742;0.145393;0.063090;0.701580;0.102539;1.338075;0.407116;-0.045347;-0.667902;0.734619;0.110386;0.115921;1.342054;0.362102;0.340407;-0.607155;0.661895;-0.278175;cac30bdb-35e1-45ca-8340-45cec70e4348;0.128409;1.411399;0.381159;-0.956651;0.263070;0.052086;0.113583;0.123040;1.364768;0.328577;-0.904404;0.411247;0.023041;0.111350;0.124778;1.390851;0.351585;-0.930251;0.302113;0.013566;0.207792;0.128323;1.425751;0.403283;-0.956651;0.263070;0.052086;0.113583;319;0.138218;1.323696;0.299230;-0.694742;0.145393;0.063090;0.701580
NA;31127;22;0.003395;1.632565;0.081248;0.972851;0.227287;0.031880;-0.029748;0.094747;1.382844;0.427389;-0.479468;-0.561478;0.556929;0.380373;0.143112;1.379245;0.390365;-0.718429;-0.150611;0.254917;0.629439;0.132123;1.355880;0.332342;-0.693611;0.149736;0.065258;0.701587;0.120530;1.383490;0.423866;-0.574848;-0.437476;0.490862;0.487052;0.071465;1.379870;0.422471;-0.479468;-0.561478;0.556929;0.380373;0.096489;1.357948;0.390292;0.247454;-0.719671;0.600716;-0.244909;0.148307;1.356689;0.396445;-0.615445;-0.332578;0.399398;0.592537;0.134510;1.338553;0.335072;-0.693611;0.149736;0.065258;0.701587;0.107582;1.359629;0.417583;-0.158099;-0.680857;0.706314;0.112073;0.113011;1.359088;0.369260;0.247454;-0.719671;0.600716;-0.244909;0.143541;1.340437;0.348075;-0.693611;0.149736;0.065258;0.701587;0.099426;1.327430;0.374072;0.356695;-0.543235;0.717396;-0.251012;0.134456;1.313777;0.391677;-0.434689;-0.405913;0.532178;0.602550;0.133295;1.311910;0.342831;-0.538091;0.020275;0.009677;0.842587;0.103137;1.323268;0.395100;-0.003441;-0.639951;0.757468;0.129199;0.117106;1.328696;0.358614;0.356695;-0.543235;0.717396;-0.251012;2023/05/02 10:45:31.7223;0.097252;1.342291;0.380003;0.336129;-0.608670;0.661946;-0.279940;0.143323;1.334981;0.396070;-0.538156;-0.394568;0.453521;0.590782;0.136944;1.320207;0.340541;-0.693611;0.149736;0.065258;0.701587;0.103462;1.339625;0.407651;-0.049711;-0.666857;0.735531;0.108744;0.116653;1.343198;0.362547;0.336129;-0.608670;0.661946;-0.279940;cac30bdb-35e1-45ca-8340-45cec70e4348;0.129260;1.412579;0.380912;-0.955982;0.265682;0.051589;0.113356;0.123737;1.365550;0.328715;-0.902484;0.415568;0.022047;0.111089;0.125566;1.391842;0.351478;-0.929248;0.305307;0.013308;0.207629;0.129213;1.427047;0.402961;-0.955982;0.265682;0.051589;0.113356;333;0.138774;1.324185;0.299705;-0.693611;0.149736;0.065258;0.701587
NA;31128;23;0.003366;1.632394;0.081270;0.972642;0.228254;0.031550;-0.029547;0.094040;1.383329;0.427015;-0.480287;-0.561208;0.557742;0.378543;0.142504;1.379649;0.390117;-0.718784;-0.150227;0.256943;0.628301;0.131735;1.356052;0.332143;-0.693706;0.149940;0.067775;0.701211;0.119830;1.383993;0.423543;-0.575468;-0.437174;0.492116;0.485322;0.070771;1.380309;0.422068;-0.480287;-0.561208;0.557742;0.378543;0.095904;1.358295;0.390034;0.246942;-0.720240;0.599556;-0.246590;0.147711;1.357124;0.396299;-0.616005;-0.332334;0.400895;0.591080;0.134133;1.338740;0.334946;-0.693706;0.149940;0.067775;0.701211;0.106939;1.360089;0.417342;-0.158668;-0.681133;0.706247;0.109993;0.112469;1.359381;0.369033;0.246942;-0.720240;0.599556;-0.246590;0.143117;1.340681;0.347977;-0.693706;0.149940;0.067775;0.701211;0.098945;1.327718;0.373913;0.357082;-0.543915;0.716031;-0.252880;0.133935;1.314176;0.391653;-0.435125;-0.406313;0.533421;0.600865;0.132926;1.312120;0.342811;-0.538618;0.020003;0.012135;0.842225;0.102594;1.323633;0.394968;-0.003402;-0.640651;0.757272;0.126865;0.116673;1.328955;0.358508;0.357082;-0.543915;0.716031;-0.252880;2023/05/02 10:45:31.7360;0.096717;1.342602;0.379799;0.336101;-0.609331;0.660659;-0.281570;0.142758;1.335408;0.395992;-0.538710;-0.394624;0.454832;0.589229;0.136571;1.320413;0.340500;-0.693706;0.149940;0.067775;0.701211;0.102866;1.340037;0.407470;-0.050043;-0.667390;0.735323;0.106704;0.116159;1.343476;0.362387;0.336101;-0.609331;0.660659;-0.281570;cac30bdb-35e1-45ca-8340-45cec70e4348;0.128624;1.412982;0.380442;-0.955421;0.267339;0.053851;0.113137;0.123356;1.365702;0.328445;-0.901549;0.417428;0.024265;0.111240;0.125066;1.392101;0.351092;-0.928626;0.307111;0.015718;0.207581;0.128472;1.427538;0.402432;-0.955421;0.267339;0.053851;0.113137;347;0.138522;1.324237;0.299655;-0.693706;0.149940;0.067775;0.701211
NA;31129;24;0.003413;1.632439;0.081448;0.972566;0.228714;0.030805;-0.029255;0.093420;1.383791;0.426704;-0.481273;-0.560704;0.558356;0.377130;0.141950;1.380025;0.389885;-0.719137;-0.149624;0.258625;0.627350;0.131385;1.356212;0.331958;-0.693769;0.150154;0.070113;0.700873;0.119213;1.384465;0.423255;-0.576216;-0.436605;0.493095;0.483950;0.070157;1.380733;0.421751;-0.481273;-0.560704;0.558356;0.377130;0.095371;1.358622;0.389803;0.246442;-0.720753;0.598507;-0.248136;0.147168;1.357529;0.396163;-0.616535;-0.332037;0.402242;0.589777;0.133791;1.338913;0.334831;-0.693769;0.150154;0.070113;0.700873;0.106355;1.360519;0.417125;-0.159246;-0.681351;0.706195;0.108117;0.111975;1.359656;0.368831;0.246442;-0.720753;0.598507;-0.248136;0.142730;1.340906;0.347888;-0.693769;0.150154;0.070113;0.700873;0.098510;1.327990;0.373772;0.357490;-0.544492;0.714762;-0.254647;0.133457;1.314547;0.391633;-0.435515;-0.406664;0.534545;0.599344;0.132589;1.312314;0.342796;-0.539081;0.019773;0.014429;0.841898;0.102097;1.323975;0.394850;-0.003296;-0.641278;0.757106;0.124668;0.116284;1.329198;0.358418;0.357490;-0.544492;0.714762;-0.254647;2023/05/02 10:45:31.7533;0.096227;1.342896;0.379614;0.336057;-0.609924;0.659495;-0.283064;0.142242;1.335806;0.395921;-0.539215;-0.394649;0.456028;0.587826;0.136231;1.320603;0.340467;-0.693769;0.150154;0.070113;0.700873;0.102322;1.340423;0.407306;-0.050371;-0.667856;0.735143;0.104858;0.115707;1.343739;0.362243;0.336057;-0.609924;0.659495;-0.283064;cac30bdb-35e1-45ca-8340-45cec70e4348;0.128047;1.413376;0.379985;-0.954832;0.269062;0.056004;0.112987;0.123015;1.365845;0.328193;-0.900616;0.419256;0.026398;0.111439;0.124613;1.392348;0.350726;-0.927950;0.309011;0.018020;0.207598;0.127797;1.428022;0.401914;-0.954832;0.269062;0.056004;0.112987;364;0.138292;1.324283;0.299614;-0.693769;0.150154;0.070113;0.700873
NA;31130;25;0.003626;1.632402;0.081873;0.972668;0.228397;0.029870;-0.029321;0.092541;1.383754;0.426041;-0.475837;-0.564518;0.562643;0.371930;0.141619;1.380008;0.390019;-0.717099;-0.154427;0.263797;0.626365;0.131514;1.356198;0.332002;-0.692893;0.147420;0.073013;0.702023;0.118391;1.384436;0.423051;-0.571731;-0.441127;0.497984;0.480148;0.069377;1.380691;0.420647;-0.475837;-0.564518;0.562643;0.371930;0.094993;1.358685;0.389619;0.248405;-0.719356;0.598128;-0.251128;0.146749;1.357506;0.396349;-0.614638;-0.333717;0.404831;0.589037;0.133861;1.338897;0.334903;-0.692893;0.147420;0.073013;0.702023;0.105792;1.360572;0.417015;-0.156823;-0.681089;0.707342;0.105793;0.111756;1.359686;0.368772;0.248405;-0.719356;0.598128;-0.251128;0.142687;1.340872;0.348045;-0.692893;0.147420;0.073013;0.702023;0.098201;1.328058;0.373643;0.360417;-0.542632;0.713870;-0.256981;0.133009;1.314544;0.391720;-0.433082;-0.408472;0.535968;0.598606;0.132544;1.312294;0.342879;-0.538352;0.016381;0.016813;0.842393;0.101642;1.324016;0.394740;-0.000359;-0.641120;0.757528;0.122950;0.116104;1.329244;0.358439;0.360417;-0.542632;0.713870;-0.256981;2023/05/02 10:45:31.7691;0.095885;1.342966;0.379522;0.338275;-0.608262;0.658881;-0.285417;0.141791;1.335791;0.396074;-0.537388;-0.395989;0.457649;0.587337;0.136218;1.320576;0.340576;-0.692893;0.147420;0.073013;0.702023;0.101818;1.340468;0.407247;-0.048025;-0.667542;0.735822;0.103188;0.115490;1.343781;0.362291;0.338275;-0.608262;0.658881;-0.285417;cac30bdb-35e1-45ca-8340-45cec70e4348;0.127842;1.413400;0.379956;-0.954568;0.268107;0.060464;0.115164;0.123206;1.365851;0.328152;-0.900039;0.419465;0.030124;0.114327;0.124657;1.392386;0.350658;-0.927711;0.307872;0.022255;0.209934;0.127399;1.428026;0.401895;-0.954568;0.268107;0.060464;0.115164;380;0.138625;1.324237;0.299741;-0.692893;0.147420;0.073013;0.702023
NA;31131;26;0.003629;1.632505;0.082045;0.972809;0.227740;0.029793;-0.029810;0.092547;1.383478;0.426140;-0.474813;-0.563914;0.563288;0.373176;0.141625;1.379625;0.390122;-0.715900;-0.154656;0.263706;0.627716;0.131494;1.355931;0.332058;-0.691839;0.146821;0.072548;0.703234;0.118399;1.384078;0.423152;-0.570594;-0.440724;0.498359;0.481480;0.069372;1.380502;0.420745;-0.474813;-0.563914;0.563288;0.373176;0.094912;1.358459;0.389709;0.248342;-0.718246;0.599593;-0.250873;0.146678;1.357098;0.396424;-0.613441;-0.333469;0.404907;0.590372;0.133778;1.338619;0.334937;-0.691839;0.146821;0.072548;0.703234;0.105734;1.360269;0.417101;-0.156359;-0.679989;0.708350;0.106800;0.111665;1.359435;0.368853;0.248342;-0.718246;0.599593;-0.250873;0.142597;1.340542;0.348095;-0.691839;0.146821;0.072548;0.703234;0.098040;1.327848;0.373690;0.360768;-0.540991;0.714894;-0.257104;0.132803;1.314186;0.391728;-0.431795;-0.407979;0.535903;0.599929;0.132367;1.312004;0.342884;-0.537005;0.015746;0.016409;0.843273;0.101468;1.323751;0.394779;0.000500;-0.639906;0.758427;0.123728;0.115958;1.329003;0.358502;0.360768;-0.540991;0.714894;-0.257104;2023/05/02 10:45:31.7864;0.095764;1.342753;0.379593;0.338368;-0.606875;0.660120;-0.285397;0.141651;1.335399;0.396116;-0.536148;-0.395636;0.457667;0.588692;0.136068;1.320277;0.340595;-0.691839;0.146821;0.072548;0.703234;0.101697;1.340186;0.407311;-0.047358;-0.666374;0.736805;0.104032;0.115372;1.343535;0.362364;0.338368;-0.606875;0.660120;-0.285397;cac30bdb-35e1-45ca-8340-45cec70e4348;0.128040;1.413105;0.380055;-0.954550;0.267263;0.060208;0.117389;0.123229;1.365621;0.328207;-0.899956;0.419107;0.029443;0.116456;0.124782;1.392129;0.350737;-0.927367;0.307468;0.021785;0.212085;0.127641;1.427691;0.402021;-0.954550;0.267263;0.060208;0.117389;398;0.138516;1.323985;0.299766;-0.691839;0.146821;0.072548;0.703234
NA;31132;27;0.003699;1.632597;0.082367;0.972817;0.227572;0.030125;-0.030524;0.093492;1.383879;0.425769;-0.476518;-0.564404;0.562185;0.371922;0.142485;1.380150;0.389643;-0.717708;-0.153524;0.263039;0.626208;0.132139;1.356286;0.331688;-0.693106;0.149269;0.071845;0.701542;0.119336;1.384581;0.422730;-0.572540;-0.440703;0.497393;0.480187;0.070324;1.380793;0.420407;-0.476518;-0.564404;0.562185;0.371922;0.095811;1.358831;0.389600;0.246025;-0.720347;0.599046;-0.248426;0.147650;1.357656;0.395970;-0.616049;-0.331684;0.402865;0.590059;0.134502;1.338988;0.334595;-0.693106;0.149269;0.071845;0.701542;0.106831;1.360725;0.416907;-0.159772;-0.680619;0.706730;0.108459;0.112413;1.359828;0.368625;0.246025;-0.720347;0.599046;-0.248426;0.143382;1.340975;0.347700;-0.693106;0.149269;0.071845;0.701542;0.099017;1.328211;0.373608;0.359901;-0.542621;0.714496;-0.255989;0.133905;1.314685;0.391442;-0.434547;-0.407090;0.533885;0.600345;0.133227;1.312389;0.342605;-0.538527;0.018476;0.016027;0.842253;0.102554;1.324136;0.394683;-0.001562;-0.640933;0.757347;0.125012;0.116886;1.329411;0.358365;0.359901;-0.542621;0.714496;-0.255989;2023/05/02 10:45:31.8022;0.096673;1.343119;0.379535;0.336525;-0.609040;0.659983;-0.283273;0.142699;1.335938;0.395737;-0.538972;-0.394088;0.455324;0.588969;0.136888;1.320670;0.340279;-0.693106;0.149269;0.071845;0.701542;0.102809;1.340597;0.407213;-0.050428;-0.667255;0.735526;0.105965;0.116172;1.343950;0.362185;0.336525;-0.609040;0.659983;-0.283273;cac30bdb-35e1-45ca-8340-45cec70e4348;0.128719;1.413487;0.379629;-0.955331;0.265897;0.058644;0.114908;0.123815;1.365935;0.327862;-0.899842;0.420217;0.027814;0.113705;0.125400;1.392491;0.350333;-0.927788;0.308062;0.020141;0.209526;0.128348;1.428003;0.401642;-0.955331;0.265897;0.058644;0.114908;414;0.139115;1.324294;0.299430;-0.693106;0.149269;0.071845;0.701542
NA;31133;28;0.003707;1.632623;0.082373;0.972696;0.228020;0.030570;-0.030589;0.092810;1.384283;0.425659;-0.476840;-0.564637;0.562838;0.370166;0.141881;1.380529;0.389653;-0.718075;-0.153391;0.264469;0.625217;0.131657;1.356508;0.331739;-0.693302;0.149578;0.073345;0.701127;0.118660;1.385014;0.422682;-0.572839;-0.440916;0.498409;0.478579;0.069659;1.381150;0.420249;-0.476840;-0.564637;0.562838;0.370166;0.095223;1.359155;0.389632;0.245438;-0.720936;0.598216;-0.249298;0.147065;1.358057;0.396045;-0.616663;-0.331366;0.403692;0.589029;0.134034;1.339221;0.334694;-0.693302;0.149578;0.073345;0.701127;0.106225;1.361133;0.416941;-0.160514;-0.680855;0.706520;0.107248;0.111838;1.360117;0.368665;0.245438;-0.720936;0.598216;-0.249298;0.142891;1.341249;0.347811;-0.693302;0.149578;0.073345;0.701127;0.098491;1.328504;0.373747;0.360088;-0.543128;0.713623;-0.257083;0.133380;1.315058;0.391606;-0.435334;-0.407016;0.534143;0.599594;0.132779;1.312637;0.342774;-0.539020;0.018518;0.017508;0.841908;0.102018;1.324474;0.394832;-0.001979;-0.641437;0.757082;0.124023;0.116387;1.329688;0.358533;0.360088;-0.543128;0.713623;-0.257083;2023/05/02 10:45:31.8195;0.096120;1.343423;0.379638;0.336354;-0.609646;0.659152;-0.284106;0.142141;1.336334;0.395860;-0.539734;-0.393802;0.455709;0.588164;0.136432;1.320918;0.340432;-0.693302;0.149578;0.073345;0.701127;0.102246;1.340968;0.407325;-0.051024;-0.667661;0.735258;0.104984;0.115636;1.344239;0.362307;0.336354;-0.609646;0.659152;-0.284106;cac30bdb-35e1-45ca-8340-45cec70e4348;0.128108;1.413842;0.379512;-0.955088;0.266617;0.059814;0.114648;0.123333;1.366141;0.327871;-0.899251;0.421424;0.028907;0.113639;0.124858;1.392764;0.350268;-0.927440;0.309141;0.021370;0.209357;0.127679;1.428398;0.401498;-0.955088;0.266617;0.059814;0.114648;431;0.138716;1.324441;0.299577;-0.693302;0.149578;0.073345;0.701127
NA;31134;29;0.003753;1.632563;0.082450;0.972580;0.228544;0.030601;-0.030316;0.091600;1.385040;0.425431;-0.477446;-0.565049;0.564112;0.366801;0.140817;1.381234;0.389658;-0.718758;-0.153068;0.267185;0.623353;0.130817;1.356922;0.331822;-0.693646;0.150189;0.076124;0.700360;0.117462;1.385827;0.422577;-0.573360;-0.441334;0.500414;0.475466;0.068482;1.381817;0.419930;-0.477446;-0.565049;0.564112;0.366801;0.094191;1.359758;0.389676;0.244292;-0.722032;0.596638;-0.251029;0.146035;1.358805;0.396171;-0.617831;-0.330693;0.405297;0.587079;0.133220;1.339654;0.334865;-0.693646;0.150189;0.076124;0.700360;0.105156;1.361897;0.416988;-0.161926;-0.681269;0.706155;0.104876;0.110832;1.360650;0.368727;0.244292;-0.722032;0.596638;-0.251029;0.142030;1.341758;0.348006;-0.693646;0.150189;0.076124;0.700360;0.097564;1.329047;0.374014;0.360303;-0.544087;0.712025;-0.259176;0.132460;1.315753;0.391899;-0.436986;-0.406640;0.534530;0.598302;0.131997;1.313100;0.343078;-0.539912;0.018636;0.020263;0.841271;0.101078;1.325106;0.395118;-0.002966;-0.642320;0.756618;0.122250;0.115507;1.330197;0.358854;0.360303;-0.544087;0.712025;-0.259176;2023/05/02 10:45:31.8374;0.095152;1.343991;0.379835;0.335977;-0.610772;0.657603;-0.285721;0.141161;1.337069;0.396075;-0.541244;-0.393106;0.456364;0.586732;0.135638;1.321377;0.340706;-0.693646;0.150189;0.076124;0.700360;0.101260;1.341663;0.407536;-0.052214;-0.668377;0.734785;0.103138;0.114698;1.344774;0.362536;0.335977;-0.610772;0.657603;-0.285721;cac30bdb-35e1-45ca-8340-45cec70e4348;0.127021;1.414516;0.379267;-0.954561;0.268210;0.062032;0.114144;0.122493;1.366523;0.327875;-0.898106;0.423743;0.031018;0.113512;0.123903;1.393274;0.350126;-0.926739;0.311282;0.023727;0.209037;0.126485;1.429156;0.401194;-0.954561;0.268210;0.062032;0.114144;448;0.138025;1.324711;0.299841;-0.693646;0.150189;0.076124;0.700360
NA;31135;30;0.003704;1.632510;0.082384;0.972576;0.228758;0.030229;-0.029201;0.092130;1.384909;0.425445;-0.476353;-0.564792;0.564304;0.368319;0.141381;1.381071;0.389703;-0.717598;-0.154087;0.267003;0.624516;0.131283;1.356939;0.331816;-0.692862;0.149386;0.074862;0.701442;0.117996;1.385635;0.422605;-0.572032;-0.441540;0.500506;0.476777;0.069002;1.381764;0.419947;-0.476353;-0.564792;0.564304;0.368319;0.094664;1.359735;0.389720;0.244404;-0.721004;0.598339;-0.249822;0.146536;1.358609;0.396152;-0.616668;-0.330728;0.404629;0.588741;0.133647;1.339656;0.334810;-0.692862;0.149386;0.074862;0.701442;0.105686;1.361760;0.417017;-0.161423;-0.680337;0.706878;0.106809;0.111267;1.360639;0.368741;0.244404;-0.721004;0.598339;-0.249822;0.142474;1.341709;0.347941;-0.692862;0.149386;0.074862;0.701442;0.098008;1.329072;0.373904;0.361594;-0.542092;0.713026;-0.258804;0.132838;1.315608;0.391762;-0.435122;-0.406975;0.534036;0.599871;0.132359;1.313093;0.342933;-0.538738;0.017983;0.019004;0.842067;0.101480;1.325036;0.394998;-0.000973;-0.641304;0.757317;0.123285;0.115981;1.330227;0.358780;0.361594;-0.542092;0.713026;-0.258804;2023/05/02 10:45:31.8522;0.095604;1.343992;0.379779;0.336476;-0.609326;0.658955;-0.285105;0.141600;1.336887;0.395997;-0.539783;-0.393306;0.456004;0.588222;0.136023;1.321367;0.340585;-0.692862;0.149386;0.074862;0.701442;0.101713;1.341560;0.407472;-0.051097;-0.667398;0.735566;0.104459;0.115150;1.344775;0.362480;0.336476;-0.609326;0.658955;-0.285105;cac30bdb-35e1-45ca-8340-45cec70e4348;0.127614;1.414334;0.379502;-0.955383;0.265088;0.061354;0.114927;0.122967;1.366565;0.327914;-0.898907;0.421954;0.030060;0.114099;0.124438;1.393221;0.350275;-0.927244;0.309423;0.022656;0.209675;0.127102;1.428829;0.401527;-0.955383;0.265088;0.061354;0.114927;463;0.138412;1.324809;0.299729;-0.692862;0.149386;0.074862;0.701442
NA;31136;31;0.003652;1.632466;0.082472;0.972668;0.228487;0.029987;-0.028473;0.091297;1.383906;0.425588;-0.473493;-0.568199;0.565356;0.365141;0.140803;1.380298;0.390243;-0.717508;-0.157255;0.268544;0.623167;0.130929;1.356276;0.332266;-0.693672;0.147622;0.075226;0.700977;0.117186;1.384727;0.422998;-0.570007;-0.445276;0.501974;0.474176;0.068238;1.380690;0.419845;-0.473493;-0.568199;0.565356;0.365141;0.094122;1.358859;0.390087;0.245703;-0.721213;0.597661;-0.249567;0.145989;1.357834;0.396659;-0.616438;-0.332558;0.404593;0.587975;0.133314;1.338992;0.335231;-0.693672;0.147622;0.075226;0.700977;0.105074;1.360858;0.417415;-0.160044;-0.681375;0.706245;0.106451;0.110754;1.359833;0.369134;0.245703;-0.721213;0.597661;-0.249567;0.142094;1.341027;0.348401;-0.693672;0.147622;0.075226;0.700977;0.097580;1.328230;0.374270;0.363423;-0.542029;0.712115;-0.258884;0.132395;1.314813;0.392141;-0.435139;-0.408257;0.533232;0.599704;0.132054;1.312400;0.343306;-0.539636;0.016250;0.018869;0.841530;0.101014;1.324167;0.395365;0.000271;-0.642214;0.756558;0.123210;0.115602;1.329439;0.359209;0.363423;-0.542029;0.712115;-0.258884;2023/05/02 10:45:31.8674;0.095148;1.343143;0.380181;0.338248;-0.609280;0.658209;-0.284828;0.141100;1.336102;0.396444;-0.539695;-0.394734;0.455232;0.587945;0.135707;1.320686;0.340985;-0.693672;0.147622;0.075226;0.700977;0.101189;1.340664;0.407885;-0.049540;-0.668337;0.734839;0.104321;0.114736;1.344003;0.362933;0.338248;-0.609280;0.658209;-0.284828;cac30bdb-35e1-45ca-8340-45cec70e4348;0.127072;1.413652;0.379977;-0.955431;0.264555;0.062827;0.114960;0.122618;1.365900;0.328349;-0.899140;0.421275;0.031639;0.114339;0.123991;1.392534;0.350743;-0.927270;0.309173;0.024053;0.209774;0.126484;1.428131;0.402010;-0.955431;0.264555;0.062827;0.114960;479;0.138199;1.324220;0.300143;-0.693672;0.147622;0.075226;0.700977
NA;31137;32;0.003554;1.632459;0.082505;0.972669;0.228470;0.029951;-0.028617;0.091300;1.383976;0.426363;-0.473346;-0.566787;0.565255;0.367674;0.140794;1.380260;0.390963;-0.716250;-0.157564;0.268258;0.624657;0.130908;1.356394;0.332926;-0.692656;0.146540;0.074635;0.702270;0.117187;1.384705;0.423723;-0.569184;-0.444399;0.501797;0.476171;0.068206;1.380863;0.420702;-0.473346;-0.566787;0.565255;0.367674;0.094030;1.358975;0.390726;0.245999;-0.719956;0.599192;-0.249234;0.145900;1.357764;0.397335;-0.614923;-0.332849;0.404741;0.589294;0.133237;1.339096;0.335855;-0.692656;0.146540;0.074635;0.702270;0.104976;1.360876;0.418062;-0.158951;-0.680409;0.707283;0.107378;0.110659;1.359938;0.369770;0.245999;-0.719956;0.599192;-0.249234;0.142010;1.341078;0.349035;-0.692656;0.146540;0.074635;0.702270;0.097424;1.328372;0.374805;0.364246;-0.540217;0.712999;-0.259082;0.132173;1.314798;0.392705;-0.433198;-0.408452;0.533577;0.600668;0.131884;1.312495;0.343864;-0.538283;0.015162;0.018240;0.842430;0.100816;1.324246;0.395894;0.001765;-0.641091;0.757428;0.123702;0.115475;1.329558;0.359776;0.364246;-0.540217;0.712999;-0.259082;2023/05/02 10:45:31.8812;0.095021;1.343281;0.380772;0.338697;-0.607737;0.659478;-0.284655;0.140941;1.336049;0.397066;-0.538002;-0.394988;0.455440;0.589163;0.135566;1.320774;0.341566;-0.692656;0.146540;0.074635;0.702270;0.101033;1.340713;0.408474;-0.048253;-0.667253;0.735803;0.105068;0.114618;1.344121;0.363534;0.338697;-0.607737;0.659478;-0.284655;cac30bdb-35e1-45ca-8340-45cec70e4348;0.127179;1.413637;0.380796;-0.955682;0.262955;0.062711;0.116594;0.122626;1.366050;0.329026;-0.899540;0.420023;0.031197;0.115914;0.124062;1.392617;0.351495;-0.927419;0.307694;0.023688;0.211323;0.126611;1.428041;0.402879;-0.955682;0.262955;0.062711;0.116594;492;0.138121;1.324391;0.300735;-0.692656;0.146540;0.074635;0.702270
NA;31138;33;0.003409;1.632444;0.082533;0.972641;0.228545;0.029947;-0.028994;0.091387;1.384257;0.426528;-0.475301;-0.565757;0.563510;0.369412;0.140759;1.380592;0.390907;-0.717013;-0.156724;0.266888;0.624581;0.130750;1.356729;0.332890;-0.693196;0.147341;0.073728;0.701666;0.117259;1.385006;0.423748;-0.570686;-0.443334;0.500056;0.477197;0.068259;1.381130;0.421020;-0.475301;-0.565757;0.563510;0.369412;0.094007;1.359254;0.390821;0.245011;-0.720746;0.599302;-0.247652;0.145909;1.358101;0.397261;-0.615882;-0.332189;0.403515;0.589504;0.133107;1.339433;0.335808;-0.693196;0.147341;0.073728;0.701666;0.105048;1.361162;0.418119;-0.160208;-0.680629;0.706607;0.108558;0.110553;1.360238;0.369801;0.245011;-0.720746;0.599302;-0.247652;0.141912;1.341421;0.348967;-0.693196;0.147341;0.073728;0.701666;0.097404;1.328665;0.374890;0.363647;-0.540819;0.713291;-0.257860;0.132222;1.315120;0.392656;-0.434318;-0.407935;0.532269;0.601371;0.131807;1.312827;0.343816;-0.538818;0.016200;0.017440;0.842086;0.100865;1.324525;0.395965;0.000832;-0.641354;0.756994;0.124995;0.115413;1.329884;0.359814;0.363647;-0.540819;0.713291;-0.257860;2023/05/02 10:45:31.8980;0.095002;1.343566;0.380863;0.338048;-0.608450;0.659697;-0.283393;0.140976;1.336380;0.397000;-0.539009;-0.394410;0.454131;0.589640;0.135473;1.321112;0.341510;-0.693196;0.147341;0.073728;0.701666;0.101101;1.340990;0.408545;-0.049255;-0.667534;0.735312;0.106244;0.114547;1.344437;0.363567;0.338048;-0.608450;0.659697;-0.283393;cac30bdb-35e1-45ca-8340-45cec70e4348;0.127130;1.413957;0.380778;-0.955971;0.262489;0.061414;0.115963;0.122447;1.366377;0.329013;-0.899675;0.420062;0.029972;0.115044;0.123935;1.392938;0.351485;-0.927521;0.307969;0.022357;0.210619;0.126613;1.428334;0.402880;-0.955971;0.262489;0.061414;0.115963;509;0.137915;1.324741;0.300674;-0.693196;0.147341;0.073728;0.701666
NA;31139;34;0.003234;1.632379;0.082505;0.972596;0.228818;0.029464;-0.028817;0.091508;1.384791;0.426847;-0.479089;-0.563694;0.560176;0.372727;0.140650;1.381217;0.390804;-0.718440;-0.155137;0.264390;0.624399;0.130440;1.357345;0.332821;-0.694203;0.148800;0.072247;0.700515;0.117348;1.385574;0.423793;-0.573624;-0.441159;0.496701;0.479189;0.068315;1.381638;0.421634;-0.479089;-0.563694;0.560176;0.372727;0.093925;1.359774;0.391000;0.243144;-0.722250;0.599386;-0.244891;0.145882;1.358737;0.397130;-0.617721;-0.330909;0.401354;0.589776;0.132846;1.340055;0.335726;-0.694203;0.148800;0.072247;0.700515;0.105137;1.361707;0.418226;-0.162606;-0.681047;0.705344;0.110565;0.110321;1.360791;0.369864;0.243144;-0.722250;0.599386;-0.244891;0.141703;1.342056;0.348852;-0.694203;0.148800;0.072247;0.700515;0.097329;1.329212;0.375088;0.362508;-0.541968;0.713846;-0.255505;0.132275;1.315724;0.392580;-0.436606;-0.406819;0.529582;0.602841;0.131642;1.313439;0.343742;-0.539850;0.018063;0.016147;0.841413;0.100920;1.325045;0.396136;-0.000942;-0.641858;0.756154;0.127474;0.115257;1.330494;0.359921;0.362508;-0.541968;0.713846;-0.255505;2023/05/02 10:45:31.9133;0.094936;1.344096;0.381048;0.336958;-0.609753;0.659957;-0.281279;0.140999;1.337005;0.396887;-0.540978;-0.393256;0.451672;0.590496;0.135278;1.321733;0.341421;-0.694203;0.148800;0.072247;0.700515;0.101189;1.341513;0.408694;-0.051085;-0.668088;0.734390;0.108259;0.114394;1.345023;0.363657;0.336958;-0.609753;0.659957;-0.281279;cac30bdb-35e1-45ca-8340-45cec70e4348;0.127043;1.414585;0.380698;-0.956413;0.261778;0.059115;0.115119;0.122106;1.366979;0.328977;-0.899756;0.420392;0.027756;0.113754;0.123697;1.393544;0.351438;-0.927495;0.308877;0.019981;0.209640;0.126623;1.428917;0.402831;-0.956413;0.261778;0.059115;0.115119;525;0.137524;1.325375;0.300574;-0.694203;0.148800;0.072247;0.700515
NA;31140;35;0.003127;1.632344;0.082423;0.972566;0.229061;0.029068;-0.028308;0.091560;1.385045;0.427003;-0.480940;-0.562652;0.558554;0.374350;0.140591;1.381513;0.390756;-0.719115;-0.154374;0.263209;0.624311;0.130292;1.357635;0.332789;-0.694678;0.149482;0.071586;0.699967;0.117383;1.385844;0.423814;-0.575058;-0.440061;0.495065;0.480172;0.068336;1.381881;0.421934;-0.480940;-0.562652;0.558554;0.374350;0.093879;1.360020;0.391085;0.242244;-0.722968;0.599408;-0.243609;0.145862;1.359039;0.397069;-0.618602;-0.330285;0.400349;0.589885;0.132720;1.340347;0.335688;-0.694678;0.149482;0.071586;0.699967;0.105172;1.361967;0.418277;-0.163761;-0.681241;0.704744;0.111486;0.110205;1.361052;0.369896;0.242244;-0.722968;0.599408;-0.243609;0.141600;1.342355;0.348799;-0.694678;0.149482;0.071586;0.699967;0.097287;1.329471;0.375192;0.361964;-0.542509;0.714118;-0.254365;0.132294;1.316010;0.392546;-0.437731;-0.406250;0.528241;0.603584;0.131560;1.313727;0.343710;-0.540343;0.018928;0.015571;0.841088;0.100941;1.325290;0.396226;-0.001786;-0.642093;0.755749;0.128678;0.115176;1.330783;0.359981;0.361964;-0.542509;0.714118;-0.254365;2023/05/02 10:45:31.9235;0.094901;1.344346;0.381139;0.336467;-0.610358;0.660056;-0.280321;0.141003;1.337301;0.396836;-0.541928;-0.392687;0.450492;0.590904;0.135182;1.322025;0.341381;-0.694678;0.149482;0.071586;0.699967;0.101225;1.341761;0.408769;-0.051944;-0.668352;0.733952;0.109186;0.114319;1.345300;0.363705;0.336467;-0.610358;0.660056;-0.280321;cac30bdb-35e1-45ca-8340-45cec70e4348;0.127007;1.414889;0.380651;-0.956604;0.261458;0.058043;0.114803;0.121944;1.367263;0.328957;-0.899757;0.420600;0.026710;0.113223;0.123587;1.393831;0.351411;-0.927433;0.309391;0.018868;0.209259;0.126632;1.429200;0.402798;-0.956604;0.261458;0.058043;0.114803;534;0.137338;1.325671;0.300530;-0.694678;0.149482;0.071586;0.699967
NA;31141;36;0.002970;1.632325;0.082285;0.972570;0.229112;0.028701;-0.028140;0.092103;1.383829;0.427206;-0.478502;-0.566709;0.557716;0.372600;0.141231;1.380722;0.391130;-0.719918;-0.157407;0.261981;0.623143;0.130883;1.357079;0.333088;-0.696451;0.148283;0.069451;0.698674;0.117938;1.384778;0.424164;-0.573784;-0.444161;0.494256;0.478752;0.068932;1.380569;0.421960;-0.478502;-0.566709;0.557716;0.372600;0.094598;1.359053;0.391482;0.243658;-0.723816;0.598996;-0.240675;0.146599;1.358236;0.397321;-0.619420;-0.331770;0.397434;0.590164;0.133398;1.339786;0.335894;-0.696451;0.148283;0.069451;0.698674;0.105956;1.360907;0.418653;-0.163221;-0.682810;0.702972;0.113839;0.110861;1.360250;0.370253;0.243658;-0.723816;0.598996;-0.240675;0.142307;1.341778;0.348977;-0.696451;0.148283;0.069451;0.698674;0.098072;1.328613;0.375441;0.363067;-0.543142;0.714402;-0.250615;0.133187;1.315180;0.392609;-0.438393;-0.407760;0.524945;0.604960;0.132367;1.313138;0.343763;-0.542005;0.018358;0.012984;0.840074;0.101809;1.324315;0.396437;-0.001216;-0.643364;0.754085;0.132049;0.115910;1.330089;0.360185;0.363067;-0.543142;0.714402;-0.250615;2023/05/02 10:45:31.9382;0.095652;1.343436;0.381470;0.337732;-0.611073;0.660097;-0.277125;0.141823;1.336481;0.396989;-0.542684;-0.394074;0.447336;0.591685;0.135953;1.321461;0.341469;-0.696451;0.148283;0.069451;0.698674;0.102065;1.340727;0.409068;-0.051422;-0.669712;0.732324;0.112000;0.115020;1.344555;0.363990;0.337732;-0.611073;0.660097;-0.277125;cac30bdb-35e1-45ca-8340-45cec70e4348;0.127282;1.413966;0.381363;-0.958118;0.257432;0.057813;0.111343;0.122464;1.366678;0.329343;-0.901557;0.417647;0.026913;0.109732;0.123966;1.393108;0.351968;-0.929376;0.305949;0.018441;0.205709;0.126836;1.428093;0.403626;-0.958118;0.257432;0.057813;0.111343;549;0.138016;1.325319;0.300633;-0.696451;0.148283;0.069451;0.698674
NA;31142;37;0.002811;1.632364;0.082187;0.972631;0.228923;0.028395;-0.027875;0.092239;1.383758;0.427189;-0.476204;-0.566031;0.560513;0.372375;0.141446;1.380357;0.391298;-0.717826;-0.157250;0.263496;0.624954;0.131113;1.356744;0.333244;-0.694320;0.147664;0.070133;0.700854;0.118094;1.384565;0.424271;-0.571379;-0.443848;0.496934;0.479148;0.069077;1.380621;0.421828;-0.476204;-0.566031;0.560513;0.372375;0.094691;1.358953;0.391475;0.243765;-0.721765;0.600690;-0.242499;0.146668;1.357844;0.397512;-0.617013;-0.331740;0.399598;0.591240;0.133526;1.339438;0.336064;-0.694320;0.147664;0.070133;0.700854;0.105959;1.360748;0.418687;-0.161639;-0.681024;0.705206;0.112982;0.111023;1.360052;0.370293;0.243765;-0.721765;0.600690;-0.242499;0.142415;1.341390;0.349163;-0.694320;0.147664;0.070133;0.700854;0.098054;1.328487;0.375511;0.363689;-0.540568;0.715148;-0.253142;0.133022;1.314863;0.392781;-0.436050;-0.406965;0.526795;0.605580;0.132325;1.312805;0.343934;-0.539576;0.017351;0.013854;0.841644;0.101687;1.324179;0.396523;0.000398;-0.641396;0.756006;0.130637;0.115967;1.329845;0.360332;0.363689;-0.540568;0.715148;-0.253142;2023/05/02 10:45:31.9535;0.095677;1.343326;0.381520;0.337393;-0.609038;0.661452;-0.278784;0.141768;1.336117;0.397176;-0.540452;-0.393498;0.449423;0.592529;0.135965;1.321107;0.341646;-0.694320;0.147664;0.070133;0.700854;0.102000;1.340597;0.409136;-0.050305;-0.667756;0.734331;0.111041;0.115082;1.344327;0.364074;0.337393;-0.609038;0.661452;-0.278784;cac30bdb-35e1-45ca-8340-45cec70e4348;0.127654;1.413611;0.381542;-0.958004;0.256515;0.058573;0.114006;0.122751;1.366384;0.329480;-0.901291;0.417483;0.027018;0.112484;0.124325;1.392802;0.352114;-0.929039;0.305156;0.018944;0.208343;0.127206;1.427699;0.403831;-0.958004;0.256515;0.058573;0.114006;564;0.138162;1.324935;0.300814;-0.694320;0.147664;0.070133;0.700854
NA;31143;38;0.002542;1.632478;0.082125;0.972755;0.228488;0.028007;-0.027512;0.092375;1.384144;0.428078;-0.474493;-0.566078;0.560982;0.373780;0.141773;1.380734;0.392373;-0.716019;-0.160003;0.264697;0.625820;0.131700;1.357374;0.334178;-0.693544;0.144317;0.070515;0.702280;0.118239;1.384885;0.425224;-0.569347;-0.444640;0.497465;0.480279;0.069208;1.381096;0.422689;-0.474493;-0.566078;0.560982;0.373780;0.094969;1.359447;0.392178;0.247001;-0.719716;0.601270;-0.243873;0.146903;1.358183;0.398526;-0.614365;-0.334347;0.400610;0.591844;0.134062;1.340050;0.336941;-0.693544;0.144317;0.070515;0.702280;0.106074;1.361097;0.419467;-0.157890;-0.680841;0.706293;0.112595;0.111443;1.360597;0.371110;0.247001;-0.719716;0.601270;-0.243873;0.142888;1.341937;0.350086;-0.693544;0.144317;0.070515;0.702280;0.098407;1.329040;0.376080;0.367867;-0.537540;0.714667;-0.254905;0.133179;1.315256;0.393540;-0.432538;-0.409381;0.527474;0.605879;0.132758;1.313399;0.344682;-0.538521;0.013845;0.013666;0.842387;0.101842;1.324635;0.397106;0.005245;-0.640920;0.756611;0.129363;0.116472;1.330404;0.361083;0.367867;-0.537540;0.714667;-0.254905;2023/05/02 10:45:31.9703;0.095988;1.343864;0.382160;0.340622;-0.606509;0.661691;-0.279802;0.141952;1.336470;0.398072;-0.537432;-0.395987;0.450261;0.592982;0.136431;1.321700;0.342449;-0.693544;0.144317;0.070515;0.702280;0.102122;1.340996;0.409805;-0.046254;-0.667306;0.735084;0.110525;0.115513;1.344893;0.364851;0.340622;-0.606509;0.661691;-0.279802;cac30bdb-35e1-45ca-8340-45cec70e4348;0.128049;1.413958;0.382775;-0.958768;0.252452;0.060837;0.115458;0.123367;1.367041;0.330419;-0.902231;0.414847;0.028765;0.114254;0.124861;1.393338;0.353199;-0.929815;0.301681;0.020694;0.209774;0.127483;1.427872;0.405170;-0.958768;0.252452;0.060837;0.115458;581;0.138873;1.325690;0.301647;-0.693544;0.144317;0.070515;0.702280
NA;31144;39;0.002387;1.632577;0.082145;0.972868;0.228095;0.027789;-0.027004;0.092295;1.384373;0.428069;-0.476692;-0.564171;0.560425;0.374700;0.141600;1.380843;0.392208;-0.716444;-0.158233;0.264694;0.625785;0.131511;1.357329;0.334073;-0.693386;0.145434;0.071310;0.702125;0.118147;1.385090;0.425105;-0.570856;-0.442697;0.497068;0.480694;0.069097;1.381326;0.422815;-0.476692;-0.564171;0.560425;0.374700;0.094793;1.359549;0.392101;0.245626;-0.720220;0.600974;-0.244502;0.146735;1.358309;0.398420;-0.615029;-0.333225;0.401338;0.591294;0.133870;1.340014;0.336882;-0.693386;0.145434;0.071310;0.702125;0.105918;1.361285;0.419376;-0.159219;-0.680575;0.706386;0.111742;0.111248;1.360634;0.371015;0.245626;-0.720220;0.600974;-0.244502;0.142697;1.341930;0.350027;-0.693386;0.145434;0.071310;0.702125;0.098217;1.329095;0.376098;0.366715;-0.538228;0.714440;-0.255748;0.133011;1.315367;0.393558;-0.433496;-0.408388;0.528109;0.605311;0.132566;1.313376;0.344706;-0.538533;0.014787;0.014687;0.842347;0.101677;1.324754;0.397133;0.003822;-0.640881;0.756781;0.128607;0.116267;1.330414;0.361080;0.366715;-0.538228;0.714440;-0.255748;2023/05/02 10:45:31.9860;0.095811;1.343932;0.382113;0.339443;-0.607180;0.661302;-0.280696;0.141784;1.336594;0.398028;-0.538212;-0.394983;0.451100;0.592306;0.136238;1.321672;0.342448;-0.693386;0.145434;0.071310;0.702125;0.101960;1.341155;0.409764;-0.047554;-0.667231;0.735223;0.109491;0.115326;1.344905;0.364789;0.339443;-0.607180;0.661302;-0.280696;cac30bdb-35e1-45ca-8340-45cec70e4348;0.127911;1.414120;0.382450;-0.958239;0.254351;0.060871;0.115668;0.123187;1.366992;0.330282;-0.901458;0.416461;0.028849;0.114462;0.124696;1.393369;0.352969;-0.929052;0.303822;0.020882;0.210047;0.127360;1.428121;0.404791;-0.958239;0.254351;0.060871;0.115668;597;0.138660;1.325550;0.301634;-0.693386;0.145434;0.071310;0.702125
NA;31145;40;0.002158;1.632702;0.082144;0.973005;0.227729;0.027180;-0.025740;0.091401;1.385239;0.427453;-0.475498;-0.562899;0.564193;0.372469;0.140932;1.381308;0.391960;-0.714559;-0.157923;0.269087;0.626146;0.131238;1.357562;0.333855;-0.691302;0.144195;0.075607;0.703984;0.117277;1.385829;0.424674;-0.569124;-0.441898;0.501345;0.479039;0.068224;1.382268;0.422064;-0.475498;-0.562899;0.564193;0.372469;0.094037;1.360204;0.391524;0.245962;-0.718517;0.600902;-0.249306;0.145922;1.358783;0.398319;-0.612738;-0.333742;0.406118;0.590116;0.133505;1.340250;0.336764;-0.691302;0.144195;0.075607;0.703984;0.104929;1.362017;0.418889;-0.157380;-0.679274;0.708705;0.107497;0.110669;1.361126;0.370569;0.245962;-0.718517;0.600902;-0.249306;0.142230;1.342194;0.349970;-0.691302;0.144195;0.075607;0.703984;0.097509;1.329649;0.375668;0.368729;-0.536163;0.712758;-0.261813;0.132064;1.315876;0.393540;-0.430800;-0.409026;0.532686;0.602790;0.132028;1.313658;0.344695;-0.536710;0.012475;0.018916;0.843462;0.100737;1.325410;0.396761;0.006163;-0.639941;0.758452;0.123243;0.115739;1.330798;0.360855;0.368729;-0.536163;0.712758;-0.261813;2023/05/02 10:45:32.0034;0.095075;1.344537;0.381618;0.340154;-0.605494;0.660496;-0.285337;0.140886;1.337087;0.397986;-0.535854;-0.395517;0.455758;0.590518;0.135753;1.321928;0.342431;-0.691302;0.144195;0.075607;0.703984;0.100974;1.341865;0.409334;-0.045710;-0.666100;0.737018;0.105006;0.114733;1.345353;0.364448;0.340154;-0.605494;0.660496;-0.285337;cac30bdb-35e1-45ca-8340-45cec70e4348;0.127450;1.414486;0.382019;-0.957693;0.254125;0.064844;0.118493;0.122981;1.367236;0.329953;-0.900235;0.417912;0.031783;0.117972;0.124422;1.393700;0.352542;-0.928329;0.303650;0.024628;0.213061;0.126743;1.428499;0.404348;-0.957693;0.254125;0.064844;0.118493;615;0.138538;1.325606;0.301621;-0.691302;0.144195;0.075607;0.703984
NA;31146;41;0.002070;1.632760;0.082078;0.972977;0.227925;0.026674;-0.025599;0.090968;1.385664;0.427150;-0.474841;-0.562372;0.566060;0.371268;0.140610;1.381544;0.391843;-0.713658;-0.157786;0.271219;0.626288;0.131104;1.357684;0.333755;-0.690309;0.143591;0.077665;0.704857;0.116855;1.386196;0.424467;-0.568241;-0.441593;0.503460;0.478149;0.067804;1.382727;0.421688;-0.474841;-0.562372;0.566060;0.371268;0.093674;1.360528;0.391247;0.246157;-0.717692;0.600858;-0.251584;0.145530;1.359023;0.398273;-0.611619;-0.334037;0.408393;0.589539;0.133328;1.340374;0.336712;-0.690309;0.143591;0.077665;0.704857;0.104452;1.362376;0.418654;-0.156454;-0.678666;0.709797;0.105468;0.110391;1.361374;0.370356;0.246157;-0.717692;0.600858;-0.251584;0.142004;1.342334;0.349946;-0.690309;0.143591;0.077665;0.704857;0.097173;1.329924;0.375457;0.369788;-0.535133;0.711870;-0.264823;0.131609;1.316132;0.393532;-0.429467;-0.409385;0.534918;0.601519;0.131769;1.313806;0.344693;-0.535846;0.011360;0.020938;0.843979;0.100286;1.325736;0.396577;0.007355;-0.639505;0.759236;0.120585;0.115494;1.330991;0.360749;0.369788;-0.535133;0.711870;-0.264823;2023/05/02 10:45:32.0201;0.094722;1.344839;0.381381;0.340520;-0.604680;0.660107;-0.287518;0.140454;1.337336;0.397967;-0.534698;-0.395818;0.457971;0.589651;0.135519;1.322064;0.342425;-0.690309;0.143591;0.077665;0.704857;0.100501;1.342214;0.409127;-0.044791;-0.665568;0.737854;0.102879;0.114447;1.345582;0.364285;0.340520;-0.604680;0.660107;-0.287518;cac30bdb-35e1-45ca-8340-45cec70e4348;0.127221;1.414654;0.381832;-0.957497;0.253759;0.066755;0.119789;0.122877;1.367364;0.329802;-0.899677;0.418542;0.033145;0.119606;0.124286;1.393866;0.352348;-0.928067;0.303330;0.026408;0.214441;0.126436;1.428661;0.404163;-0.957497;0.253759;0.066755;0.119789;631;0.138479;1.325645;0.301619;-0.690309;0.143591;0.077665;0.704857
NA;31147;42;0.001885;1.632922;0.081990;0.973046;0.227706;0.026135;-0.025483;0.090207;1.385997;0.427496;-0.480255;-0.555975;0.561821;0.380270;0.139563;1.381677;0.391537;-0.712991;-0.155840;0.268631;0.628645;0.130354;1.357876;0.333369;-0.689526;0.141518;0.079247;0.705866;0.116042;1.386369;0.424324;-0.571136;-0.435886;0.499070;0.484497;0.066893;1.383229;0.422612;-0.480255;-0.555975;0.561821;0.380270;0.092592;1.360745;0.390693;0.247678;-0.716444;0.600947;-0.253431;0.144408;1.359144;0.397981;-0.609956;-0.335357;0.410053;0.589360;0.132522;1.340561;0.336329;-0.689526;0.141518;0.079247;0.705866;0.103234;1.362557;0.418156;-0.154349;-0.678351;0.710759;0.104106;0.109415;1.361575;0.369888;0.247678;-0.716444;0.600947;-0.253431;0.141121;1.342488;0.349626;-0.689526;0.141518;0.079247;0.705866;0.096176;1.330115;0.374845;0.371728;-0.533753;0.711000;-0.267217;0.130440;1.316279;0.393139;-0.427484;-0.410540;0.536741;0.600519;0.130865;1.313980;0.344299;-0.535063;0.008899;0.022170;0.844474;0.099116;1.325941;0.395993;0.010104;-0.639206;0.759904;0.117726;0.114597;1.331137;0.360259;0.371728;-0.533753;0.711000;-0.267217;2023/05/02 10:45:32.0344;0.093722;1.345038;0.380729;0.342522;-0.603153;0.659371;-0.290027;0.139297;1.337466;0.397634;-0.532687;-0.397378;0.460196;0.588690;0.134642;1.322233;0.342058;-0.689526;0.141518;0.079247;0.705866;0.099277;1.342414;0.408520;-0.041901;-0.665323;0.738621;0.100150;0.113569;1.345743;0.363772;0.342522;-0.603153;0.659371;-0.290027;cac30bdb-35e1-45ca-8340-45cec70e4348;0.126524;1.414942;0.381345;-0.956827;0.254489;0.068273;0.122706;0.122183;1.367581;0.329362;-0.899282;0.418393;0.034483;0.122683;0.123598;1.394081;0.351911;-0.926997;0.304348;0.027784;0.217432;0.125714;1.428991;0.403648;-0.956827;0.254489;0.068273;0.122706;645;0.137833;1.325832;0.301270;-0.689526;0.141518;0.079247;0.705866
NA;31148;43;0.001853;1.633044;0.081988;0.973225;0.226828;0.026577;-0.025979;0.090351;1.385847;0.427428;-0.479386;-0.557358;0.561997;0.379080;0.139716;1.381628;0.391529;-0.713372;-0.156232;0.268278;0.628267;0.130436;1.357816;0.333377;-0.689952;0.142066;0.078759;0.705394;0.116192;1.386267;0.424321;-0.570761;-0.437143;0.499225;0.483646;0.067059;1.383040;0.422460;-0.479386;-0.557358;0.561997;0.379080;0.092771;1.360643;0.390725;0.247344;-0.716947;0.600744;-0.252813;0.144596;1.359100;0.397965;-0.610477;-0.335302;0.409601;0.589167;0.132627;1.340503;0.336334;-0.689952;0.142066;0.078759;0.705394;0.103436;1.362469;0.418177;-0.154746;-0.678693;0.710315;0.104315;0.109563;1.361489;0.369895;0.247344;-0.716947;0.600744;-0.252813;0.141246;1.342440;0.349616;-0.689952;0.142066;0.078759;0.705394;0.096321;1.330024;0.374938;0.370759;-0.534571;0.711316;-0.266085;0.130664;1.316221;0.393147;-0.428441;-0.410103;0.536024;0.600777;0.131011;1.313921;0.344307;-0.535515;0.009588;0.021742;0.844191;0.099337;1.325850;0.396075;0.008812;-0.639451;0.759537;0.118860;0.114693;1.331069;0.360293;0.370759;-0.534571;0.711316;-0.266085;2023/05/02 10:45:32.0482;0.093881;1.344943;0.380809;0.341841;-0.603867;0.659497;-0.289057;0.139506;1.337417;0.397628;-0.533423;-0.397055;0.459504;0.588781;0.134775;1.322178;0.342059;-0.689952;0.142066;0.078759;0.705394;0.099501;1.342324;0.408588;-0.042785;-0.665594;0.738225;0.100886;0.113683;1.345670;0.363801;0.341841;-0.603867;0.659497;-0.289057;cac30bdb-35e1-45ca-8340-45cec70e4348;0.126738;1.414845;0.381379;-0.956961;0.254405;0.066982;0.122548;0.122249;1.367513;0.329383;-0.899389;0.418376;0.033212;0.122304;0.123732;1.394004;0.351939;-0.927094;0.304337;0.026501;0.217194;0.125990;1.428883;0.403691;-0.956961;0.254405;0.066982;0.122548;659;0.137895;1.325779;0.301266;-0.689952;0.142066;0.078759;0.705394
NA;31149;44;0.001862;1.633164;0.082070;0.973463;0.225591;0.027510;-0.026881;0.090196;1.385927;0.427585;-0.480420;-0.557053;0.560578;0.380316;0.139522;1.381803;0.391582;-0.713817;-0.156466;0.267426;0.628066;0.130289;1.358012;0.333415;-0.690531;0.141730;0.078719;0.704899;0.116028;1.386375;0.424406;-0.571454;-0.437029;0.497945;0.484249;0.066886;1.383105;0.422710;-0.480420;-0.557053;0.560578;0.380316;0.092610;1.360748;0.390749;0.247832;-0.717299;0.600281;-0.252439;0.144435;1.359280;0.398006;-0.610734;-0.335957;0.409225;0.588789;0.132506;1.340701;0.336362;-0.690531;0.141730;0.078719;0.704899;0.103263;1.362569;0.418206;-0.154446;-0.679321;0.709775;0.104349;0.109403;1.361634;0.369921;0.247832;-0.717299;0.600281;-0.252439;0.141119;1.342644;0.349646;-0.690531;0.141730;0.078719;0.704899;0.096212;1.330142;0.374948;0.371237;-0.534964;0.710919;-0.265688;0.130570;1.316382;0.393160;-0.428697;-0.410736;0.535605;0.600535;0.130930;1.314112;0.344318;-0.536167;0.009331;0.021543;0.843786;0.099227;1.325961;0.396083;0.009027;-0.640051;0.759010;0.118985;0.114587;1.331225;0.360309;0.371237;-0.534964;0.710919;-0.265688;2023/05/02 10:45:32.0656;0.093755;1.345053;0.380814;0.342409;-0.604207;0.659026;-0.288750;0.139378;1.337589;0.397655;-0.533633;-0.397734;0.459178;0.588387;0.134682;1.322376;0.342076;-0.690531;0.141730;0.078719;0.704899;0.099360;1.342428;0.408595;-0.042423;-0.666211;0.737696;0.100837;0.113564;1.345821;0.363816;0.342409;-0.604207;0.659026;-0.288750;cac30bdb-35e1-45ca-8340-45cec70e4348;0.126479;1.415006;0.381453;-0.957287;0.253443;0.067382;0.121774;0.122086;1.367699;0.329426;-0.899620;0.418054;0.033658;0.121584;0.123517;1.394178;0.351999;-0.927377;0.303991;0.026824;0.216432;0.125691;1.429002;0.403790;-0.957287;0.253443;0.067382;0.121774;676;0.137804;1.326007;0.301286;-0.690531;0.141730;0.078719;0.704899
NA;31150;45;0.001834;1.633322;0.082064;0.973555;0.225204;0.028102;-0.026169;0.090194;1.385567;0.428482;-0.483347;-0.555998;0.556730;0.383790;0.139298;1.381666;0.392084;-0.715266;-0.155899;0.264136;0.627951;0.129955;1.357905;0.333927;-0.691949;0.142266;0.077479;0.703537;0.115994;1.386082;0.425064;-0.573724;-0.436094;0.494131;0.486310;0.066835;1.382710;0.423872;-0.483347;-0.555998;0.556730;0.383790;0.092447;1.360453;0.391360;0.247563;-0.718613;0.599814;-0.250064;0.144308;1.359151;0.398466;-0.612043;-0.336343;0.407303;0.588541;0.132248;1.340598;0.336845;-0.691949;0.142266;0.077479;0.703537;0.103182;1.362265;0.418786;-0.155203;-0.680493;0.708276;0.105771;0.109150;1.361428;0.370464;0.247563;-0.718613;0.599814;-0.250064;0.140901;1.342561;0.350096;-0.691949;0.142266;0.077479;0.703537;0.096119;1.329875;0.375472;0.370797;-0.536522;0.710745;-0.263620;0.130576;1.316212;0.393610;-0.429990;-0.411319;0.534278;0.600394;0.130793;1.314002;0.344765;-0.537656;0.010271;0.020230;0.842859;0.099206;1.325683;0.396595;0.008135;-0.641218;0.757833;0.120260;0.114438;1.331043;0.360770;0.370797;-0.536522;0.710745;-0.263620;2023/05/02 10:45:32.0803;0.093621;1.344770;0.381373;0.341989;-0.605738;0.658811;-0.286518;0.139325;1.337443;0.398103;-0.534933;-0.398180;0.457591;0.588141;0.134510;1.322281;0.342521;-0.691949;0.142266;0.077479;0.703537;0.099314;1.342132;0.409135;-0.043254;-0.667382;0.736412;0.102123;0.113360;1.345629;0.364298;0.341989;-0.605738;0.658811;-0.286518;cac30bdb-35e1-45ca-8340-45cec70e4348;0.126024;1.414754;0.382114;-0.958291;0.251090;0.066554;0.119176;0.121694;1.367561;0.329985;-0.900367;0.417282;0.033013;0.118845;0.123078;1.394001;0.352606;-0.928404;0.302825;0.025887;0.213758;0.125220;1.428637;0.404521;-0.958291;0.251090;0.066554;0.119176;691;0.137494;1.325972;0.301726;-0.691949;0.142266;0.077479;0.703537
NA;31151;46;0.001856;1.633366;0.082007;0.973519;0.225391;0.028420;-0.025517;0.090186;1.385403;0.428923;-0.484818;-0.555395;0.554809;0.385584;0.139178;1.381607;0.392325;-0.715946;-0.155603;0.262509;0.627932;0.129785;1.357859;0.334175;-0.692613;0.142500;0.076923;0.702897;0.115970;1.385949;0.425383;-0.574846;-0.435563;0.492227;0.487391;0.066802;1.382533;0.424448;-0.484818;-0.555395;0.554809;0.385584;0.092354;1.360321;0.391652;0.247421;-0.719233;0.599605;-0.248920;0.144233;1.359098;0.398688;-0.612645;-0.336547;0.406408;0.588418;0.132114;1.340554;0.337080;-0.692613;0.142500;0.076923;0.702897;0.103128;1.362128;0.419063;-0.155551;-0.681044;0.707568;0.106447;0.109013;1.361337;0.370723;0.247421;-0.719233;0.599605;-0.248920;0.140786;1.342529;0.350314;-0.692613;0.142500;0.076923;0.702897;0.096063;1.329755;0.375717;0.370602;-0.537266;0.710643;-0.262652;0.130564;1.316139;0.393828;-0.430545;-0.411654;0.533718;0.600265;0.130717;1.313956;0.344981;-0.538358;0.010691;0.019635;0.842419;0.099181;1.325558;0.396834;0.007758;-0.641779;0.757276;0.120802;0.114356;1.330964;0.360985;0.370602;-0.537266;0.710643;-0.262652;2023/05/02 10:45:32.0895;0.093544;1.344642;0.381638;0.341768;-0.606475;0.658714;-0.285443;0.139285;1.337382;0.398321;-0.535523;-0.398422;0.456881;0.587993;0.134417;1.322242;0.342737;-0.692613;0.142500;0.076923;0.702897;0.099277;1.342000;0.409391;-0.043636;-0.667937;0.735803;0.102710;0.113248;1.345546;0.364524;0.341768;-0.606475;0.658714;-0.285443;cac30bdb-35e1-45ca-8340-45cec70e4348;0.125784;1.414631;0.382439;-0.958801;0.249843;0.066223;0.117878;0.121496;1.367499;0.330255;-0.900742;0.416878;0.032759;0.117492;0.122852;1.393920;0.352901;-0.928937;0.302164;0.025498;0.212424;0.124967;1.428455;0.404883;-0.958801;0.249843;0.066223;0.117878;700;0.137339;1.325960;0.301940;-0.692613;0.142500;0.076923;0.702897
NA;31152;47;0.001895;1.633400;0.081897;0.973440;0.225745;0.028807;-0.024968;0.090475;1.385388;0.429319;-0.484939;-0.554194;0.553591;0.388897;0.139403;1.381589;0.392574;-0.715040;-0.156171;0.261165;0.629382;0.129998;1.358027;0.334342;-0.692040;0.141528;0.075947;0.703763;0.116245;1.385871;0.425674;-0.574407;-0.434818;0.490828;0.489977;0.067056;1.382605;0.424974;-0.484939;-0.554194;0.553591;0.388897;0.092538;1.360405;0.391790;0.248377;-0.718152;0.600713;-0.248415;0.144409;1.359051;0.398877;-0.611288;-0.337396;0.406168;0.589507;0.132280;1.340709;0.337202;-0.692040;0.141528;0.075947;0.703763;0.103287;1.362104;0.419218;-0.154018;-0.680602;0.708189;0.107368;0.109208;1.361449;0.370871;0.248377;-0.718152;0.600713;-0.248415;0.140943;1.342620;0.350458;-0.692040;0.141528;0.075947;0.703763;0.096184;1.329875;0.375800;0.371142;-0.535996;0.711530;-0.262083;0.130650;1.316135;0.393897;-0.429159;-0.411871;0.533498;0.601302;0.130815;1.314083;0.345045;-0.537470;0.009841;0.018586;0.843021;0.099285;1.325613;0.396907;0.008922;-0.640994;0.757783;0.121704;0.114482;1.331087;0.361075;0.371142;-0.535996;0.711530;-0.262083;2023/05/02 10:45:32.1032;0.093703;1.344754;0.381744;0.342519;-0.605212;0.659693;-0.284963;0.139414;1.337347;0.398450;-0.534094;-0.399002;0.456705;0.589035;0.134534;1.322367;0.342824;-0.692040;0.141528;0.075947;0.703763;0.099405;1.342018;0.409495;-0.042208;-0.667267;0.736381;0.103521;0.113417;1.345666;0.364643;0.342519;-0.605212;0.659693;-0.284963;cac30bdb-35e1-45ca-8340-45cec70e4348;0.126289;1.414738;0.382688;-0.958610;0.249658;0.065279;0.120317;0.121748;1.367705;0.330432;-0.900855;0.416093;0.031557;0.119713;0.123237;1.394075;0.353128;-0.928563;0.301755;0.024397;0.214755;0.125555;1.428548;0.405143;-0.958610;0.249658;0.065279;0.120317;715;0.137478;1.326188;0.302038;-0.692040;0.141528;0.075947;0.703763
NA;31153;48;0.001923;1.633400;0.081758;0.973469;0.225615;0.029034;-0.024747;0.090744;1.385376;0.429725;-0.485128;-0.552957;0.552302;0.392239;0.139608;1.381576;0.392827;-0.714158;-0.156733;0.259816;0.630801;0.130195;1.358198;0.334515;-0.691488;0.140559;0.075007;0.704601;0.116500;1.385798;0.425970;-0.574022;-0.434040;0.489374;0.492567;0.067291;1.382678;0.425514;-0.485128;-0.552957;0.552302;0.392239;0.092702;1.360492;0.391932;0.249340;-0.717091;0.601784;-0.247922;0.144564;1.359012;0.399073;-0.609945;-0.338269;0.405942;0.590553;0.132431;1.340869;0.337331;-0.691488;0.140559;0.075007;0.704601;0.103426;1.362084;0.419376;-0.152479;-0.680186;0.708787;0.108252;0.109384;1.361564;0.371024;0.249340;-0.717091;0.601784;-0.247922;0.141084;1.342716;0.350609;-0.691488;0.140559;0.075007;0.704601;0.096290;1.329998;0.375889;0.371691;-0.534759;0.712380;-0.261523;0.130719;1.316137;0.393975;-0.427788;-0.412116;0.533293;0.602293;0.130899;1.314214;0.345117;-0.536612;0.008990;0.017568;0.843598;0.099371;1.325673;0.396986;0.010085;-0.640240;0.758266;0.122569;0.114593;1.331215;0.361171;0.371691;-0.534759;0.712380;-0.261523;2023/05/02 10:45:32.1205;0.093846;1.344868;0.381856;0.343278;-0.603975;0.660638;-0.284486;0.139526;1.337319;0.398587;-0.532680;-0.399605;0.456539;0.590034;0.134636;1.322496;0.342920;-0.691488;0.140559;0.075007;0.704601;0.099514;1.342040;0.409604;-0.040780;-0.666623;0.736934;0.104302;0.113569;1.345791;0.364767;0.343278;-0.603975;0.660638;-0.284486;cac30bdb-35e1-45ca-8340-45cec70e4348;0.126783;1.414852;0.382936;-0.958382;0.249577;0.064316;0.122799;0.121985;1.367915;0.330612;-0.900935;0.415352;0.030340;0.121976;0.123610;1.394235;0.353357;-0.928152;0.301410;0.023286;0.217129;0.126135;1.428652;0.405399;-0.958382;0.249577;0.064316;0.122799;732;0.137603;1.326419;0.302145;-0.691488;0.140559;0.075007;0.704601
NA;31154;49;0.001891;1.633447;0.081564;0.973514;0.225419;0.029216;-0.024568;0.091749;1.385958;0.430045;-0.490111;-0.553830;0.548141;0.390646;0.140329;1.382568;0.392756;-0.718946;-0.154205;0.256850;0.627189;0.130593;1.358789;0.334661;-0.695242;0.145394;0.074145;0.700001;0.117469;1.386649;0.426088;-0.579312;-0.433864;0.485534;0.490323;0.068298;1.382988;0.426010;-0.490111;-0.553830;0.548141;0.390646;0.093639;1.360999;0.392519;0.245475;-0.722211;0.599053;-0.243494;0.145589;1.360090;0.399067;-0.616043;-0.335736;0.401831;0.588476;0.133043;1.341499;0.337542;-0.695242;0.145394;0.074145;0.700001;0.104657;1.362816;0.419832;-0.158465;-0.682948;0.704552;0.109899;0.110053;1.362156;0.371405;0.245475;-0.722211;0.599053;-0.243494;0.141807;1.343508;0.350723;-0.695242;0.145394;0.074145;0.700001;0.097346;1.330469;0.376592;0.367803;-0.540847;0.711260;-0.257518;0.132154;1.317044;0.394322;-0.434867;-0.410709;0.529674;0.601378;0.131874;1.314871;0.345476;-0.541166;0.014425;0.017124;0.840618;0.100742;1.326253;0.397663;0.003496;-0.643602;0.755015;0.125366;0.115455;1.331830;0.361648;0.367803;-0.540847;0.711260;-0.257518;2023/05/02 10:45:32.1363;0.094845;1.345341;0.382535;0.340024;-0.609639;0.658733;-0.280704;0.140778;1.338343;0.398740;-0.539331;-0.397410;0.452265;0.588765;0.135500;1.323181;0.343200;-0.695242;0.145394;0.074145;0.700001;0.100856;1.342682;0.410228;-0.046783;-0.669825;0.733361;0.106431;0.114373;1.346404;0.365231;0.340024;-0.609639;0.658733;-0.280704;cac30bdb-35e1-45ca-8340-45cec70e4348;0.127080;1.415637;0.382838;-0.958785;0.251916;0.061056;0.116375;0.122240;1.368396;0.330792;-0.900693;0.417987;0.028200;0.115081;0.123821;1.394843;0.353392;-0.928641;0.304648;0.020642;0.210689;0.126513;1.429528;0.405248;-0.958785;0.251916;0.061056;0.116375;747;0.138024;1.326925;0.302379;-0.695242;0.145394;0.074145;0.700001
NA;31155;50;0.001891;1.633481;0.081462;0.973539;0.225319;0.029160;-0.024571;0.091747;1.385944;0.429495;-0.489827;-0.553141;0.548949;0.390845;0.140404;1.382438;0.392307;-0.718120;-0.154453;0.258019;0.627594;0.130694;1.358667;0.334199;-0.694435;0.145203;0.074497;0.700805;0.117474;1.386583;0.425584;-0.578547;-0.433646;0.486637;0.490325;0.068291;1.383020;0.425454;-0.489827;-0.553141;0.548949;0.390845;0.093636;1.360983;0.392146;0.244509;-0.721743;0.600188;-0.243057;0.145609;1.359952;0.398632;-0.615573;-0.334934;0.401917;0.589366;0.133097;1.341373;0.337090;-0.694435;0.145203;0.074497;0.700805;0.104706;1.362775;0.419440;-0.158954;-0.682003;0.705238;0.110659;0.110008;1.362099;0.370997;0.244509;-0.721743;0.600188;-0.243057;0.141845;1.343361;0.350289;-0.694435;0.145203;0.074497;0.700805;0.097319;1.330441;0.376160;0.367937;-0.539886;0.711792;-0.257873;0.132088;1.316933;0.393887;-0.434069;-0.410358;0.529906;0.601988;0.131858;1.314743;0.345041;-0.540264;0.014070;0.017553;0.841195;0.100694;1.326204;0.397230;0.004041;-0.642840;0.755650;0.125431;0.115441;1.331772;0.361229;0.367937;-0.539886;0.711792;-0.257873;2023/05/02 10:45:32.1531;0.094835;1.345315;0.382121;0.339794;-0.608879;0.659404;-0.281057;0.140752;1.338215;0.398307;-0.538749;-0.396852;0.452525;0.589473;0.135504;1.323045;0.342766;-0.694435;0.145203;0.074497;0.700805;0.100844;1.342638;0.409812;-0.046663;-0.669024;0.734076;0.106592;0.114367;1.346337;0.364818;0.339794;-0.608879;0.659404;-0.281057;cac30bdb-35e1-45ca-8340-45cec70e4348;0.127316;1.415582;0.382306;-0.958279;0.252992;0.061191;0.118122;0.122377;1.368297;0.330308;-0.900256;0.418443;0.028105;0.116853;0.124020;1.394763;0.352882;-0.928082;0.305119;0.020792;0.212449;0.126777;1.429522;0.404686;-0.958279;0.252992;0.061191;0.118122;764;0.138081;1.326769;0.301946;-0.694435;0.145203;0.074497;0.700805
NA;31156;51;0.001888;1.633536;0.081381;0.973639;0.224847;0.029201;-0.024856;0.091416;1.385919;0.429549;-0.489830;-0.552884;0.548333;0.392068;0.140171;1.382464;0.392428;-0.717541;-0.156016;0.258501;0.627671;0.130615;1.358785;0.334255;-0.694372;0.143721;0.074884;0.701131;0.117145;1.386551;0.425644;-0.577977;-0.434072;0.486398;0.490858;0.067949;1.383020;0.425554;-0.489830;-0.552884;0.548333;0.392068;0.093381;1.361024;0.392138;0.245687;-0.721209;0.600282;-0.243221;0.145354;1.359967;0.398731;-0.614748;-0.336082;0.402122;0.589434;0.133006;1.341487;0.337126;-0.694372;0.143721;0.074884;0.701131;0.104405;1.362764;0.419454;-0.157737;-0.682128;0.705377;0.110746;0.109793;1.362173;0.371021;0.245687;-0.721209;0.600282;-0.243221;0.141718;1.343451;0.350353;-0.694372;0.143721;0.074884;0.701131;0.097115;1.330508;0.376104;0.369579;-0.538968;0.711530;-0.258167;0.131837;1.316958;0.393883;-0.432977;-0.411457;0.529814;0.602105;0.131740;1.314844;0.345033;-0.540163;0.012510;0.017635;0.841283;0.100438;1.326227;0.397173;0.005642;-0.642915;0.755578;0.125422;0.115286;1.331861;0.361236;0.369579;-0.538968;0.711530;-0.258167;2023/05/02 10:45:32.1704;0.094610;1.345374;0.382109;0.341159;-0.608108;0.659339;-0.281226;0.140494;1.338231;0.398360;-0.537899;-0.397835;0.452440;0.589653;0.135393;1.323148;0.342781;-0.694372;0.143721;0.074884;0.701131;0.100568;1.342640;0.409806;-0.045305;-0.669078;0.734096;0.106704;0.114186;1.346424;0.364857;0.341159;-0.608108;0.659339;-0.281226;cac30bdb-35e1-45ca-8340-45cec70e4348;0.127208;1.415594;0.382459;-0.958392;0.251927;0.061915;0.119094;0.122313;1.368424;0.330355;-0.900514;0.417548;0.028591;0.117942;0.123949;1.394847;0.352979;-0.928271;0.303827;0.021360;0.213414;0.126640;1.429488;0.404866;-0.958392;0.251927;0.061915;0.119094;781;0.138083;1.326935;0.301974;-0.694372;0.143721;0.074884;0.701131
NA;31157;52;0.001870;1.633521;0.081391;0.973668;0.224692;0.029211;-0.025117;0.091264;1.385913;0.429589;-0.489915;-0.552717;0.547953;0.392729;0.140061;1.382485;0.392491;-0.717295;-0.156740;0.258676;0.627700;0.130577;1.358849;0.334290;-0.694367;0.143036;0.075057;0.701257;0.116993;1.386542;0.425682;-0.577771;-0.434228;0.486198;0.491160;0.067791;1.383025;0.425623;-0.489915;-0.552717;0.547953;0.392729;0.093263;1.361048;0.392136;0.246290;-0.720968;0.600278;-0.243337;0.145236;1.359983;0.398785;-0.614369;-0.336658;0.402231;0.589426;0.132964;1.341548;0.337151;-0.694367;0.143036;0.075057;0.701257;0.104264;1.362765;0.419463;-0.157142;-0.682218;0.705422;0.110748;0.109697;1.362215;0.371037;0.246290;-0.720968;0.600278;-0.243337;0.141659;1.343502;0.350390;-0.694367;0.143036;0.075057;0.701257;0.097022;1.330545;0.376084;0.370358;-0.538558;0.711379;-0.258323;0.131724;1.316978;0.393888;-0.432490;-0.411983;0.529770;0.602135;0.131686;1.314899;0.345037;-0.540143;0.011794;0.017664;0.841305;0.100321;1.326245;0.397153;0.006371;-0.642974;0.755524;0.125408;0.115217;1.331908;0.361246;0.370358;-0.538558;0.711379;-0.258323;2023/05/02 10:45:32.1872;0.094507;1.345407;0.382110;0.341812;-0.607766;0.659283;-0.281302;0.140375;1.338247;0.398391;-0.537523;-0.398308;0.452386;0.589718;0.135343;1.323206;0.342795;-0.694367;0.143036;0.075057;0.701257;0.100440;1.342648;0.409810;-0.044680;-0.669127;0.734081;0.106759;0.114102;1.346472;0.364882;0.341812;-0.607766;0.659283;-0.281302;cac30bdb-35e1-45ca-8340-45cec70e4348;0.127154;1.415601;0.382544;-0.958475;0.251345;0.062224;0.119499;0.122279;1.368490;0.330386;-0.900657;0.417100;0.028786;0.118396;0.123913;1.394892;0.353036;-0.928391;0.303167;0.021590;0.213811;0.126573;1.429471;0.404966;-0.958475;0.251345;0.062224;0.119499;798;0.138083;1.327022;0.301995;-0.694367;0.143036;0.075057;0.701257
NA;31158;53;0.001855;1.633478;0.081300;0.973652;0.224768;0.029243;-0.025033;0.092158;1.385721;0.430000;-0.491381;-0.552179;0.545876;0.394541;0.140766;1.382406;0.392639;-0.718210;-0.155819;0.256251;0.627878;0.130994;1.358867;0.334432;-0.695053;0.144545;0.072545;0.700532;0.117864;1.386385;0.425954;-0.579032;-0.433620;0.484016;0.492366;0.068664;1.382813;0.426171;-0.491381;-0.552179;0.545876;0.394541;0.093952;1.360940;0.392691;0.243981;-0.722146;0.601496;-0.239125;0.146000;1.359900;0.398868;-0.616062;-0.334726;0.398853;0.591052;0.133398;1.341565;0.337254;-0.695053;0.144545;0.072545;0.700532;0.105212;1.362615;0.419914;-0.159935;-0.682059;0.704336;0.114580;0.110172;1.362153;0.371430;0.243981;-0.722146;0.601496;-0.239125;0.142154;1.343489;0.350470;-0.695053;0.144545;0.072545;0.700532;0.097654;1.330467;0.376481;0.368807;-0.539264;0.712718;-0.255361;0.132503;1.316888;0.393986;-0.434221;-0.410640;0.527055;0.604185;0.132179;1.314883;0.345133;-0.540633;0.013864;0.015435;0.841003;0.101115;1.326110;0.397512;0.004386;-0.642915;0.755000;0.128901;0.115747;1.331888;0.361524;0.368807;-0.539264;0.712718;-0.255361;2023/05/02 10:45:32.2005;0.095160;1.345307;0.382602;0.340004;-0.608803;0.660583;-0.278186;0.141160;1.338160;0.398470;-0.539376;-0.396490;0.449236;0.591656;0.135814;1.323197;0.342882;-0.695053;0.144545;0.072545;0.700532;0.101322;1.342498;0.410247;-0.047065;-0.669072;0.733474;0.110196;0.114622;1.346422;0.365227;0.340004;-0.608803;0.660583;-0.278186;cac30bdb-35e1-45ca-8340-45cec70e4348;0.127984;1.415692;0.382639;-0.958251;0.252721;0.059161;0.119947;0.122697;1.368526;0.330565;-0.900481;0.417698;0.025900;0.118287;0.124514;1.394936;0.353190;-0.927882;0.304708;0.018643;0.214105;0.127573;1.429607;0.405037;-0.958251;0.252721;0.059161;0.119947;812;0.138309;1.327078;0.302072;-0.695053;0.144545;0.072545;0.700532
NA;31159;54;0.001821;1.633388;0.081250;0.973630;0.224851;0.029209;-0.025160;0.092354;1.385428;0.430305;-0.491194;-0.551878;0.545084;0.396287;0.140917;1.382151;0.392861;-0.717792;-0.156269;0.255175;0.628682;0.131045;1.358768;0.334605;-0.694864;0.144220;0.071142;0.700930;0.118053;1.386071;0.426209;-0.578668;-0.433547;0.483091;0.493765;0.068847;1.382561;0.426534;-0.491194;-0.551878;0.545084;0.396287;0.094051;1.360747;0.392984;0.243684;-0.721839;0.602698;-0.237321;0.146133;1.359623;0.399028;-0.615737;-0.334541;0.397608;0.592333;0.133429;1.341457;0.337382;-0.694864;0.144220;0.071142;0.700930;0.105398;1.362339;0.420177;-0.160098;-0.681611;0.704396;0.116622;0.110201;1.361990;0.371672;0.243684;-0.721839;0.602698;-0.237321;0.142203;1.343334;0.350596;-0.694864;0.144220;0.071142;0.700930;0.097701;1.330311;0.376682;0.368728;-0.538543;0.713804;-0.253960;0.132579;1.316640;0.394061;-0.433891;-0.410280;0.525831;0.605732;0.132186;1.314754;0.345203;-0.540165;0.013788;0.014043;0.841329;0.101210;1.325886;0.397691;0.004514;-0.642329;0.755163;0.130853;0.115766;1.331755;0.361692;0.368728;-0.538543;0.713804;-0.253960;2023/05/02 10:45:32.2153;0.095233;1.345137;0.382851;0.339859;-0.608279;0.661755;-0.276719;0.141267;1.337890;0.398584;-0.539026;-0.396233;0.447987;0.593092;0.135828;1.323068;0.342967;-0.694864;0.144220;0.071142;0.700930;0.101463;1.342244;0.410472;-0.047017;-0.668555;0.733659;0.112108;0.114654;1.346277;0.365431;0.339859;-0.608279;0.661755;-0.276719;cac30bdb-35e1-45ca-8340-45cec70e4348;0.128266;1.415489;0.382935;-0.958450;0.251760;0.057825;0.121024;0.122760;1.368449;0.330768;-0.900826;0.416814;0.024415;0.119091;0.124685;1.394803;0.353450;-0.927933;0.303976;0.017146;0.215048;0.127931;1.429351;0.405367;-0.958450;0.251760;0.057825;0.121024;826;0.138272;1.327045;0.302163;-0.694864;0.144220;0.071142;0.700930
NA;31160;55;0.001835;1.633413;0.081200;0.973574;0.225161;0.028774;-0.025058;0.092612;1.385042;0.430996;-0.491176;-0.552139;0.543841;0.397650;0.141129;1.381890;0.393467;-0.717863;-0.156970;0.253830;0.628971;0.131191;1.358669;0.335159;-0.695268;0.143640;0.069732;0.700791;0.118303;1.385706;0.426854;-0.578608;-0.433973;0.481776;0.494745;0.069096;1.382178;0.427276;-0.491176;-0.552139;0.543841;0.397650;0.094253;1.360471;0.393637;0.243979;-0.721885;0.603293;-0.235360;0.146363;1.359347;0.399563;-0.615741;-0.334935;0.396005;0.593179;0.133588;1.341350;0.337884;-0.695268;0.143640;0.069732;0.700791;0.105671;1.361983;0.420805;-0.159993;-0.681812;0.703900;0.118569;0.110343;1.361784;0.372283;0.243979;-0.721885;0.603293;-0.235360;0.142379;1.343195;0.351089;-0.695268;0.143640;0.069732;0.700791;0.097897;1.330090;0.377228;0.369080;-0.538276;0.714486;-0.252089;0.132821;1.316372;0.394489;-0.433805;-0.410604;0.524218;0.606970;0.132369;1.314626;0.345626;-0.540376;0.013530;0.012499;0.841222;0.101455;1.325589;0.398213;0.004815;-0.642372;0.754758;0.132950;0.115933;1.331596;0.362210;0.369080;-0.538276;0.714486;-0.252089;2023/05/02 10:45:32.2311;0.095429;1.344895;0.383457;0.340204;-0.608146;0.662493;-0.274814;0.141505;1.337613;0.399062;-0.538963;-0.396592;0.446291;0.594187;0.136004;1.322949;0.343410;-0.695268;0.143640;0.069732;0.700791;0.101727;1.341910;0.411053;-0.046770;-0.668654;0.733267;0.114167;0.114809;1.346103;0.365997;0.340204;-0.608146;0.662493;-0.274814;cac30bdb-35e1-45ca-8340-45cec70e4348;0.128505;1.415209;0.383685;-0.959028;0.249834;0.056748;0.120950;0.122894;1.368355;0.331363;-0.901541;0.415414;0.023296;0.118798;0.124868;1.394632;0.354130;-0.928495;0.302469;0.015881;0.214842;0.128208;1.428976;0.406175;-0.959028;0.249834;0.056748;0.120950;843;0.138395;1.327044;0.302615;-0.695268;0.143640;0.069732;0.700791
NA;31161;56;0.001875;1.633441;0.081159;0.973669;0.224805;0.028416;-0.024970;0.091855;1.384697;0.431205;-0.490432;-0.553535;0.542733;0.398141;0.140444;1.381769;0.393723;-0.717915;-0.159136;0.253213;0.628616;0.130652;1.358768;0.335301;-0.696125;0.141606;0.069032;0.700423;0.117547;1.385419;0.427080;-0.578106;-0.435565;0.480669;0.495009;0.068345;1.381807;0.427468;-0.490432;-0.553535;0.542733;0.398141;0.093570;1.360275;0.393832;0.245251;-0.722003;0.603362;-0.233492;0.145709;1.359211;0.399737;-0.615561;-0.336485;0.394498;0.593493;0.133072;1.341443;0.337960;-0.696125;0.141606;0.069032;0.700423;0.105014;1.361695;0.420993;-0.159074;-0.682627;0.703034;0.120248;0.109631;1.361700;0.372464;0.245251;-0.722003;0.603362;-0.233492;0.141834;1.343247;0.351193;-0.696125;0.141606;0.069032;0.700423;0.097307;1.329977;0.377282;0.370843;-0.537925;0.714615;-0.249876;0.132253;1.316233;0.394469;-0.433269;-0.412281;0.522179;0.607973;0.131884;1.314682;0.345599;-0.541147;0.011742;0.011273;0.840771;0.100869;1.325370;0.398243;0.006502;-0.643081;0.753792;0.134916;0.115343;1.331597;0.362276;0.370843;-0.537925;0.714615;-0.249876;2023/05/02 10:45:32.2464;0.094811;1.344746;0.383570;0.342151;-0.607789;0.662480;-0.273213;0.140891;1.337471;0.399142;-0.538535;-0.398274;0.444510;0.594785;0.135508;1.323020;0.343422;-0.696125;0.141606;0.069032;0.700423;0.101105;1.341640;0.411153;-0.045157;-0.669420;0.732418;0.115768;0.114204;1.346069;0.366132;0.342151;-0.607789;0.662480;-0.273213;cac30bdb-35e1-45ca-8340-45cec70e4348;0.127934;1.415119;0.384024;-0.959431;0.248098;0.056830;0.121285;0.122351;1.368459;0.331524;-0.902331;0.413598;0.023402;0.119116;0.124311;1.394646;0.354395;-0.928984;0.300774;0.015777;0.215118;0.127626;1.428806;0.406563;-0.959431;0.248098;0.056830;0.121285;858;0.137959;1.327283;0.302648;-0.696125;0.141606;0.069032;0.700423
NA;31162;57;0.001876;1.633441;0.081156;0.973694;0.224629;0.028436;-0.025560;0.091484;1.384535;0.431303;-0.490046;-0.554255;0.542226;0.398307;0.140109;1.381716;0.393845;-0.717956;-0.160179;0.252927;0.628419;0.130389;1.358823;0.335366;-0.696554;0.140626;0.068691;0.700227;0.117177;1.385286;0.427186;-0.577881;-0.436338;0.480136;0.495109;0.067978;1.381630;0.427554;-0.490046;-0.554255;0.542226;0.398307;0.093236;1.360184;0.393926;0.245851;-0.722081;0.603371;-0.232594;0.145389;1.359152;0.399820;-0.615503;-0.337215;0.393763;0.593627;0.132820;1.341495;0.337994;-0.696554;0.140626;0.068691;0.700227;0.104694;1.361560;0.421084;-0.158662;-0.683030;0.702597;0.121049;0.109283;1.361663;0.372551;0.245851;-0.722081;0.603371;-0.232594;0.141567;1.343278;0.351241;-0.696554;0.140626;0.068691;0.700227;0.097022;1.329925;0.377308;0.371682;-0.537782;0.714669;-0.248780;0.131977;1.316171;0.394457;-0.433044;-0.413081;0.521165;0.608461;0.131648;1.314715;0.345585;-0.541537;0.010883;0.010677;0.840539;0.100584;1.325268;0.398258;0.007332;-0.643438;0.753314;0.135837;0.115057;1.331602;0.362307;0.371682;-0.537782;0.714669;-0.248780;2023/05/02 10:45:32.2561;0.094513;1.344676;0.383621;0.343143;-0.607610;0.662419;-0.272515;0.140592;1.337408;0.399178;-0.538346;-0.399090;0.443658;0.595045;0.135266;1.323060;0.343427;-0.696554;0.140626;0.068691;0.700227;0.100802;1.341514;0.411199;-0.044346;-0.669809;0.732000;0.116471;0.113915;1.346055;0.366197;0.343143;-0.607610;0.662419;-0.272515;cac30bdb-35e1-45ca-8340-45cec70e4348;0.127662;1.415097;0.384170;-0.959548;0.247527;0.056868;0.121510;0.122088;1.368517;0.331596;-0.902666;0.412799;0.023480;0.119335;0.124043;1.394665;0.354513;-0.929147;0.300124;0.015750;0.215322;0.127351;1.428758;0.406725;-0.959548;0.247527;0.056868;0.121510;867;0.137745;1.327404;0.302662;-0.696554;0.140626;0.068691;0.700227
NA;31163;58;0.001876;1.633380;0.081127;0.973657;0.224731;0.028528;-0.025971;0.091121;1.384382;0.431396;-0.489658;-0.554982;0.541758;0.398409;0.139781;1.381670;0.393961;-0.718010;-0.161184;0.252666;0.628206;0.130134;1.358882;0.335425;-0.696981;0.139682;0.068361;0.700023;0.116814;1.385163;0.427287;-0.577686;-0.437079;0.479617;0.495185;0.067619;1.381463;0.427632;-0.489658;-0.554982;0.541758;0.398409;0.092909;1.360098;0.394019;0.246399;-0.722181;0.603369;-0.231710;0.145077;1.359099;0.399898;-0.615480;-0.337890;0.393037;0.593748;0.132574;1.341552;0.338023;-0.696981;0.139682;0.068361;0.700023;0.104384;1.361435;0.421172;-0.158313;-0.683423;0.702158;0.121835;0.108941;1.361629;0.372636;0.246399;-0.722181;0.603369;-0.231710;0.141306;1.343313;0.351287;-0.696981;0.139682;0.068361;0.700023;0.096744;1.329879;0.377335;0.372479;-0.537665;0.714725;-0.247677;0.131708;1.316116;0.394445;-0.432860;-0.413840;0.520141;0.608952;0.131417;1.314751;0.345569;-0.541929;0.010058;0.010098;0.840304;0.100307;1.325172;0.398274;0.008148;-0.643793;0.752842;0.136721;0.114778;1.331612;0.362338;0.372479;-0.537665;0.714725;-0.247677;2023/05/02 10:45:32.2705;0.094226;1.344611;0.383668;0.344148;-0.607429;0.662316;-0.271902;0.140300;1.337352;0.399212;-0.538184;-0.399874;0.442829;0.595282;0.135029;1.323104;0.343430;-0.696981;0.139682;0.068361;0.700023;0.100507;1.341396;0.411242;-0.043536;-0.670202;0.731589;0.117098;0.113640;1.346043;0.366262;0.344148;-0.607429;0.662316;-0.271902;cac30bdb-35e1-45ca-8340-45cec70e4348;0.127406;1.415096;0.384294;-0.959584;0.247236;0.056886;0.121810;0.121835;1.368581;0.331661;-0.902942;0.412104;0.023563;0.119628;0.123787;1.394693;0.354618;-0.929230;0.299662;0.015731;0.215608;0.127097;1.428744;0.406858;-0.959584;0.247236;0.056886;0.121810;882;0.137535;1.327526;0.302676;-0.696981;0.139682;0.068361;0.700023
NA;31164;59;0.001870;1.633277;0.081010;0.973407;0.225819;0.028573;-0.025868;0.091317;1.384515;0.430866;-0.490203;-0.554949;0.542412;0.396891;0.139994;1.381747;0.393484;-0.718515;-0.160368;0.253595;0.627461;0.130339;1.358774;0.335022;-0.697083;0.140870;0.069314;0.699590;0.117015;1.385313;0.426793;-0.578233;-0.436898;0.480489;0.493860;0.067824;1.381558;0.427070;-0.490203;-0.554949;0.542412;0.396891;0.093152;1.360135;0.393628;0.245329;-0.722847;0.602694;-0.232521;0.145313;1.359199;0.399486;-0.616373;-0.336924;0.393667;0.592953;0.132796;1.341454;0.337671;-0.697083;0.140870;0.069314;0.699590;0.104629;1.361567;0.420775;-0.159499;-0.683471;0.702040;0.120699;0.109180;1.361611;0.372238;0.245329;-0.722847;0.602694;-0.232521;0.141532;1.343263;0.350925;-0.697083;0.140870;0.069314;0.699590;0.096977;1.329876;0.377062;0.371590;-0.538535;0.714324;-0.248279;0.131978;1.316189;0.394169;-0.433943;-0.413190;0.520519;0.608299;0.131665;1.314676;0.345298;-0.542273;0.011070;0.011244;0.840054;0.100573;1.325226;0.398008;0.006738;-0.644063;0.752717;0.136219;0.114997;1.331584;0.362047;0.371590;-0.538535;0.714324;-0.248279;2023/05/02 10:45:32.2873;0.094454;1.344622;0.383374;0.342954;-0.608373;0.661911;-0.272287;0.140554;1.337446;0.398868;-0.539341;-0.398841;0.443079;0.594742;0.135269;1.323025;0.343132;-0.697083;0.140870;0.069314;0.699590;0.100776;1.341490;0.410948;-0.045051;-0.670361;0.731443;0.116522;0.113843;1.346021;0.365938;0.342954;-0.608373;0.661911;-0.272287;cac30bdb-35e1-45ca-8340-45cec70e4348;0.127622;1.415090;0.383752;-0.959520;0.247664;0.056850;0.121460;0.122030;1.368454;0.331233;-0.902395;0.413413;0.023358;0.119278;0.123996;1.394631;0.354115;-0.929014;0.300570;0.015733;0.215277;0.127313;1.428757;0.406304;-0.959520;0.247664;0.056850;0.121460;898;0.137752;1.327326;0.302363;-0.697083;0.140870;0.069314;0.699590
NA;31165;60;0.001858;1.633125;0.080819;0.973195;0.226740;0.028546;-0.025814;0.090886;1.385335;0.430473;-0.488380;-0.553553;0.545765;0.396490;0.139684;1.382165;0.393295;-0.716238;-0.159806;0.256200;0.629148;0.130011;1.359136;0.334865;-0.694531;0.140859;0.070411;0.702016;0.116607;1.385962;0.426510;-0.576151;-0.435755;0.483741;0.494128;0.067393;1.382517;0.426576;-0.488380;-0.553553;0.545765;0.396490;0.092719;1.360861;0.393331;0.245127;-0.720638;0.604290;-0.235432;0.144837;1.359594;0.399353;-0.614168;-0.335879;0.396291;0.594085;0.132354;1.341805;0.337552;-0.694531;0.140859;0.070411;0.702016;0.104107;1.362274;0.420516;-0.158528;-0.681218;0.704688;0.119273;0.108846;1.362191;0.372006;0.245127;-0.720638;0.604290;-0.235432;0.141076;1.343590;0.350813;-0.694531;0.140859;0.070411;0.702016;0.096363;1.330557;0.376919;0.371597;-0.535847;0.715354;-0.251104;0.131230;1.316663;0.394084;-0.431887;-0.411586;0.522426;0.609215;0.131033;1.315059;0.345215;-0.539454;0.010539;0.012707;0.841853;0.099881;1.325910;0.397879;0.007646;-0.641691;0.754952;0.134988;0.114450;1.332115;0.361967;0.371597;-0.535847;0.715354;-0.251104;2023/05/02 10:45:32.3026;0.093931;1.345324;0.383174;0.342492;-0.606035;0.663134;-0.275089;0.139936;1.337872;0.398765;-0.537355;-0.397370;0.445414;0.595779;0.134698;1.323380;0.343042;-0.694531;0.140859;0.070411;0.702016;0.100165;1.342203;0.410769;-0.044408;-0.668007;0.733852;0.115139;0.113386;1.346556;0.365798;0.342492;-0.606035;0.663134;-0.275089;cac30bdb-35e1-45ca-8340-45cec70e4348;0.127486;1.415489;0.383553;-0.959285;0.247031;0.057431;0.124300;0.121759;1.368854;0.331049;-0.901876;0.413715;0.023234;0.122149;0.123820;1.395039;0.353914;-0.928369;0.300523;0.016034;0.218083;0.127186;1.429129;0.406121;-0.959285;0.247031;0.057431;0.124300;913;0.137314;1.327587;0.302272;-0.694531;0.140859;0.070411;0.702016
NA;31166;61;0.001865;1.633124;0.080749;0.973301;0.226351;0.028293;-0.025484;0.091018;1.386201;0.430043;-0.487582;-0.553872;0.547384;0.394793;0.139941;1.382932;0.393058;-0.715791;-0.160064;0.258068;0.628828;0.130339;1.359781;0.334665;-0.694002;0.141086;0.071687;0.702365;0.116755;1.386808;0.426189;-0.575436;-0.436132;0.485550;0.492853;0.067542;1.383384;0.426044;-0.487582;-0.553872;0.547384;0.394793;0.092977;1.361668;0.393041;0.245138;-0.720317;0.603961;-0.237237;0.145064;1.360369;0.399175;-0.613889;-0.335612;0.397679;0.593596;0.132664;1.342453;0.337395;-0.694002;0.141086;0.071687;0.702365;0.104295;1.363131;0.420253;-0.158304;-0.680906;0.705308;0.117675;0.109168;1.362939;0.371761;0.245138;-0.720317;0.603961;-0.237237;0.141367;1.344262;0.350663;-0.694002;0.141086;0.071687;0.702365;0.096606;1.331328;0.376756;0.371755;-0.535519;0.714931;-0.252767;0.131427;1.317439;0.393978;-0.431809;-0.411198;0.523336;0.608750;0.131308;1.315727;0.345112;-0.539053;0.010455;0.014069;0.842090;0.100083;1.326720;0.397731;0.007708;-0.641443;0.755397;0.133669;0.114731;1.332832;0.361845;0.371755;-0.535519;0.714931;-0.252767;2023/05/02 10:45:32.3203;0.094182;1.346113;0.382970;0.342410;-0.605779;0.662816;-0.276518;0.140144;1.338651;0.398626;-0.537238;-0.396954;0.446428;0.595403;0.134984;1.324040;0.342927;-0.694002;0.141086;0.071687;0.702365;0.100365;1.343040;0.410582;-0.044387;-0.667708;0.734322;0.113871;0.113671;1.347292;0.365630;0.342410;-0.605779;0.662816;-0.276518;cac30bdb-35e1-45ca-8340-45cec70e4348;0.127799;1.416218;0.383244;-0.959060;0.247436;0.058165;0.124887;0.122100;1.369497;0.330816;-0.901396;0.414521;0.023749;0.122856;0.124156;1.395724;0.353634;-0.928009;0.301131;0.016749;0.218721;0.127474;1.429881;0.405798;-0.959060;0.247436;0.058165;0.124887;932;0.137670;1.328155;0.302152;-0.694002;0.141086;0.071687;0.702365
NA;31167;62;0.001876;1.633193;0.080687;0.973461;0.225682;0.028230;-0.025385;0.089986;1.386184;0.429827;-0.485949;-0.554015;0.548062;0.395664;0.139113;1.382891;0.393051;-0.714105;-0.162600;0.259594;0.629466;0.129849;1.359896;0.334541;-0.693191;0.138039;0.073007;0.703634;0.115736;1.386733;0.426051;-0.573534;-0.436937;0.486366;0.493551;0.066508;1.383441;0.425784;-0.485949;-0.554015;0.548062;0.395664;0.092131;1.361717;0.392602;0.248584;-0.718368;0.603695;-0.240223;0.144148;1.360303;0.399148;-0.611388;-0.338191;0.399790;0.593296;0.132119;1.342558;0.337245;-0.693191;0.138039;0.073007;0.703634;0.103220;1.363101;0.419912;-0.154493;-0.680883;0.706504;0.115679;0.108525;1.363005;0.371480;0.248584;-0.718368;0.603695;-0.240223;0.140737;1.344316;0.350576;-0.693191;0.138039;0.073007;0.703634;0.095785;1.331418;0.376369;0.374894;-0.533206;0.714406;-0.254500;0.130456;1.317414;0.393762;-0.429083;-0.413043;0.524202;0.608684;0.130655;1.315815;0.344893;-0.538134;0.007069;0.014854;0.842699;0.099109;1.326748;0.397355;0.011239;-0.641062;0.755891;0.132447;0.114031;1.332912;0.361605;0.374894;-0.533206;0.714406;-0.254500;2023/05/02 10:45:32.3362;0.093377;1.346184;0.382536;0.345669;-0.603469;0.662184;-0.279018;0.139186;1.338596;0.398517;-0.534578;-0.399210;0.448196;0.594961;0.134363;1.324126;0.342751;-0.693191;0.138039;0.073007;0.703634;0.099330;1.343045;0.410191;-0.040638;-0.667423;0.735096;0.111931;0.113026;1.347353;0.365375;0.345669;-0.603469;0.662184;-0.279018;cac30bdb-35e1-45ca-8340-45cec70e4348;0.127123;1.416244;0.383219;-0.959143;0.245418;0.060958;0.126882;0.121657;1.369639;0.330660;-0.901640;0.413125;0.026113;0.125262;0.123622;1.395810;0.353549;-0.927957;0.299627;0.019168;0.220798;0.126674;1.429830;0.405817;-0.959143;0.245418;0.060958;0.126882;948;0.137327;1.328329;0.302004;-0.693191;0.138039;0.073007;0.703634
NA;31168;63;0.001868;1.633297;0.080654;0.973665;0.224840;0.028086;-0.025184;0.089505;1.386183;0.429787;-0.485723;-0.553543;0.547926;0.396788;0.138700;1.382870;0.393049;-0.713329;-0.163612;0.260080;0.629882;0.129603;1.359955;0.334481;-0.692799;0.136548;0.073635;0.704246;0.115254;1.386698;0.426001;-0.572983;-0.436816;0.486296;0.494366;0.066017;1.383484;0.425776;-0.485723;-0.553543;0.547926;0.396788;0.091711;1.361739;0.392379;0.250355;-0.717390;0.603501;-0.241788;0.143694;1.360271;0.399136;-0.610139;-0.339503;0.400884;0.593094;0.131845;1.342611;0.337173;-0.692799;0.136548;0.073635;0.704246;0.102685;1.363086;0.419737;-0.152594;-0.680883;0.707086;0.114642;0.108211;1.363036;0.371340;0.250355;-0.717390;0.603501;-0.241788;0.140422;1.344344;0.350535;-0.692799;0.136548;0.073635;0.704246;0.095378;1.331462;0.376177;0.376443;-0.532070;0.714135;-0.255351;0.129976;1.317402;0.393655;-0.427728;-0.413973;0.524640;0.608628;0.130330;1.315860;0.344785;-0.537689;0.005416;0.015218;0.842988;0.098628;1.326763;0.397168;0.012976;-0.640881;0.756122;0.131845;0.113684;1.332951;0.361486;0.376443;-0.532070;0.714135;-0.255351;2023/05/02 10:45:32.3540;0.092984;1.346216;0.382305;0.347378;-0.602295;0.661758;-0.280441;0.138712;1.338570;0.398463;-0.533223;-0.400389;0.449201;0.594626;0.134053;1.324169;0.342665;-0.692799;0.136548;0.073635;0.704246;0.098815;1.343048;0.409983;-0.038724;-0.667303;0.735478;0.110809;0.112719;1.347376;0.365243;0.347378;-0.602295;0.661758;-0.280441;cac30bdb-35e1-45ca-8340-45cec70e4348;0.126787;1.416271;0.383197;-0.959157;0.244497;0.062344;0.127876;0.121436;1.369711;0.330583;-0.901735;0.412478;0.027310;0.126455;0.123353;1.395857;0.353506;-0.927871;0.299049;0.020370;0.221836;0.126277;1.429823;0.405814;-0.959157;0.244497;0.062344;0.127876;965;0.137151;1.328417;0.301933;-0.692799;0.136548;0.073635;0.704246
NA;31169;64;0.001848;1.633340;0.080534;0.973698;0.224729;0.027900;-0.025109;0.088150;1.387371;0.429711;-0.487432;-0.553960;0.548609;0.393149;0.137593;1.384082;0.393264;-0.714519;-0.164220;0.263831;0.626808;0.128864;1.360742;0.334807;-0.693796;0.137091;0.077802;0.702709;0.113914;1.387985;0.426041;-0.574323;-0.437398;0.488037;0.490567;0.064688;1.384539;0.425643;-0.487432;-0.553960;0.548609;0.393149;0.090757;1.362723;0.392491;0.250411;-0.718893;0.600100;-0.245696;0.142663;1.361546;0.399522;-0.611751;-0.339687;0.403604;0.589473;0.131172;1.343426;0.337623;-0.693796;0.137091;0.077802;0.702709;0.101545;1.364315;0.419910;-0.152951;-0.682390;0.706361;0.109562;0.107391;1.363951;0.371553;0.250411;-0.718893;0.600100;-0.245696;0.139681;1.345286;0.351012;-0.693796;0.137091;0.077802;0.702709;0.094583;1.332361;0.376543;0.377196;-0.534143;0.710997;-0.258647;0.129166;1.318580;0.394263;-0.429409;-0.415015;0.526644;0.604993;0.129745;1.316718;0.345406;-0.539567;0.005277;0.019197;0.841708;0.097761;1.327819;0.397580;0.012174;-0.642935;0.755071;0.127887;0.112968;1.333824;0.361950;0.377196;-0.534143;0.710997;-0.258647;2023/05/02 10:45:32.3673;0.092098;1.347146;0.382620;0.347313;-0.604384;0.658761;-0.283068;0.137784;1.339819;0.398970;-0.535229;-0.400544;0.451032;0.591324;0.133439;1.325030;0.343248;-0.693796;0.137091;0.077802;0.702709;0.097832;1.344189;0.410342;-0.039736;-0.669048;0.734413;0.106929;0.111895;1.348281;0.365629;0.347313;-0.604384;0.658761;-0.283068;cac30bdb-35e1-45ca-8340-45cec70e4348;0.125623;1.417355;0.383139;-0.958302;0.247931;0.065116;0.126286;0.120671;1.370436;0.330808;-0.900569;0.415108;0.030382;0.125454;0.122393;1.396738;0.353566;-0.927296;0.301522;0.023599;0.220567;0.124976;1.431083;0.405647;-0.958302;0.247931;0.065116;0.126286;979;0.136699;1.329025;0.302503;-0.693796;0.137091;0.077802;0.702709
NA;31170;65;0.001811;1.633328;0.080452;0.973675;0.224800;0.027958;-0.025315;0.088179;1.386122;0.429832;-0.489858;-0.553237;0.544434;0.396938;0.137447;1.383120;0.393029;-0.715650;-0.164748;0.260589;0.626735;0.128684;1.360018;0.334474;-0.695343;0.136282;0.075709;0.701565;0.113907;1.386810;0.425930;-0.576167;-0.436929;0.483891;0.492924;0.064677;1.383258;0.426022;-0.489858;-0.553237;0.544434;0.396938;0.090654;1.361612;0.392302;0.251381;-0.719726;0.599884;-0.242778;0.142606;1.360575;0.399178;-0.612520;-0.340881;0.400946;0.589798;0.131043;1.342698;0.337210;-0.695343;0.136282;0.075709;0.701565;0.101534;1.363120;0.419689;-0.152898;-0.683662;0.704748;0.112066;0.107213;1.362986;0.371314;0.251381;-0.719726;0.599884;-0.242778;0.139565;1.344513;0.350606;-0.695343;0.136282;0.075709;0.701565;0.094558;1.331346;0.376239;0.378253;-0.534539;0.711238;-0.255605;0.129239;1.317587;0.393765;-0.430200;-0.416061;0.523525;0.606418;0.129710;1.315938;0.344900;-0.540992;0.005060;0.016766;0.840845;0.097814;1.326700;0.397241;0.012577;-0.643975;0.753656;0.130927;0.112907;1.332943;0.361615;0.378253;-0.534539;0.711238;-0.255605;2023/05/02 10:45:32.3815;0.092053;1.346078;0.382328;0.348561;-0.604934;0.658602;-0.280720;0.137797;1.338834;0.398544;-0.535874;-0.401749;0.448520;0.591834;0.133372;1.324271;0.342769;-0.695343;0.136282;0.075709;0.701565;0.097857;1.343024;0.410024;-0.039319;-0.670227;0.733033;0.109144;0.111822;1.347348;0.365314;0.348561;-0.604934;0.658602;-0.280720;cac30bdb-35e1-45ca-8340-45cec70e4348;0.125447;1.416554;0.382926;-0.958582;0.247491;0.064261;0.125456;0.120475;1.369716;0.330515;-0.901228;0.414011;0.029948;0.124447;0.122184;1.395962;0.353338;-0.927610;0.301268;0.022756;0.219682;0.124826;1.430257;0.405449;-0.958582;0.247491;0.064261;0.125456;992;0.136524;1.328452;0.302034;-0.695343;0.136282;0.075709;0.701565
NA;31171;66;0.001787;1.633292;0.080329;0.973584;0.225183;0.027963;-0.025417;0.088659;1.386861;0.429695;-0.491232;-0.550846;0.544521;0.398444;0.137820;1.383636;0.392728;-0.715276;-0.162838;0.260614;0.627650;0.128990;1.360445;0.334214;-0.694391;0.137170;0.076104;0.702292;0.114371;1.387463;0.425679;-0.576967;-0.434469;0.483845;0.494206;0.065129;1.384061;0.426008;-0.491232;-0.550846;0.544521;0.398444;0.090967;1.362234;0.392002;0.250659;-0.719191;0.600423;-0.243777;0.142927;1.361090;0.398919;-0.611975;-0.340146;0.402112;0.589995;0.131304;1.343126;0.336984;-0.694391;0.137170;0.076104;0.702292;0.101844;1.363765;0.419389;-0.153265;-0.682731;0.705654;0.111536;0.107542;1.363535;0.371021;0.250659;-0.719191;0.600423;-0.243777;0.139831;1.344942;0.350379;-0.694391;0.137170;0.076104;0.702292;0.094813;1.331925;0.376031;0.377711;-0.533880;0.711375;-0.257398;0.129457;1.318123;0.393594;-0.429921;-0.414964;0.524755;0.606304;0.129906;1.316379;0.344732;-0.539992;0.005753;0.017479;0.841469;0.098053;1.327321;0.397045;0.012062;-0.643088;0.754588;0.129962;0.113187;1.333435;0.361429;0.377711;-0.533880;0.711375;-0.257398;2023/05/02 10:45:32.3983;0.092328;1.346681;0.382087;0.347634;-0.604505;0.659038;-0.281770;0.138067;1.339359;0.398329;-0.535499;-0.400781;0.449674;0.591953;0.133587;1.324699;0.342584;-0.694391;0.137170;0.076104;0.702292;0.098133;1.343667;0.409787;-0.039947;-0.669320;0.733912;0.108577;0.112100;1.347871;0.365070;0.347634;-0.604505;0.659038;-0.281770;cac30bdb-35e1-45ca-8340-45cec70e4348;0.125919;1.417142;0.382506;-0.957895;0.249580;0.063945;0.126719;0.120810;1.370160;0.330233;-0.900522;0.415206;0.029580;0.125657;0.122589;1.396461;0.352989;-0.926782;0.302882;0.022580;0.220969;0.125350;1.430939;0.404974;-0.957895;0.249580;0.063945;0.126719;1009;0.136734;1.328794;0.301840;-0.694391;0.137170;0.076104;0.702292
NA;31172;67;0.001757;1.633304;0.080181;0.973566;0.225258;0.028038;-0.025353;0.088301;1.386256;0.429621;-0.492851;-0.550021;0.542676;0.400098;0.137427;1.383123;0.392521;-0.715737;-0.163152;0.259957;0.627315;0.128741;1.359960;0.333962;-0.695018;0.136524;0.076492;0.701755;0.113995;1.386885;0.425491;-0.578105;-0.433824;0.482160;0.495090;0.064753;1.383439;0.426075;-0.492851;-0.550021;0.542676;0.400098;0.090623;1.361629;0.391634;0.251962;-0.719364;0.599431;-0.244363;0.142568;1.360584;0.398708;-0.611844;-0.341636;0.402532;0.588983;0.131068;1.342644;0.336728;-0.695018;0.136524;0.076492;0.701755;0.101417;1.363164;0.419054;-0.152145;-0.683639;0.705163;0.110609;0.107254;1.362974;0.370701;0.251962;-0.719364;0.599431;-0.244363;0.139560;1.344451;0.350158;-0.695018;0.136524;0.076492;0.701755;0.094534;1.331337;0.375792;0.378569;-0.534178;0.710669;-0.257467;0.129183;1.317595;0.393348;-0.430408;-0.415550;0.524178;0.606057;0.129695;1.315873;0.344486;-0.540753;0.005111;0.017623;0.840981;0.097763;1.326731;0.396807;0.012429;-0.643805;0.753997;0.129800;0.112930;1.332879;0.361220;0.378569;-0.534178;0.710669;-0.257467;2023/05/02 10:45:32.4136;0.092050;1.346085;0.381763;0.348935;-0.604631;0.658006;-0.282301;0.137749;1.338844;0.398102;-0.535515;-0.401890;0.449778;0.591107;0.133363;1.324201;0.342346;-0.695018;0.136524;0.076492;0.701755;0.097783;1.343075;0.409479;-0.038936;-0.670134;0.733356;0.107678;0.111871;1.347314;0.364806;0.348935;-0.604631;0.658006;-0.282301;cac30bdb-35e1-45ca-8340-45cec70e4348;0.125786;1.416799;0.382106;-0.957239;0.251496;0.063801;0.127953;0.120580;1.369679;0.329950;-0.900134;0.415690;0.029686;0.126804;0.122390;1.396002;0.352678;-0.925816;0.304906;0.022527;0.222237;0.125257;1.430683;0.404521;-0.957239;0.251496;0.063801;0.127953;1024;0.136551;1.328319;0.301607;-0.695018;0.136524;0.076492;0.701755
NA;31173;68;0.001750;1.633377;0.080159;0.973633;0.224997;0.028033;-0.025079;0.088103;1.385965;0.429577;-0.493554;-0.549694;0.541813;0.400849;0.137221;1.382882;0.392425;-0.715930;-0.163417;0.259699;0.627133;0.128611;1.359733;0.333841;-0.695318;0.136183;0.076709;0.701501;0.113789;1.386609;0.425399;-0.578585;-0.433604;0.481386;0.495475;0.064546;1.383140;0.426094;-0.493554;-0.549694;0.541813;0.400849;0.090444;1.361342;0.391454;0.252632;-0.719431;0.598929;-0.244707;0.142378;1.360346;0.398611;-0.611758;-0.342390;0.402774;0.588469;0.130943;1.342418;0.336606;-0.695318;0.136183;0.076709;0.701501;0.101192;1.362880;0.418891;-0.151532;-0.684091;0.704939;0.110082;0.107105;1.362710;0.370546;0.252632;-0.719431;0.598929;-0.244707;0.139416;1.344221;0.350055;-0.695318;0.136183;0.076709;0.701501;0.094383;1.331060;0.375682;0.378949;-0.534343;0.710351;-0.257444;0.129035;1.317346;0.393233;-0.430665;-0.415813;0.523868;0.605962;0.129580;1.315635;0.344370;-0.541120;0.004766;0.017715;0.840745;0.097606;1.326452;0.396698;0.012608;-0.644151;0.753712;0.129730;0.112788;1.332619;0.361124;0.378949;-0.534343;0.710351;-0.257444;2023/05/02 10:45:32.4233;0.091906;1.345803;0.381605;0.349624;-0.604663;0.657471;-0.282627;0.137578;1.338602;0.397997;-0.535505;-0.402449;0.449853;0.590679;0.133242;1.323967;0.342234;-0.695318;0.136183;0.076709;0.701501;0.097597;1.342796;0.409330;-0.038360;-0.670535;0.733096;0.107149;0.111754;1.347050;0.364681;0.349624;-0.604663;0.657471;-0.282627;cac30bdb-35e1-45ca-8340-45cec70e4348;0.125735;1.416647;0.381907;-0.956890;0.252469;0.063657;0.128722;0.120461;1.369455;0.329814;-0.899918;0.415944;0.029654;0.127510;0.122296;1.395789;0.352527;-0.925269;0.306004;0.022416;0.223016;0.125233;1.430574;0.404295;-0.956890;0.252469;0.063657;0.128722;1034;0.136454;1.328097;0.301499;-0.695318;0.136183;0.076709;0.701501
NA;31174;69;0.001737;1.633463;0.080214;0.973875;0.224033;0.027854;-0.024506;0.087892;1.385687;0.429530;-0.494172;-0.549433;0.541002;0.401539;0.137009;1.382655;0.392336;-0.716092;-0.163761;0.259496;0.626942;0.128478;1.359520;0.333728;-0.695604;0.135829;0.076942;0.701260;0.113570;1.386345;0.425309;-0.578993;-0.433462;0.480672;0.495815;0.064327;1.382853;0.426102;-0.494172;-0.549433;0.541002;0.401539;0.090259;1.361072;0.391277;0.253311;-0.719481;0.598425;-0.245088;0.142181;1.360122;0.398521;-0.611655;-0.343145;0.403040;0.587953;0.130813;1.342207;0.336491;-0.695604;0.135829;0.076942;0.701260;0.100959;1.362612;0.418734;-0.150882;-0.684539;0.704733;0.109509;0.106953;1.362460;0.370396;0.253311;-0.719481;0.598425;-0.245088;0.139267;1.344005;0.349959;-0.695604;0.135829;0.076942;0.701260;0.094224;1.330798;0.375582;0.379290;-0.534517;0.710061;-0.257380;0.128877;1.317112;0.393124;-0.430928;-0.416053;0.523545;0.605889;0.129459;1.315411;0.344262;-0.541473;0.004404;0.017823;0.840518;0.097441;1.326188;0.396599;0.012784;-0.644482;0.753436;0.129666;0.112636;1.332373;0.361034;0.379290;-0.534517;0.710061;-0.257380;2023/05/02 10:45:32.4375;0.091757;1.345537;0.381452;0.350339;-0.604670;0.656924;-0.282997;0.137400;1.338374;0.397899;-0.535480;-0.403007;0.449945;0.590250;0.133116;1.323747;0.342130;-0.695604;0.135829;0.076942;0.701260;0.097402;1.342533;0.409187;-0.037735;-0.670930;0.732853;0.106564;0.111634;1.346801;0.364564;0.350339;-0.604670;0.656924;-0.282997;cac30bdb-35e1-45ca-8340-45cec70e4348;0.125696;1.416511;0.381710;-0.956525;0.253448;0.063462;0.129600;0.120339;1.369246;0.329682;-0.899686;0.416205;0.029561;0.128311;0.122207;1.395590;0.352380;-0.924678;0.307157;0.022245;0.223899;0.125225;1.430482;0.404072;-0.956525;0.253448;0.063462;0.129600;1048;0.136353;1.327888;0.301398;-0.695604;0.135829;0.076942;0.701260
NA;31175;70;0.001699;1.633525;0.080277;0.973939;0.223778;0.027782;-0.024376;0.087534;1.386121;0.429438;-0.495806;-0.550847;0.539936;0.399015;0.136676;1.383320;0.392278;-0.718272;-0.163768;0.259716;0.624350;0.128167;1.359978;0.333753;-0.697604;0.137131;0.077612;0.698942;0.113212;1.386937;0.425242;-0.580855;-0.434610;0.480114;0.493165;0.063993;1.383127;0.425992;-0.495806;-0.550847;0.539936;0.399015;0.090076;1.361453;0.391336;0.253144;-0.721645;0.595965;-0.244892;0.141994;1.360834;0.398511;-0.614133;-0.343197;0.402236;0.585887;0.130616;1.342687;0.336556;-0.697604;0.137131;0.077612;0.698942;0.100788;1.363124;0.418780;-0.152323;-0.686452;0.702714;0.108507;0.106754;1.362895;0.370448;0.253144;-0.721645;0.595965;-0.244892;0.139089;1.344575;0.349996;-0.697604;0.137131;0.077612;0.698942;0.094186;1.331166;0.375722;0.379206;-0.537102;0.708247;-0.257119;0.128940;1.317731;0.393249;-0.433616;-0.416672;0.522726;0.604251;0.129443;1.315909;0.344390;-0.544007;0.005814;0.018417;0.838858;0.097455;1.326628;0.396746;0.011166;-0.646666;0.751678;0.129148;0.112583;1.332810;0.361163;0.379206;-0.537102;0.708247;-0.257119;2023/05/02 10:45:32.4543;0.091629;1.345907;0.381575;0.350147;-0.607172;0.654949;-0.282456;0.137343;1.339057;0.397953;-0.538130;-0.403196;0.448926;0.588486;0.133045;1.324261;0.342230;-0.697604;0.137131;0.077612;0.698942;0.097341;1.343001;0.409306;-0.039495;-0.672987;0.730923;0.106206;0.111483;1.347249;0.364664;0.350147;-0.607172;0.654949;-0.282456;cac30bdb-35e1-45ca-8340-45cec70e4348;0.125018;1.417022;0.381650;-0.956709;0.254651;0.063809;0.125659;0.119952;1.369639;0.329706;-0.899749;0.417143;0.030534;0.124547;0.121657;1.396044;0.352346;-0.925399;0.307683;0.023004;0.220086;0.124478;1.431051;0.403973;-0.956709;0.254651;0.063809;0.125659;1065;0.136184;1.328316;0.301482;-0.697604;0.137131;0.077612;0.698942
NA;31176;71;0.001666;1.633544;0.080200;0.973887;0.224059;0.027489;-0.024216;0.088371;1.385673;0.429883;-0.497862;-0.549544;0.535619;0.404040;0.137268;1.383110;0.392301;-0.718835;-0.164022;0.255653;0.625312;0.128353;1.360028;0.333732;-0.698398;0.138097;0.073557;0.698398;0.114004;1.386519;0.425429;-0.582159;-0.433755;0.475715;0.496632;0.064786;1.382696;0.426729;-0.497862;-0.549544;0.535619;0.404040;0.090658;1.361217;0.391583;0.252463;-0.722208;0.597295;-0.240659;0.142645;1.360601;0.398395;-0.614915;-0.342713;0.398736;0.587739;0.130830;1.342726;0.336440;-0.698398;0.138097;0.073557;0.698398;0.101576;1.362772;0.418953;-0.153462;-0.686591;0.701685;0.112610;0.107171;1.362762;0.370570;0.252463;-0.722208;0.597295;-0.240659;0.139396;1.344556;0.349831;-0.698398;0.138097;0.073557;0.698398;0.094633;1.331024;0.375926;0.377482;-0.537457;0.710606;-0.252362;0.129579;1.317513;0.393036;-0.435131;-0.415241;0.518706;0.607601;0.129727;1.315909;0.344168;-0.544336;0.007650;0.014571;0.838706;0.098122;1.326363;0.396887;0.009164;-0.646287;0.751050;0.134730;0.112889;1.332766;0.361202;0.377482;-0.537457;0.710606;-0.252362;2023/05/02 10:45:32.4706;0.092180;1.345717;0.381777;0.349541;-0.607424;0.656488;-0.279071;0.138003;1.338823;0.397775;-0.539129;-0.402264;0.445384;0.590895;0.133308;1.324272;0.342019;-0.698398;0.138097;0.073557;0.698398;0.098088;1.342691;0.409454;-0.040583;-0.672900;0.730356;0.110180;0.111929;1.347143;0.364751;0.349541;-0.607424;0.656488;-0.279071;cac30bdb-35e1-45ca-8340-45cec70e4348;0.125710;1.416815;0.381916;-0.957362;0.253322;0.059141;0.125655;0.120110;1.369705;0.329782;-0.900718;0.415596;0.025945;0.123746;0.122065;1.396000;0.352530;-0.926096;0.306154;0.018264;0.219734;0.125392;1.430755;0.404300;-0.957362;0.253322;0.059141;0.125655;1081;0.136148;1.328511;0.301267;-0.698398;0.138097;0.073557;0.698398
NA;31177;72;0.001633;1.633425;0.080093;0.973737;0.224706;0.027302;-0.024472;0.088820;1.385212;0.430494;-0.498119;-0.549159;0.534040;0.406330;0.137609;1.382739;0.392742;-0.718751;-0.164248;0.253722;0.626135;0.128540;1.359829;0.334136;-0.698539;0.137786;0.071711;0.698510;0.114437;1.386055;0.425943;-0.582226;-0.433545;0.473963;0.498409;0.065219;1.382262;0.427441;-0.498119;-0.549159;0.534040;0.406330;0.090981;1.360867;0.392035;0.252865;-0.721957;0.598098;-0.238993;0.142989;1.360209;0.398755;-0.614600;-0.343105;0.397383;0.588756;0.131025;1.342518;0.336785;-0.698539;0.137786;0.071711;0.698510;0.101955;1.362332;0.419387;-0.153087;-0.686571;0.701492;0.114427;0.107448;1.362469;0.370991;0.252865;-0.721957;0.598098;-0.238993;0.139630;1.344315;0.350149;-0.698539;0.137786;0.071711;0.698510;0.094908;1.330726;0.376310;0.377617;-0.536890;0.711510;-0.250814;0.129893;1.317144;0.393292;-0.434927;-0.415147;0.517270;0.609036;0.129936;1.315689;0.344419;-0.544186;0.007714;0.012702;0.838833;0.098449;1.325994;0.397247;0.009319;-0.645960;0.750955;0.136808;0.113138;1.332505;0.361557;0.377617;-0.536890;0.711510;-0.250814;2023/05/02 10:45:32.4873;0.092495;1.345398;0.382189;0.350028;-0.606889;0.657262;-0.277799;0.138336;1.338435;0.398078;-0.538804;-0.402442;0.444021;0.592095;0.133516;1.324058;0.342288;-0.698539;0.137786;0.071711;0.698510;0.098446;1.342283;0.409847;-0.040099;-0.672711;0.730301;0.111862;0.112225;1.346867;0.365145;0.350028;-0.606889;0.657262;-0.277799;cac30bdb-35e1-45ca-8340-45cec70e4348;0.125979;1.416388;0.382581;-0.958043;0.251412;0.057616;0.125006;0.120274;1.369511;0.330250;-0.901723;0.413770;0.024561;0.122830;0.122271;1.395707;0.353108;-0.926932;0.304284;0.016613;0.218935;0.125713;1.430231;0.405025;-0.958043;0.251412;0.057616;0.125006;1098;0.136271;1.328420;0.301543;-0.698539;0.137786;0.071711;0.698510
NA;31178;73;0.001610;1.633353;0.079895;0.973529;0.225585;0.027252;-0.024696;0.088167;1.384547;0.431186;-0.498542;-0.549597;0.532009;0.407879;0.136950;1.382292;0.393358;-0.719054;-0.165772;0.252486;0.625885;0.128030;1.359588;0.334646;-0.699509;0.135828;0.071090;0.697986;0.113770;1.385446;0.426569;-0.582540;-0.434217;0.471983;0.499336;0.064558;1.381572;0.428214;-0.498542;-0.549597;0.532009;0.407879;0.090355;1.360322;0.392527;0.254810;-0.721999;0.597641;-0.237938;0.142370;1.359751;0.399294;-0.614376;-0.345000;0.396220;0.588666;0.130546;1.342272;0.337234;-0.699509;0.135828;0.071090;0.697986;0.101310;1.361707;0.419891;-0.151703;-0.687638;0.700589;0.115390;0.106839;1.362041;0.371506;0.254810;-0.721999;0.597641;-0.237938;0.139122;1.344033;0.350623;-0.699509;0.135828;0.071090;0.697986;0.094391;1.330260;0.376715;0.379868;-0.536445;0.711172;-0.249323;0.129377;1.316678;0.393647;-0.434501;-0.416937;0.515343;0.609749;0.129501;1.315408;0.344768;-0.545110;0.006002;0.011549;0.838264;0.097911;1.325435;0.397634;0.011280;-0.646839;0.749924;0.138151;0.112647;1.332145;0.362009;0.379868;-0.536445;0.711172;-0.249323;2023/05/02 10:45:32.5036;0.091944;1.344888;0.382601;0.352298;-0.606570;0.656633;-0.277114;0.137766;1.337969;0.398527;-0.538436;-0.404291;0.442841;0.592054;0.133066;1.323793;0.342675;-0.699509;0.135828;0.071090;0.697986;0.097852;1.341687;0.410259;-0.038359;-0.673670;0.729405;0.112538;0.111718;1.346458;0.365617;0.352298;-0.606570;0.656633;-0.277114;cac30bdb-35e1-45ca-8340-45cec70e4348;0.125449;1.415937;0.383297;-0.958313;0.250294;0.057424;0.125266;0.119755;1.369270;0.330778;-0.902513;0.411976;0.024453;0.123075;0.121750;1.395376;0.353739;-0.927513;0.302373;0.016345;0.219141;0.125188;1.429727;0.405774;-0.958313;0.250294;0.057424;0.125266;1114;0.135875;1.328317;0.301952;-0.699509;0.135828;0.071090;0.697986
NA;31179;74;0.001613;1.633387;0.079816;0.973576;0.225388;0.027259;-0.024629;0.087852;1.384227;0.431519;-0.498806;-0.549756;0.530992;0.408667;0.136629;1.382074;0.393647;-0.719213;-0.166469;0.251871;0.625765;0.127783;1.359472;0.334883;-0.699979;0.134888;0.070790;0.697727;0.113447;1.385152;0.426865;-0.582740;-0.434480;0.470986;0.499813;0.064240;1.381239;0.428590;-0.498806;-0.549756;0.530992;0.408667;0.090050;1.360058;0.392761;0.255729;-0.722029;0.597422;-0.237411;0.142069;1.359528;0.399547;-0.614287;-0.345886;0.395636;0.588630;0.130313;1.342154;0.337441;-0.699979;0.134888;0.070790;0.697727;0.100998;1.361405;0.420130;-0.151070;-0.688148;0.700145;0.115877;0.106542;1.361833;0.371750;0.255729;-0.722029;0.597422;-0.237411;0.138875;1.343897;0.350844;-0.699979;0.134888;0.070790;0.697727;0.094140;1.330034;0.376907;0.380955;-0.536229;0.711014;-0.248579;0.129126;1.316452;0.393811;-0.434314;-0.417789;0.514375;0.610117;0.129288;1.315272;0.344930;-0.545560;0.005183;0.010994;0.837984;0.097650;1.325164;0.397817;0.012237;-0.647264;0.749421;0.138811;0.112409;1.331971;0.362223;0.380955;-0.536229;0.711014;-0.248579;2023/05/02 10:45:32.5214;0.091675;1.344641;0.382794;0.353380;-0.606424;0.656324;-0.276787;0.137489;1.337744;0.398736;-0.538276;-0.405165;0.442265;0.592033;0.132846;1.323664;0.342855;-0.699979;0.134888;0.070790;0.697727;0.097564;1.341398;0.410451;-0.037539;-0.674134;0.728969;0.112864;0.111470;1.346259;0.365839;0.353380;-0.606424;0.656324;-0.276787;cac30bdb-35e1-45ca-8340-45cec70e4348;0.125210;1.415725;0.383626;-0.958404;0.249857;0.057272;0.125513;0.119506;1.369155;0.331022;-0.902856;0.411163;0.024331;0.123305;0.121507;1.395218;0.354031;-0.927741;0.301525;0.016161;0.219359;0.124957;1.429494;0.406116;-0.958404;0.249857;0.057272;0.125513;1132;0.135681;1.328265;0.302142;-0.699979;0.134888;0.070790;0.697727
NA;31180;75;0.001609;1.633525;0.079757;0.973680;0.224964;0.027135;-0.024562;0.087154;1.382738;0.430692;-0.496636;-0.554543;0.531740;0.403841;0.136245;1.380972;0.393282;-0.720285;-0.170092;0.253669;0.622824;0.127697;1.358306;0.334513;-0.701982;0.133438;0.072308;0.695836;0.112793;1.383854;0.426327;-0.581601;-0.439362;0.472340;0.495577;0.063602;1.379582;0.427470;-0.496636;-0.554543;0.531740;0.403841;0.089821;1.358666;0.392152;0.258193;-0.723210;0.594433;-0.238648;0.141801;1.358458;0.399195;-0.615135;-0.348550;0.396071;0.585876;0.130342;1.341003;0.337075;-0.701982;0.133438;0.072308;0.695836;0.100619;1.360081;0.419577;-0.149625;-0.690612;0.698394;0.113632;0.106421;1.360545;0.371236;0.258193;-0.723210;0.594433;-0.238648;0.138865;1.342817;0.350480;-0.701982;0.133438;0.072308;0.695836;0.094139;1.328674;0.376400;0.383597;-0.537494;0.708392;-0.249266;0.129139;1.315305;0.393409;-0.435393;-0.420262;0.513711;0.608205;0.129472;1.314136;0.344529;-0.548076;0.003693;0.011847;0.836337;0.097599;1.323825;0.397323;0.013228;-0.649749;0.747473;0.137604;0.112483;1.330704;0.361823;0.383597;-0.537494;0.708392;-0.249266;2023/05/02 10:45:32.5346;0.091518;1.343281;0.382346;0.355046;-0.608018;0.654302;-0.275946;0.137356;1.336646;0.398366;-0.539469;-0.407294;0.441293;0.590208;0.132986;1.322550;0.342467;-0.701982;0.133438;0.072308;0.695836;0.097388;1.340049;0.410008;-0.037067;-0.676445;0.726890;0.112604;0.111332;1.345034;0.365426;0.355046;-0.608018;0.654302;-0.275946;cac30bdb-35e1-45ca-8340-45cec70e4348;0.124409;1.414339;0.383441;-0.959518;0.247023;0.060027;0.121247;0.119338;1.367918;0.330655;-0.903894;0.409785;0.027400;0.119588;0.121027;1.393944;0.353731;-0.929562;0.298711;0.018901;0.215244;0.123933;1.427996;0.405996;-0.959518;0.247023;0.060027;0.121247;1146;0.135930;1.327176;0.301764;-0.701982;0.133438;0.072308;0.695836
NA;31181;76;0.001617;1.633708;0.079829;0.974047;0.223395;0.027060;-0.024397;0.087536;1.381959;0.431405;-0.496303;-0.554025;0.530418;0.406690;0.136505;1.380243;0.393821;-0.719688;-0.170340;0.251472;0.624336;0.127971;1.357754;0.334975;-0.701669;0.132414;0.071458;0.696435;0.113161;1.383039;0.426949;-0.581055;-0.439123;0.470739;0.497947;0.063963;1.378867;0.428277;-0.496303;-0.554025;0.530418;0.406690;0.090070;1.358004;0.392593;0.259221;-0.722364;0.595177;-0.238241;0.142029;1.357707;0.399678;-0.614106;-0.349365;0.395691;0.586725;0.130582;1.340441;0.337494;-0.701669;0.132414;0.071458;0.696435;0.100834;1.359326;0.420035;-0.148121;-0.690439;0.698781;0.114275;0.106686;1.359918;0.371692;0.259221;-0.722364;0.595177;-0.238241;0.139093;1.342197;0.350921;-0.701669;0.132414;0.071458;0.696435;0.094339;1.328034;0.376781;0.384102;-0.536566;0.708886;-0.249086;0.129311;1.314586;0.393773;-0.434552;-0.420356;0.513479;0.608938;0.129664;1.313545;0.344890;-0.547511;0.002799;0.010867;0.836723;0.097782;1.323142;0.397698;0.014082;-0.649239;0.747809;0.138103;0.112695;1.330062;0.362219;0.384102;-0.536566;0.708886;-0.249086;2023/05/02 10:45:32.5494;0.091777;1.342628;0.382711;0.356057;-0.606964;0.654631;-0.276180;0.137555;1.335903;0.398789;-0.538373;-0.407925;0.441387;0.590703;0.133190;1.321959;0.342852;-0.701669;0.132414;0.071458;0.696435;0.097575;1.339337;0.410382;-0.035491;-0.676096;0.727314;0.112472;0.111626;1.344385;0.365834;0.356057;-0.606964;0.654631;-0.276180;cac30bdb-35e1-45ca-8340-45cec70e4348;0.125014;1.413725;0.383972;-0.959551;0.245938;0.058854;0.123744;0.119645;1.367398;0.331125;-0.904028;0.408942;0.025913;0.121772;0.121482;1.393367;0.354254;-0.929072;0.298624;0.017423;0.217591;0.124626;1.427324;0.406564;-0.959551;0.245938;0.058854;0.123744;1160;0.136158;1.326688;0.302163;-0.701669;0.132414;0.071458;0.696435
NA;31182;77;0.001617;1.633802;0.079888;0.974144;0.222981;0.027164;-0.024179;0.088114;1.382975;0.431066;-0.496227;-0.552030;0.533364;0.405642;0.137121;1.380834;0.393582;-0.718591;-0.168121;0.253957;0.625195;0.128490;1.358007;0.334881;-0.699599;0.134748;0.073452;0.697860;0.113754;1.383918;0.426669;-0.580557;-0.437130;0.473772;0.497406;0.064535;1.379970;0.427895;-0.496227;-0.552030;0.533364;0.405642;0.090603;1.358795;0.392373;0.256858;-0.721618;0.595844;-0.241373;0.142537;1.358309;0.399584;-0.613424;-0.347201;0.399049;0.586449;0.131021;1.340699;0.337511;-0.699599;0.134748;0.073452;0.697860;0.101304;1.360244;0.419834;-0.149153;-0.688536;0.700884;0.111505;0.107264;1.360499;0.371489;0.256858;-0.721618;0.595844;-0.241373;0.139539;1.342502;0.350926;-0.699599;0.134748;0.073452;0.697860;0.094728;1.328707;0.376813;0.381933;-0.536154;0.709113;-0.252638;0.129618;1.315212;0.393952;-0.434172;-0.418059;0.516970;0.607835;0.129976;1.313856;0.345077;-0.545535;0.004484;0.013597;0.837966;0.098125;1.323946;0.397767;0.012558;-0.647591;0.749813;0.135089;0.113104;1.330550;0.362251;0.381933;-0.536154;0.709113;-0.252638;2023/05/02 10:45:32.5666;0.092237;1.343353;0.382632;0.353622;-0.606543;0.654997;-0.279350;0.137961;1.336522;0.398834;-0.537965;-0.405599;0.444781;0.590130;0.133543;1.322241;0.342985;-0.699599;0.134748;0.073452;0.697860;0.097978;1.340220;0.410333;-0.036930;-0.674358;0.729289;0.109616;0.112104;1.344908;0.365756;0.353622;-0.606543;0.654997;-0.279350;cac30bdb-35e1-45ca-8340-45cec70e4348;0.125818;1.414250;0.383557;-0.958610;0.248529;0.058579;0.125970;0.120208;1.367664;0.330969;-0.902477;0.411752;0.025064;0.123966;0.122188;1.393761;0.353941;-0.927787;0.300966;0.017260;0.219847;0.125497;1.427965;0.406079;-0.958610;0.248529;0.058579;0.125970;1177;0.136541;1.326695;0.302268;-0.699599;0.134748;0.073452;0.697860
NA;31183;78;0.001631;1.633824;0.079839;0.974127;0.223080;0.027328;-0.023771;0.088206;1.383996;0.431276;-0.498120;-0.546781;0.533741;0.409912;0.137078;1.381357;0.393545;-0.716653;-0.165423;0.254520;0.627904;0.128432;1.358380;0.334897;-0.696829;0.135597;0.075040;0.700294;0.113819;1.384710;0.426682;-0.580858;-0.432401;0.474106;0.500856;0.064570;1.381188;0.428365;-0.498120;-0.546781;0.533741;0.409912;0.090418;1.359635;0.392259;0.255125;-0.719798;0.597700;-0.244042;0.142325;1.358819;0.399644;-0.611385;-0.345666;0.402332;0.587241;0.130825;1.341065;0.337598;-0.696829;0.135597;0.075040;0.700294;0.101039;1.361111;0.419750;-0.148894;-0.686029;0.703692;0.109602;0.107126;1.361140;0.371398;0.255125;-0.719798;0.597700;-0.244042;0.139318;1.342848;0.351040;-0.696829;0.135597;0.075040;0.700294;0.094434;1.329450;0.376770;0.381311;-0.534062;0.709558;-0.256724;0.129117;1.315791;0.394148;-0.431737;-0.416638;0.520965;0.607134;0.129568;1.314247;0.345279;-0.542588;0.004686;0.015744;0.839838;0.097669;1.324769;0.397768;0.013711;-0.645268;0.752478;0.131219;0.112883;1.331099;0.362278;0.381311;-0.534062;0.709558;-0.256724;2023/05/02 10:45:32.5804;0.092027;1.344129;0.382492;0.352669;-0.604502;0.655622;-0.283480;0.137598;1.337061;0.398966;-0.535741;-0.404274;0.448994;0.589872;0.133197;1.322599;0.343163;-0.696829;0.135597;0.075040;0.700294;0.097583;1.341092;0.410241;-0.036040;-0.672031;0.732015;0.105969;0.111980;1.345466;0.365698;0.352669;-0.604502;0.655622;-0.283480;cac30bdb-35e1-45ca-8340-45cec70e4348;0.126307;1.414871;0.383284;-0.957329;0.250898;0.058040;0.131161;0.120246;1.368091;0.330914;-0.900855;0.413838;0.023662;0.128993;0.122479;1.394269;0.353771;-0.925784;0.303362;0.016606;0.224990;0.126111;1.428688;0.405744;-0.957329;0.250898;0.058040;0.131161;1192;0.136311;1.326877;0.302436;-0.696829;0.135597;0.075040;0.700294
NA;31184;79;0.001696;1.633646;0.079684;0.973954;0.223776;0.027667;-0.023917;0.087822;1.384000;0.431610;-0.496073;-0.547649;0.533800;0.411158;0.136773;1.381429;0.393968;-0.715369;-0.167476;0.254118;0.628986;0.128314;1.358685;0.335196;-0.696335;0.133153;0.074925;0.701267;0.113445;1.384682;0.427066;-0.578953;-0.433661;0.473982;0.502089;0.064185;1.381254;0.428648;-0.496073;-0.547649;0.533800;0.411158;0.090099;1.359790;0.392397;0.257583;-0.718279;0.598198;-0.244715;0.141959;1.358860;0.400005;-0.609380;-0.347742;0.402808;0.587774;0.130660;1.341356;0.337844;-0.696335;0.133153;0.074925;0.701267;0.100592;1.361145;0.419943;-0.145836;-0.685992;0.704395;0.109430;0.106901;1.361346;0.371616;0.257583;-0.718279;0.598198;-0.244715;0.139100;1.343069;0.351334;-0.696335;0.133153;0.074925;0.701267;0.094091;1.329644;0.376852;0.382863;-0.532576;0.709830;-0.256748;0.128699;1.315876;0.394307;-0.429743;-0.417815;0.521210;0.607530;0.129323;1.314505;0.345435;-0.541847;0.002217;0.015213;0.840337;0.097254;1.324898;0.397846;0.015888;-0.644812;0.752813;0.131294;0.112583;1.331305;0.362416;0.382863;-0.532576;0.709830;-0.256748;2023/05/02 10:45:32.5992;0.091705;1.344317;0.382612;0.354627;-0.602835;0.656014;-0.283683;0.137198;1.337113;0.399232;-0.533694;-0.405919;0.449310;0.590357;0.132973;1.322858;0.343363;-0.696335;0.133153;0.074925;0.701267;0.097148;1.341174;0.410372;-0.033373;-0.671665;0.732476;0.105976;0.111718;1.345679;0.365893;0.354627;-0.602835;0.656014;-0.283683;cac30bdb-35e1-45ca-8340-45cec70e4348;0.126248;1.415075;0.383705;-0.957114;0.250333;0.058778;0.133463;0.120173;1.368433;0.331207;-0.901176;0.412352;0.024263;0.131378;0.122423;1.394536;0.354148;-0.925554;0.302325;0.017164;0.227278;0.126045;1.428870;0.406180;-0.957114;0.250333;0.058778;0.133463;1210;0.136242;1.327277;0.302662;-0.696335;0.133153;0.074925;0.701267
NA;31185;80;0.001744;1.633569;0.079510;0.973740;0.224536;0.028442;-0.024611;0.087101;1.383978;0.432215;-0.492360;-0.549252;0.533833;0.413432;0.136187;1.381537;0.394725;-0.713073;-0.171164;0.253263;0.630941;0.128078;1.359215;0.335729;-0.695457;0.128725;0.074756;0.702980;0.112740;1.384604;0.427757;-0.575543;-0.435930;0.473641;0.504361;0.063462;1.381342;0.429165;-0.492360;-0.549252;0.533833;0.413432;0.089499;1.360049;0.392641;0.262148;-0.715502;0.599014;-0.246004;0.141266;1.358914;0.400651;-0.605763;-0.351512;0.403618;0.588714;0.130339;1.341862;0.338283;-0.695457;0.128725;0.074756;0.702980;0.099753;1.361184;0.420286;-0.140228;-0.685953;0.705627;0.109062;0.106476;1.361696;0.372010;0.262148;-0.715502;0.599014;-0.246004;0.138680;1.343444;0.351861;-0.695457;0.128725;0.074756;0.702980;0.093429;1.329967;0.377011;0.385369;-0.530070;0.710384;-0.256655;0.127915;1.316007;0.394589;-0.426366;-0.419746;0.521584;0.608257;0.128856;1.314949;0.345715;-0.540538;-0.002259;0.014288;0.841195;0.096479;1.325108;0.397996;0.019448;-0.643989;0.753381;0.131599;0.111988;1.331648;0.362663;0.385369;-0.530070;0.710384;-0.256655;2023/05/02 10:45:32.6149;0.091085;1.344633;0.382848;0.358072;-0.599881;0.656763;-0.283882;0.136445;1.337187;0.399707;-0.530100;-0.408795;0.449702;0.591312;0.132545;1.323304;0.343720;-0.695457;0.128725;0.074756;0.702980;0.096338;1.341298;0.410621;-0.028704;-0.671004;0.733250;0.106179;0.111200;1.346042;0.366255;0.358072;-0.599881;0.656763;-0.283882;cac30bdb-35e1-45ca-8340-45cec70e4348;0.126147;1.415463;0.384418;-0.956462;0.250151;0.059976;0.137871;0.120025;1.369030;0.331725;-0.901623;0.409830;0.025357;0.135913;0.122312;1.395006;0.354807;-0.924871;0.301021;0.018123;0.231673;0.125951;1.429255;0.406895;-0.956462;0.250151;0.059976;0.137871;1226;0.136094;1.327974;0.303071;-0.695457;0.128725;0.074756;0.702980
NA;31186;81;0.001774;1.633565;0.079445;0.973811;0.224176;0.028717;-0.024745;0.086799;1.383966;0.432481;-0.490805;-0.549905;0.533766;0.414499;0.135935;1.381583;0.395045;-0.712103;-0.172704;0.252787;0.631808;0.127979;1.359440;0.335953;-0.695082;0.126846;0.074686;0.703700;0.112444;1.384567;0.428053;-0.574117;-0.436857;0.473396;0.505414;0.063159;1.381377;0.429399;-0.490805;-0.549905;0.533766;0.414499;0.089246;1.360159;0.392740;0.264142;-0.714297;0.599336;-0.246589;0.140969;1.358937;0.400923;-0.604208;-0.353136;0.403959;0.589105;0.130203;1.342079;0.338466;-0.695082;0.126846;0.074686;0.703700;0.099395;1.361200;0.420428;-0.137780;-0.685944;0.706148;0.108865;0.106300;1.361847;0.372176;0.264142;-0.714297;0.599336;-0.246589;0.138500;1.343603;0.352084;-0.695082;0.126846;0.074686;0.703700;0.093141;1.330102;0.377082;0.386301;-0.529074;0.710648;-0.256578;0.127581;1.316064;0.394708;-0.425009;-0.420480;0.521743;0.608562;0.128657;1.315138;0.345833;-0.539982;-0.004158;0.013897;0.841552;0.096149;1.325199;0.398062;0.020813;-0.643629;0.753621;0.131770;0.111724;1.331790;0.362766;0.386301;-0.529074;0.710648;-0.256578;2023/05/02 10:45:32.6251;0.090818;1.344769;0.382952;0.359496;-0.598642;0.657100;-0.283919;0.136123;1.337219;0.399906;-0.528597;-0.409983;0.449826;0.591740;0.132362;1.323493;0.343871;-0.695082;0.126846;0.074686;0.703700;0.095994;1.341351;0.410730;-0.026758;-0.670715;0.733569;0.106310;0.110975;1.346198;0.366411;0.359496;-0.598642;0.657100;-0.283919;cac30bdb-35e1-45ca-8340-45cec70e4348;0.126130;1.415647;0.384702;-0.956069;0.250425;0.060377;0.139910;0.119967;1.369286;0.331941;-0.901749;0.408833;0.025765;0.137987;0.122278;1.395211;0.355078;-0.924451;0.300716;0.018455;0.233707;0.125948;1.429453;0.407170;-0.956069;0.250425;0.060377;0.139910;1236;0.136030;1.328269;0.303245;-0.695082;0.126846;0.074686;0.703700
NA;31187;82;0.001793;1.633638;0.079458;0.974006;0.223353;0.028910;-0.024279;0.087378;1.385209;0.431824;-0.494115;-0.546424;0.534217;0.414588;0.136459;1.382499;0.394290;-0.712490;-0.169705;0.254735;0.631402;0.128333;1.359917;0.335391;-0.694217;0.130335;0.076465;0.703725;0.113008;1.385743;0.427302;-0.576166;-0.433573;0.474489;0.504883;0.063716;1.382635;0.428905;-0.494115;-0.546424;0.534217;0.414588;0.089732;1.361127;0.392277;0.260621;-0.715155;0.599317;-0.247891;0.141478;1.359892;0.400328;-0.605593;-0.349929;0.405459;0.588566;0.130542;1.342572;0.338030;-0.694217;0.130335;0.076465;0.703725;0.099959;1.362349;0.419929;-0.141109;-0.684817;0.706805;0.107425;0.106731;1.362646;0.371654;0.260621;-0.715155;0.599317;-0.247891;0.138875;1.344192;0.351612;-0.694217;0.130335;0.076465;0.703725;0.093554;1.330953;0.376792;0.383607;-0.530204;0.710454;-0.258813;0.128019;1.316991;0.394468;-0.426428;-0.418219;0.523901;0.607272;0.128981;1.315693;0.345599;-0.539453;-0.001137;0.016463;0.841854;0.096604;1.326191;0.397799;0.017808;-0.643095;0.754482;0.129876;0.112112;1.332517;0.362430;0.383607;-0.530204;0.710454;-0.258813;2023/05/02 10:45:32.6383;0.091277;1.345656;0.382535;0.356595;-0.599755;0.656690;-0.286170;0.136601;1.338173;0.399487;-0.530019;-0.407330;0.451975;0.590662;0.132693;1.324029;0.343566;-0.694217;0.130335;0.076465;0.703725;0.096491;1.342439;0.410330;-0.029749;-0.670050;0.734378;0.104101;0.111411;1.346935;0.365955;0.356595;-0.599755;0.656690;-0.286170;cac30bdb-35e1-45ca-8340-45cec70e4348;0.126781;1.416425;0.383764;-0.955295;0.253414;0.058918;0.140439;0.120318;1.369740;0.331327;-0.900258;0.412109;0.024086;0.138283;0.122777;1.395811;0.354282;-0.923250;0.304051;0.017230;0.234235;0.126704;1.430357;0.406154;-0.955295;0.253414;0.058918;0.140439;1250;0.136273;1.328492;0.302897;-0.694217;0.130335;0.076465;0.703725
NA;31188;83;0.001808;1.633687;0.079532;0.974200;0.222516;0.029113;-0.023954;0.087743;1.384815;0.431895;-0.495286;-0.547865;0.532270;0.413792;0.136705;1.382393;0.394219;-0.714528;-0.169464;0.252723;0.629970;0.128451;1.359808;0.335338;-0.696209;0.131381;0.075132;0.701704;0.113360;1.385490;0.427320;-0.577814;-0.434575;0.472528;0.503976;0.064092;1.382116;0.428999;-0.495286;-0.547865;0.532270;0.413792;0.090045;1.360789;0.392395;0.259759;-0.717255;0.598469;-0.244757;0.141864;1.359808;0.400221;-0.607727;-0.350086;0.403023;0.587946;0.130759;1.342472;0.337957;-0.696209;0.131381;0.075132;0.701704;0.100413;1.362033;0.419993;-0.142886;-0.686380;0.704646;0.109274;0.106911;1.362413;0.371670;0.259759;-0.717255;0.598469;-0.244757;0.139139;1.344125;0.351507;-0.696209;0.131381;0.075132;0.701704;0.093971;1.330649;0.376923;0.382846;-0.532407;0.710223;-0.256039;0.128600;1.316842;0.394390;-0.429155;-0.418214;0.521203;0.607677;0.129366;1.315580;0.345517;-0.541631;0.000399;0.015073;0.840481;0.097156;1.325874;0.397907;0.015923;-0.644691;0.752768;0.132139;0.112449;1.332326;0.362471;0.382846;-0.532407;0.710223;-0.256039;2023/05/02 10:45:32.6550;0.091641;1.345331;0.382642;0.355825;-0.602068;0.656215;-0.283346;0.137095;1.338065;0.399387;-0.532348;-0.407400;0.449554;0.590366;0.133026;1.323936;0.343474;-0.696209;0.131381;0.075132;0.701704;0.097011;1.342118;0.410407;-0.031579;-0.671689;0.732530;0.106009;0.111679;1.346729;0.365955;0.355825;-0.602068;0.656215;-0.283346;cac30bdb-35e1-45ca-8340-45cec70e4348;0.126821;1.416308;0.383728;-0.955597;0.254222;0.057394;0.137524;0.120371;1.369592;0.331313;-0.900755;0.412103;0.023294;0.135162;0.122789;1.395665;0.354271;-0.923805;0.304675;0.015996;0.231306;0.126781;1.430269;0.406101;-0.955597;0.254222;0.057394;0.137524;1266;0.136415;1.328443;0.302793;-0.696209;0.131381;0.075132;0.701704
NA;31189;84;0.001829;1.633651;0.079553;0.974137;0.222763;0.029424;-0.023848;0.087346;1.385188;0.430650;-0.498348;-0.549628;0.529907;0.410802;0.136354;1.383155;0.393009;-0.717843;-0.169959;0.252950;0.625965;0.128161;1.360283;0.334231;-0.699402;0.133183;0.076088;0.698076;0.112958;1.386108;0.426087;-0.580807;-0.436295;0.471180;0.500299;0.063721;1.382244;0.427782;-0.498348;-0.549628;0.529907;0.410802;0.089883;1.361117;0.391479;0.258542;-0.720958;0.595324;-0.242829;0.141743;1.360642;0.399078;-0.611868;-0.349776;0.400888;0.585289;0.130641;1.342979;0.336905;-0.699402;0.133183;0.076088;0.698076;0.100362;1.362538;0.419027;-0.145966;-0.689210;0.701269;0.109113;0.106641;1.362837;0.370676;0.258542;-0.720958;0.595324;-0.242829;0.139041;1.344760;0.350426;-0.699402;0.133183;0.076088;0.698076;0.094061;1.330976;0.376068;0.382648;-0.536443;0.708019;-0.254005;0.128874;1.317532;0.393434;-0.433306;-0.419350;0.518847;0.605962;0.129523;1.316102;0.344564;-0.545641;0.002397;0.015857;0.837866;0.097356;1.326264;0.397049;0.013649;-0.648105;0.749786;0.132643;0.112481;1.332807;0.361561;0.382648;-0.536443;0.708019;-0.254005;2023/05/02 10:45:32.6708;0.091598;1.345652;0.381775;0.355355;-0.606031;0.653718;-0.281250;0.137179;1.338852;0.398333;-0.536558;-0.407676;0.446999;0.588301;0.133099;1.324485;0.342481;-0.699402;0.133183;0.076088;0.698076;0.097109;1.342546;0.409526;-0.034217;-0.674902;0.729386;0.106455;0.111562;1.347204;0.365013;0.355355;-0.606031;0.653718;-0.281250;cac30bdb-35e1-45ca-8340-45cec70e4348;0.126186;1.416881;0.382461;-0.955860;0.255743;0.057179;0.132889;0.119978;1.369976;0.330192;-0.900694;0.413677;0.023748;0.130606;0.122251;1.396142;0.353058;-0.924516;0.305895;0.016240;0.226793;0.126097;1.430915;0.404788;-0.955860;0.255743;0.057179;0.132889;1282;0.136338;1.328879;0.301775;-0.699402;0.133183;0.076088;0.698076
NA;31190;85;0.001827;1.633476;0.079519;0.973973;0.223543;0.029213;-0.023500;0.088385;1.385401;0.431001;-0.500117;-0.548797;0.528218;0.411937;0.137252;1.383435;0.393153;-0.718773;-0.168971;0.251526;0.625739;0.128736;1.360499;0.334454;-0.699968;0.135315;0.074459;0.697273;0.113973;1.386355;0.426316;-0.582300;-0.435374;0.469523;0.500923;0.064748;1.382426;0.428264;-0.500117;-0.548797;0.528218;0.411937;0.090792;1.361343;0.391900;0.256802;-0.722054;0.595573;-0.240798;0.142700;1.360932;0.399206;-0.613418;-0.348201;0.399139;0.585801;0.131263;1.343201;0.337125;-0.699968;0.135315;0.074459;0.697273;0.101429;1.362791;0.419385;-0.148249;-0.689249;0.700482;0.110833;0.107430;1.363071;0.371000;0.256802;-0.722054;0.595573;-0.240798;0.139746;1.345014;0.350581;-0.699968;0.135315;0.074459;0.697273;0.094913;1.331209;0.376522;0.380744;-0.537563;0.708877;-0.252097;0.129849;1.317803;0.393663;-0.435265;-0.417811;0.517114;0.607100;0.130229;1.316341;0.344791;-0.546166;0.004900;0.014628;0.837535;0.098345;1.326495;0.397482;0.011319;-0.648146;0.749408;0.134783;0.113244;1.333065;0.361906;0.380744;-0.537563;0.708877;-0.252097;2023/05/02 10:45:32.6880;0.092467;1.345880;0.382240;0.353459;-0.607284;0.654433;-0.279269;0.138157;1.339136;0.398501;-0.538387;-0.405964;0.445056;0.589286;0.133784;1.324726;0.342683;-0.699968;0.135315;0.074459;0.697273;0.098157;1.342786;0.409956;-0.036651;-0.674971;0.728901;0.108511;0.112326;1.347451;0.365356;0.353459;-0.607284;0.654433;-0.279269;cac30bdb-35e1-45ca-8340-45cec70e4348;0.126870;1.417039;0.382749;-0.956511;0.254988;0.054765;0.130650;0.120497;1.370167;0.330472;-0.901118;0.413697;0.021595;0.127965;0.122829;1.396324;0.353344;-0.925115;0.305952;0.013869;0.224418;0.126861;1.431023;0.405107;-0.956511;0.254988;0.054765;0.130650;1299;0.136792;1.329096;0.301957;-0.699968;0.135315;0.074459;0.697273
NA;31191;86;0.001785;1.633278;0.079403;0.973727;0.224461;0.029641;-0.024383;0.089017;1.384673;0.431535;-0.503342;-0.544776;0.524900;0.417549;0.137571;1.382621;0.393179;-0.718708;-0.166914;0.248573;0.627543;0.128601;1.359810;0.334501;-0.699431;0.137115;0.071334;0.697788;0.114546;1.385548;0.426519;-0.584203;-0.431730;0.466119;0.505025;0.065329;1.381785;0.429178;-0.503342;-0.544776;0.524900;0.417549;0.090984;1.360651;0.392242;0.253933;-0.722248;0.598043;-0.237110;0.143001;1.360093;0.399157;-0.613817;-0.346040;0.397002;0.588111;0.131103;1.342500;0.337125;-0.699431;0.137115;0.071334;0.697788;0.101879;1.362031;0.419631;-0.150845;-0.687879;0.700647;0.114727;0.107415;1.362361;0.371178;0.253933;-0.722248;0.598043;-0.237110;0.139682;1.344269;0.350525;-0.699431;0.137115;0.071334;0.697788;0.094948;1.330548;0.376859;0.378230;-0.537126;0.711531;-0.249321;0.130002;1.317008;0.393623;-0.436381;-0.414948;0.514557;0.610426;0.130053;1.315631;0.344747;-0.545133;0.007227;0.012059;0.838232;0.098556;1.325762;0.397773;0.009091;-0.646592;0.750044;0.138815;0.113161;1.332398;0.362096;0.378230;-0.537126;0.711531;-0.249321;2023/05/02 10:45:32.7053;0.092593;1.345198;0.382547;0.351026;-0.607245;0.656800;-0.276854;0.138397;1.338310;0.398444;-0.539023;-0.403532;0.443045;0.591885;0.133614;1.324011;0.342630;-0.699431;0.137115;0.071334;0.697788;0.098496;1.342046;0.410212;-0.038885;-0.673628;0.729527;0.111818;0.112325;1.346744;0.365512;0.351026;-0.607245;0.656800;-0.276854;cac30bdb-35e1-45ca-8340-45cec70e4348;0.127138;1.416325;0.382874;-0.956647;0.255213;0.051341;0.130602;0.120356;1.369504;0.330595;-0.901456;0.413315;0.018474;0.127302;0.122861;1.395617;0.353498;-0.924966;0.306724;0.010466;0.224162;0.127299;1.430298;0.405239;-0.956647;0.255213;0.051341;0.130602;1316;0.136362;1.328446;0.301893;-0.699431;0.137115;0.071334;0.697788
NA;31192;87;0.001732;1.633195;0.079344;0.973700;0.224550;0.029695;-0.024585;0.089314;1.384333;0.431808;-0.505111;-0.542619;0.523103;0.420465;0.137707;1.382239;0.393191;-0.718695;-0.165873;0.247110;0.628411;0.128530;1.359491;0.334521;-0.699186;0.137916;0.069870;0.698023;0.114809;1.385170;0.426618;-0.585249;-0.429795;0.464317;0.507119;0.065601;1.381488;0.429655;-0.505111;-0.542619;0.523103;0.420465;0.091056;1.360325;0.392403;0.252505;-0.722366;0.599226;-0.235282;0.143129;1.359699;0.399132;-0.614003;-0.345038;0.396000;0.589180;0.131019;1.342175;0.337122;-0.699186;0.137916;0.069870;0.698023;0.102076;1.361673;0.419743;-0.152121;-0.687227;0.700700;0.116612;0.107384;1.362027;0.371258;0.252505;-0.722366;0.599226;-0.235282;0.139642;1.343923;0.350497;-0.699186;0.137916;0.069870;0.698023;0.094951;1.330237;0.377021;0.377037;-0.536923;0.712793;-0.247960;0.130062;1.316634;0.393601;-0.436942;-0.413574;0.513275;0.612035;0.129961;1.315301;0.344723;-0.544656;0.008277;0.010847;0.838548;0.098645;1.325415;0.397911;0.008021;-0.645860;0.750321;0.140780;0.113107;1.332086;0.362188;0.377037;-0.536923;0.712793;-0.247960;2023/05/02 10:45:32.7210;0.092640;1.344876;0.382688;0.349882;-0.607236;0.657896;-0.275717;0.138497;1.337922;0.398414;-0.539323;-0.402399;0.442105;0.593084;0.133526;1.323679;0.342603;-0.699186;0.137916;0.069870;0.698023;0.098642;1.341697;0.410328;-0.039941;-0.673004;0.729807;0.113366;0.112311;1.346411;0.365582;0.349882;-0.607236;0.657896;-0.275717;cac30bdb-35e1-45ca-8340-45cec70e4348;0.127253;1.416007;0.382920;-0.956654;0.255489;0.049781;0.130617;0.120285;1.369198;0.330649;-0.901591;0.413163;0.017092;0.127037;0.122867;1.395293;0.353564;-0.924831;0.307234;0.008931;0.224087;0.127495;1.429982;0.405282;-0.956654;0.255489;0.049781;0.130617;1332;0.136154;1.328146;0.301861;-0.699186;0.137916;0.069870;0.698023
NA;31193;88;0.001666;1.633162;0.079303;0.973787;0.224208;0.029709;-0.024228;0.089573;1.385836;0.431485;-0.506633;-0.543958;0.524626;0.414970;0.138085;1.383755;0.393091;-0.720949;-0.164591;0.249808;0.625090;0.128799;1.360517;0.334641;-0.700548;0.141468;0.071581;0.695769;0.115093;1.386801;0.426443;-0.587074;-0.430668;0.466564;0.502183;0.065895;1.382819;0.429186;-0.506633;-0.543958;0.524626;0.414970;0.091522;1.361600;0.392580;0.249456;-0.725180;0.597024;-0.235477;0.143640;1.361287;0.399177;-0.617194;-0.343169;0.396467;0.586618;0.131398;1.343234;0.337358;-0.700548;0.141468;0.071581;0.695769;0.102627;1.363197;0.419872;-0.156023;-0.688253;0.699114;0.114907;0.107766;1.363233;0.371365;0.249456;-0.725180;0.597024;-0.235477;0.140069;1.345138;0.350670;-0.700548;0.141468;0.071581;0.695769;0.095500;1.331438;0.377494;0.374472;-0.540401;0.711442;-0.248168;0.130772;1.318117;0.394004;-0.440894;-0.412205;0.513213;0.610174;0.130513;1.316427;0.345138;-0.546747;0.011653;0.013006;0.837116;0.099329;1.326765;0.398393;0.003695;-0.647481;0.749066;0.140195;0.113586;1.333284;0.362574;0.374472;-0.540401;0.711442;-0.248168;2023/05/02 10:45:32.7353;0.093138;1.346101;0.383057;0.347038;-0.610689;0.656221;-0.275677;0.139116;1.339482;0.398634;-0.543083;-0.400447;0.441984;0.591061;0.134029;1.324807;0.342945;-0.700548;0.141468;0.071581;0.695769;0.099292;1.343138;0.410687;-0.044285;-0.674432;0.728375;0.112473;0.112724;1.347620;0.365851;0.347038;-0.610689;0.656221;-0.275677;cac30bdb-35e1-45ca-8340-45cec70e4348;0.127290;1.417264;0.382749;-0.956503;0.258251;0.049199;0.126447;0.120466;1.370139;0.330748;-0.900927;0.415857;0.017121;0.122883;0.122951;1.396380;0.353507;-0.924950;0.309785;0.008892;0.220050;0.127517;1.431366;0.405032;-0.956503;0.258251;0.049199;0.126447;1346;0.136498;1.328989;0.302163;-0.700548;0.141468;0.071581;0.695769
NA;31194;89;0.001583;1.633217;0.079296;0.973770;0.224360;0.029435;-0.023826;0.089348;1.386066;0.430790;-0.508390;-0.542505;0.524566;0.414800;0.137876;1.383878;0.392372;-0.721301;-0.163715;0.251050;0.624417;0.128734;1.360494;0.333953;-0.700563;0.141635;0.073194;0.695553;0.114858;1.387020;0.425697;-0.588311;-0.429251;0.466818;0.501712;0.065663;1.383037;0.428571;-0.508390;-0.542505;0.524566;0.414800;0.091315;1.361677;0.391765;0.249091;-0.725547;0.596107;-0.237047;0.143437;1.361430;0.398525;-0.617316;-0.343393;0.398208;0.585178;0.131335;1.343219;0.336719;-0.700563;0.141635;0.073194;0.695553;0.102353;1.363364;0.419079;-0.156266;-0.688451;0.699180;0.112976;0.107603;1.363259;0.370580;0.249091;-0.725547;0.596107;-0.237047;0.139973;1.345157;0.350052;-0.700563;0.141635;0.073194;0.695553;0.095349;1.331495;0.376869;0.374606;-0.540801;0.710661;-0.249332;0.130611;1.318237;0.393435;-0.441360;-0.412214;0.513832;0.609309;0.130450;1.316424;0.344573;-0.547036;0.011511;0.014596;0.836903;0.099158;1.326868;0.397782;0.003395;-0.647856;0.748956;0.139051;0.113461;1.333319;0.361978;0.374606;-0.540801;0.710661;-0.249332;2023/05/02 10:45:32.7486;0.092982;1.346158;0.382314;0.347084;-0.611100;0.655134;-0.277291;0.138930;1.339620;0.398027;-0.543331;-0.400578;0.443400;0.589682;0.133964;1.324802;0.342366;-0.700563;0.141635;0.073194;0.695553;0.099072;1.343281;0.409968;-0.044444;-0.674787;0.728327;0.110579;0.112611;1.347641;0.365154;0.347084;-0.611100;0.655134;-0.277291;cac30bdb-35e1-45ca-8340-45cec70e4348;0.127118;1.417415;0.381862;-0.956003;0.259733;0.050504;0.126674;0.120412;1.370106;0.330011;-0.900227;0.417186;0.018409;0.123327;0.122841;1.396421;0.352690;-0.924343;0.311300;0.010309;0.220402;0.127294;1.431594;0.404097;-0.956003;0.259733;0.050504;0.126674;1360;0.136509;1.328884;0.301579;-0.700563;0.141635;0.073194;0.695553
NA;31195;90;0.001471;1.633276;0.079286;0.973878;0.224036;0.028814;-0.023238;0.089156;1.386283;0.430181;-0.510191;-0.540979;0.524370;0.414830;0.137687;1.383992;0.391720;-0.721654;-0.162799;0.252109;0.623822;0.128673;1.360476;0.333330;-0.700586;0.141805;0.074631;0.695343;0.114654;1.387225;0.425026;-0.589579;-0.427764;0.466912;0.501406;0.065464;1.383245;0.428052;-0.510191;-0.540979;0.524370;0.414830;0.091127;1.361746;0.391022;0.248728;-0.725900;0.595263;-0.238467;0.143253;1.361562;0.397934;-0.617424;-0.343617;0.399825;0.583828;0.131276;1.343210;0.336139;-0.700586;0.141805;0.074631;0.695343;0.102105;1.363518;0.418355;-0.156511;-0.688635;0.699228;0.111206;0.107453;1.363281;0.369863;0.248728;-0.725900;0.595263;-0.238467;0.139884;1.345177;0.349492;-0.700586;0.141805;0.074631;0.695343;0.095210;1.331548;0.376310;0.374705;-0.541169;0.709968;-0.250356;0.130466;1.318349;0.392919;-0.441835;-0.412176;0.514327;0.608573;0.130390;1.316426;0.344062;-0.547306;0.011406;0.016015;0.836702;0.099004;1.326963;0.397235;0.003073;-0.648193;0.748846;0.138081;0.113345;1.333353;0.361444;0.374705;-0.541169;0.709968;-0.250356;2023/05/02 10:45:32.7633;0.092842;1.346210;0.381639;0.347117;-0.611486;0.654127;-0.278772;0.138762;1.339748;0.397478;-0.543568;-0.400693;0.444700;0.588406;0.133902;1.324800;0.341841;-0.700586;0.141805;0.074631;0.695343;0.098874;1.343412;0.409314;-0.044610;-0.675114;0.728276;0.108840;0.112509;1.347660;0.364522;0.347117;-0.611486;0.654127;-0.278772;cac30bdb-35e1-45ca-8340-45cec70e4348;0.126969;1.417566;0.381047;-0.955516;0.261167;0.051673;0.126934;0.120363;1.370080;0.329342;-0.899555;0.418446;0.019564;0.123781;0.122745;1.396465;0.351944;-0.923740;0.312775;0.011583;0.220777;0.127102;1.431816;0.403236;-0.955516;0.261167;0.051673;0.126934;1374;0.136515;1.328792;0.301049;-0.700586;0.141805;0.074631;0.695343
NA;31196;91;0.001372;1.633301;0.079284;0.973960;0.223759;0.028454;-0.022892;0.088752;1.385663;0.430673;-0.509416;-0.543972;0.523079;0.413496;0.137401;1.383761;0.392353;-0.722635;-0.165559;0.251561;0.622178;0.128510;1.360418;0.333878;-0.702471;0.140194;0.073780;0.693856;0.114263;1.386757;0.425608;-0.589339;-0.430887;0.465891;0.499962;0.065084;1.382509;0.428452;-0.509416;-0.543972;0.523079;0.413496;0.090958;1.361296;0.391565;0.250784;-0.726789;0.593839;-0.237150;0.143070;1.361334;0.398485;-0.618196;-0.345622;0.398042;0.583045;0.131196;1.343153;0.336624;-0.702471;0.140194;0.073780;0.693856;0.101912;1.363027;0.418909;-0.155405;-0.690583;0.697452;0.111830;0.107293;1.362982;0.370425;0.250784;-0.726789;0.593839;-0.237150;0.139794;1.345115;0.349980;-0.702471;0.140194;0.073780;0.693856;0.095164;1.331183;0.376743;0.376455;-0.542044;0.709182;-0.248056;0.130489;1.318081;0.393304;-0.442369;-0.414362;0.512148;0.608538;0.130438;1.316340;0.344439;-0.549290;0.010197;0.014566;0.835443;0.098986;1.326528;0.397648;0.004004;-0.649960;0.747002;0.139732;0.113292;1.333133;0.361887;0.376455;-0.542044;0.709182;-0.248056;2023/05/02 10:45:32.7770;0.092736;1.345809;0.382145;0.349048;-0.612289;0.653203;-0.276756;0.138682;1.339501;0.397945;-0.544221;-0.402720;0.442504;0.588073;0.133911;1.324739;0.342251;-0.702471;0.140194;0.073780;0.693856;0.098781;1.342931;0.409808;-0.043533;-0.676901;0.726480;0.110171;0.112401;1.347419;0.365038;0.349048;-0.612289;0.653203;-0.276756;cac30bdb-35e1-45ca-8340-45cec70e4348;0.126561;1.417263;0.381855;-0.956517;0.258464;0.051835;0.124841;0.120148;1.369993;0.329930;-0.900781;0.416390;0.020005;0.121706;0.122422;1.396285;0.352651;-0.925002;0.310539;0.011597;0.218641;0.126633;1.431394;0.404121;-0.956517;0.258464;0.051835;0.124841;1388;0.136519;1.328897;0.301476;-0.702471;0.140194;0.073780;0.693856
NA;31197;92;0.001168;1.633290;0.079269;0.974023;0.223613;0.027590;-0.022688;0.088692;1.385000;0.429944;-0.507833;-0.546238;0.522582;0.413085;0.137474;1.383350;0.391784;-0.722502;-0.168308;0.251368;0.621673;0.128621;1.360226;0.333214;-0.703223;0.138758;0.072526;0.693515;0.114218;1.386166;0.424972;-0.588173;-0.433401;0.465470;0.499554;0.065038;1.381807;0.427629;-0.507833;-0.546238;0.522582;0.413085;0.091076;1.360821;0.390855;0.252875;-0.726550;0.593589;-0.236287;0.143174;1.360906;0.397828;-0.617734;-0.347434;0.396905;0.583232;0.131329;1.342955;0.335892;-0.703223;0.138758;0.072526;0.693515;0.101994;1.362457;0.418220;-0.153667;-0.691478;0.696809;0.112701;0.107440;1.362617;0.369746;0.252875;-0.726550;0.593589;-0.236287;0.139922;1.344874;0.349260;-0.703223;0.138758;0.072526;0.693515;0.095289;1.330789;0.376025;0.377507;-0.541816;0.709664;-0.245559;0.130653;1.317656;0.392477;-0.442081;-0.415492;0.510038;0.609748;0.130605;1.316108;0.343606;-0.549886;0.009101;0.012943;0.835090;0.099142;1.326035;0.396901;0.005100;-0.650419;0.746167;0.142000;0.113392;1.332844;0.361153;0.377507;-0.541816;0.709664;-0.245559;2023/05/02 10:45:32.7994;0.092847;1.345384;0.381432;0.350402;-0.612060;0.653473;-0.274909;0.138816;1.339070;0.397203;-0.543745;-0.404210;0.440957;0.588654;0.134067;1.324520;0.341451;-0.703223;0.138758;0.072526;0.693515;0.098910;1.342393;0.409079;-0.042310;-0.677477;0.725750;0.111899;0.112500;1.347096;0.364322;0.350402;-0.612060;0.653473;-0.274909;cac30bdb-35e1-45ca-8340-45cec70e4348;0.126714;1.416897;0.381386;-0.956910;0.257093;0.051149;0.124946;0.120251;1.369808;0.329299;-0.901593;0.414665;0.019467;0.121671;0.122542;1.396011;0.352121;-0.925453;0.309210;0.010780;0.218656;0.126812;1.430960;0.403695;-0.956910;0.257093;0.051149;0.124946;1411;0.136670;1.328841;0.300692;-0.703223;0.138758;0.072526;0.693515
NA;31198;93;0.000983;1.633233;0.079195;0.973968;0.223936;0.026941;-0.022646;0.088699;1.386565;0.429483;-0.508409;-0.543147;0.526835;0.411044;0.137595;1.384295;0.391507;-0.721213;-0.165235;0.255910;0.622141;0.128777;1.360676;0.333126;-0.700568;0.141345;0.076325;0.695270;0.114248;1.387549;0.424591;-0.588045;-0.430282;0.470009;0.498150;0.065037;1.383476;0.427116;-0.508409;-0.543147;0.526835;0.411044;0.091100;1.362008;0.390612;0.250036;-0.725650;0.593931;-0.241166;0.143156;1.361879;0.397777;-0.617058;-0.344531;0.401639;0.582429;0.131378;1.343416;0.335974;-0.700568;0.141345;0.076325;0.695270;0.101914;1.363840;0.418006;-0.155117;-0.689125;0.699491;0.108436;0.107557;1.363520;0.369552;0.250036;-0.725650;0.593931;-0.241166;0.139943;1.345408;0.349353;-0.700568;0.141345;0.076325;0.695270;0.095177;1.331823;0.376097;0.375415;-0.541264;0.709404;-0.250684;0.130412;1.318650;0.392798;-0.441418;-0.413106;0.514815;0.607831;0.130483;1.316642;0.343944;-0.547533;0.010621;0.017561;0.836532;0.098933;1.327242;0.397030;0.003746;-0.648626;0.748596;0.137385;0.113336;1.333642;0.361263;0.375415;-0.541264;0.709404;-0.250684;2023/05/02 10:45:32.8162;0.092809;1.346476;0.381337;0.347846;-0.611476;0.653246;-0.279946;0.138681;1.340062;0.397344;-0.543198;-0.401553;0.445879;0.587268;0.133997;1.325015;0.341720;-0.700568;0.141345;0.076325;0.695270;0.098749;1.343714;0.409035;-0.043790;-0.675502;0.728202;0.107250;0.112527;1.347921;0.364277;0.347846;-0.611476;0.653246;-0.279946;cac30bdb-35e1-45ca-8340-45cec70e4348;0.127171;1.417822;0.380730;-0.955159;0.261706;0.051870;0.128419;0.120478;1.370271;0.329092;-0.899112;0.418959;0.019558;0.125257;0.122908;1.396677;0.351664;-0.923099;0.313610;0.011717;0.222263;0.127322;1.432097;0.402903;-0.955159;0.261706;0.051870;0.128419;1427;0.136729;1.328938;0.300929;-0.700568;0.141345;0.076325;0.695270
NA;31199;94;0.000917;1.633255;0.079176;0.973966;0.223910;0.026903;-0.023029;0.088719;1.387321;0.429272;-0.508789;-0.541552;0.528785;0.410173;0.137652;1.384751;0.391368;-0.720628;-0.163608;0.257952;0.622406;0.128850;1.360893;0.333079;-0.699296;0.142598;0.078151;0.696092;0.114276;1.388216;0.424410;-0.588063;-0.428665;0.472088;0.497556;0.065051;1.384282;0.426891;-0.508789;-0.541552;0.528785;0.410173;0.091114;1.362578;0.390486;0.248665;-0.725222;0.594073;-0.243509;0.143147;1.362349;0.397745;-0.616738;-0.343138;0.403909;0.582020;0.131400;1.343640;0.336008;-0.699296;0.142598;0.078151;0.696092;0.101875;1.364506;0.417894;-0.155794;-0.688004;0.700762;0.106352;0.107615;1.363954;0.369452;0.248665;-0.725222;0.594073;-0.243509;0.139951;1.345667;0.349393;-0.699296;0.142598;0.078151;0.696092;0.095129;1.332318;0.376113;0.374457;-0.540999;0.709194;-0.253271;0.130297;1.319131;0.392947;-0.441054;-0.412016;0.517226;0.606788;0.130424;1.316901;0.344103;-0.546411;0.011363;0.019782;0.837207;0.098832;1.327825;0.397074;0.003148;-0.647784;0.749759;0.135005;0.113318;1.334022;0.361302;0.374457;-0.540999;0.709194;-0.253271;2023/05/02 10:45:32.8325;0.092797;1.347000;0.381275;0.346652;-0.611192;0.653071;-0.282444;0.138615;1.340541;0.397406;-0.542916;-0.400312;0.448311;0.586524;0.133961;1.325255;0.341844;-0.699296;0.142598;0.078151;0.696092;0.098670;1.344351;0.408999;-0.044433;-0.674571;0.729370;0.104880;0.112549;1.348314;0.364244;0.346652;-0.611192;0.653071;-0.282444;cac30bdb-35e1-45ca-8340-45cec70e4348;0.127391;1.418267;0.380406;-0.954313;0.263879;0.052237;0.130104;0.120586;1.370494;0.328987;-0.897890;0.421048;0.019601;0.126999;0.123085;1.396998;0.351437;-0.921952;0.315714;0.012180;0.224010;0.127567;1.432641;0.402515;-0.954313;0.263879;0.052237;0.130104;1444;0.136754;1.328986;0.301040;-0.699296;0.142598;0.078151;0.696092
NA;31200;95;0.000810;1.633268;0.079146;0.974007;0.223739;0.026736;-0.023184;0.088789;1.388558;0.428964;-0.509643;-0.538702;0.531743;0.409040;0.137743;1.385492;0.391133;-0.719756;-0.160608;0.260923;0.622957;0.128968;1.361248;0.332994;-0.697237;0.144643;0.081115;0.697394;0.114356;1.389306;0.424129;-0.588269;-0.425771;0.475235;0.496800;0.065110;1.385605;0.426582;-0.509643;-0.538702;0.531743;0.409040;0.091144;1.363502;0.390263;0.246489;-0.724516;0.594245;-0.247374;0.143132;1.363115;0.397686;-0.616198;-0.340934;0.407623;0.581298;0.131434;1.344007;0.336056;-0.697237;0.144643;0.081115;0.697394;0.101810;1.365585;0.417697;-0.156755;-0.686230;0.702812;0.102821;0.107719;1.364656;0.369274;0.246489;-0.724516;0.594245;-0.247374;0.139961;1.346091;0.349451;-0.697237;0.144643;0.081115;0.697394;0.095068;1.333119;0.376091;0.373065;-0.540552;0.708632;-0.257812;0.130111;1.319916;0.393181;-0.440293;-0.410439;0.521481;0.604765;0.130325;1.317326;0.344354;-0.544602;0.012585;0.023387;0.838274;0.098666;1.328778;0.397103;0.002374;-0.646472;0.751658;0.130685;0.113316;1.334630;0.361332;0.373065;-0.540552;0.708632;-0.257812;2023/05/02 10:45:32.8462;0.092796;1.347844;0.381131;0.344843;-0.610704;0.652613;-0.286741;0.138510;1.341324;0.397499;-0.542365;-0.398446;0.452494;0.585090;0.133901;1.325648;0.342042;-0.697237;0.144643;0.081115;0.697394;0.098534;1.345388;0.408901;-0.045223;-0.673115;0.731265;0.100613;0.112612;1.348946;0.364160;0.344843;-0.610704;0.652613;-0.286741;cac30bdb-35e1-45ca-8340-45cec70e4348;0.127768;1.418991;0.379861;-0.952927;0.267302;0.052841;0.132997;0.120764;1.370859;0.328806;-0.895823;0.424525;0.019605;0.129979;0.123384;1.397524;0.351051;-0.920031;0.319138;0.012912;0.226997;0.127987;1.433521;0.401867;-0.952927;0.267302;0.052841;0.132997;1457;0.136791;1.329067;0.301216;-0.697237;0.144643;0.081115;0.697394
NA;31201;96;0.000858;1.633259;0.079205;0.974010;0.223760;0.026751;-0.022812;0.088013;1.387990;0.429131;-0.508943;-0.541206;0.531397;0.407052;0.137106;1.385192;0.391475;-0.720566;-0.162682;0.261310;0.621319;0.128577;1.360967;0.333294;-0.698663;0.143267;0.081957;0.696152;0.113596;1.388859;0.424401;-0.588098;-0.428254;0.475127;0.494968;0.064359;1.384935;0.426635;-0.508943;-0.541206;0.531397;0.407052;0.090608;1.363007;0.390450;0.248177;-0.725302;0.592506;-0.247554;0.142572;1.362831;0.398021;-0.616676;-0.342923;0.407477;0.579721;0.131109;1.343733;0.336345;-0.698663;0.143267;0.081957;0.696152;0.101185;1.365107;0.417917;-0.155592;-0.687944;0.701537;0.101834;0.107235;1.364251;0.369508;0.248177;-0.725302;0.592506;-0.247554;0.139594;1.345841;0.349762;-0.698663;0.143267;0.081957;0.696152;0.094691;1.332661;0.376279;0.374683;-0.541586;0.707279;-0.257009;0.129744;1.319583;0.393442;-0.440626;-0.412595;0.520790;0.603649;0.130091;1.317041;0.344614;-0.546332;0.011227;0.023695;0.837158;0.098252;1.328308;0.397294;0.003502;-0.648215;0.750213;0.130327;0.112961;1.334273;0.361557;0.374683;-0.541586;0.707279;-0.257009;2023/05/02 10:45:32.8671;0.092346;1.347370;0.381328;0.346604;-0.611511;0.651087;-0.286367;0.138042;1.341022;0.397801;-0.542791;-0.400437;0.451972;0.583737;0.133638;1.325380;0.342318;-0.698663;0.143267;0.081957;0.696152;0.098022;1.344905;0.409110;-0.044082;-0.674797;0.729856;0.100081;0.112199;1.348576;0.364406;0.346604;-0.611511;0.651087;-0.286367;cac30bdb-35e1-45ca-8340-45cec70e4348;0.126962;1.418660;0.380218;-0.953241;0.266755;0.054764;0.131051;0.120341;1.370547;0.329095;-0.896302;0.423887;0.021850;0.128396;0.122768;1.397203;0.351371;-0.920747;0.318261;0.014913;0.225193;0.127050;1.433180;0.402232;-0.953241;0.266755;0.054764;0.131051;1478;0.136615;1.328850;0.301503;-0.698663;0.143267;0.081957;0.696152
NA;31202;97;0.000828;1.633219;0.079240;0.973997;0.223909;0.026593;-0.022095;0.088746;1.387478;0.429042;-0.508418;-0.542119;0.531128;0.406844;0.137820;1.384774;0.391369;-0.720802;-0.163065;0.260575;0.621253;0.129140;1.360577;0.333199;-0.698969;0.143982;0.080839;0.695828;0.114329;1.388377;0.424316;-0.588003;-0.428916;0.474614;0.495000;0.065099;1.384401;0.426512;-0.508418;-0.542119;0.531128;0.406844;0.091328;1.362562;0.390402;0.247716;-0.725673;0.592689;-0.246487;0.143314;1.362412;0.397887;-0.617065;-0.342753;0.406737;0.579928;0.131690;1.343343;0.336234;-0.698969;0.143982;0.080839;0.695828;0.101956;1.364653;0.417850;-0.156104;-0.688077;0.701174;0.102648;0.107904;1.363825;0.369420;0.247716;-0.725673;0.592689;-0.246487;0.140212;1.345448;0.349626;-0.698969;0.143982;0.080839;0.695828;0.095396;1.332227;0.376223;0.373764;-0.542148;0.707719;-0.255948;0.130492;1.319161;0.393317;-0.441216;-0.412148;0.520257;0.603983;0.130708;1.316647;0.344487;-0.546552;0.012190;0.022712;0.837028;0.099004;1.327872;0.397230;0.002716;-0.648235;0.750068;0.131080;0.113619;1.333856;0.361446;0.373764;-0.542148;0.707719;-0.255948;2023/05/02 10:45:32.8803;0.093047;1.346935;0.381289;0.345909;-0.611993;0.651483;-0.285272;0.138792;1.340601;0.397667;-0.543291;-0.400075;0.451226;0.584098;0.134246;1.324989;0.342186;-0.698969;0.143982;0.080839;0.695828;0.098793;1.344460;0.409056;-0.044857;-0.674861;0.729614;0.101065;0.112851;1.348159;0.364313;0.345909;-0.611993;0.651483;-0.285272;cac30bdb-35e1-45ca-8340-45cec70e4348;0.127593;1.418260;0.380154;-0.953294;0.267231;0.053514;0.130210;0.120886;1.370154;0.329031;-0.896546;0.423729;0.020923;0.127362;0.123339;1.396799;0.351320;-0.920870;0.318584;0.013783;0.224305;0.127733;1.432794;0.402158;-0.953294;0.267231;0.053514;0.130210;1492;0.137111;1.328485;0.301366;-0.698969;0.143982;0.080839;0.695828
NA;31203;98;0.000845;1.633144;0.079257;0.973903;0.224349;0.026571;-0.021777;0.089104;1.387277;0.428982;-0.508186;-0.542460;0.531100;0.406716;0.138170;1.384602;0.391304;-0.720875;-0.163166;0.260332;0.621243;0.129416;1.360407;0.333145;-0.699039;0.144404;0.080381;0.695723;0.114687;1.388185;0.424258;-0.587963;-0.429127;0.474464;0.495009;0.065459;1.384194;0.426436;-0.508186;-0.542460;0.531100;0.406716;0.091676;1.362385;0.390365;0.247390;-0.725829;0.592804;-0.246078;0.143673;1.362240;0.397814;-0.617227;-0.342591;0.406511;0.580009;0.131971;1.343172;0.336176;-0.699039;0.144404;0.080381;0.695723;0.102328;1.364476;0.417804;-0.156412;-0.688066;0.701072;0.102950;0.108229;1.363648;0.369365;0.247390;-0.725829;0.592804;-0.246078;0.140511;1.345279;0.349556;-0.699039;0.144404;0.080381;0.695723;0.095734;1.332049;0.376187;0.373246;-0.542406;0.707905;-0.255642;0.130847;1.318988;0.393258;-0.441484;-0.411848;0.520185;0.604054;0.131001;1.316477;0.344427;-0.546585;0.012707;0.022343;0.837009;0.099362;1.327701;0.397192;0.002270;-0.648186;0.750079;0.131268;0.113938;1.333676;0.361385;0.373246;-0.542406;0.707905;-0.255642;2023/05/02 10:45:32.8925;0.093385;1.346758;0.381259;0.345477;-0.612218;0.651669;-0.284891;0.139152;1.340429;0.397598;-0.543512;-0.399823;0.451033;0.584214;0.134536;1.324820;0.342123;-0.699039;0.144404;0.080381;0.695723;0.099161;1.344287;0.409019;-0.045298;-0.674829;0.729569;0.101404;0.113167;1.347983;0.364256;0.345477;-0.612218;0.651669;-0.284891;cac30bdb-35e1-45ca-8340-45cec70e4348;0.127917;1.418098;0.380099;-0.953266;0.267601;0.052874;0.129918;0.121155;1.369983;0.328990;-0.896601;0.423755;0.020434;0.126968;0.123626;1.396626;0.351278;-0.920845;0.318903;0.013206;0.223991;0.128086;1.432645;0.402094;-0.953266;0.267601;0.052874;0.129918;1503;0.137349;1.328317;0.301299;-0.699039;0.144404;0.080381;0.695723
NA;31204;99;0.000857;1.633066;0.079252;0.973807;0.224691;0.026840;-0.022224;0.088725;1.386593;0.429142;-0.506390;-0.543003;0.532169;0.406834;0.137907;1.383878;0.391629;-0.719632;-0.164507;0.261117;0.622001;0.129341;1.359784;0.333399;-0.698277;0.142603;0.081145;0.696771;0.114327;1.387455;0.424514;-0.586180;-0.430054;0.475558;0.495269;0.065082;1.383566;0.426513;-0.506390;-0.543003;0.532169;0.406834;0.091380;1.361752;0.390426;0.249043;-0.724495;0.593133;-0.247544;0.143339;1.361496;0.398129;-0.615412;-0.344086;0.407908;0.580073;0.131847;1.342540;0.336415;-0.698277;0.142603;0.081145;0.696771;0.101901;1.363782;0.417920;-0.154065;-0.687761;0.702038;0.101941;0.108031;1.363014;0.369504;0.249043;-0.724495;0.593133;-0.247544;0.140336;1.344609;0.349836;-0.698277;0.142603;0.081145;0.696771;0.095463;1.331424;0.376220;0.375147;-0.540808;0.707567;-0.257179;0.130444;1.318277;0.393461;-0.439331;-0.413060;0.521454;0.603702;0.130789;1.315834;0.344628;-0.545704;0.010672;0.022837;0.837599;0.098958;1.327051;0.397243;0.004894;-0.647751;0.750722;0.129659;0.113750;1.333027;0.361519;0.375147;-0.540808;0.707567;-0.257179;2023/05/02 10:45:32.9113;0.093105;1.346134;0.381294;0.347074;-0.610714;0.651636;-0.286249;0.138775;1.339694;0.397865;-0.541518;-0.401218;0.452511;0.583966;0.134349;1.324172;0.342350;-0.698277;0.142603;0.081145;0.696771;0.098733;1.343619;0.409080;-0.042915;-0.674393;0.730293;0.100126;0.112968;1.347340;0.364384;0.347074;-0.610714;0.651636;-0.286249;cac30bdb-35e1-45ca-8340-45cec70e4348;0.127811;1.417399;0.380430;-0.953204;0.266636;0.054292;0.131756;0.121119;1.369385;0.329221;-0.896662;0.422953;0.021462;0.129024;0.123579;1.395991;0.351553;-0.920814;0.317623;0.014422;0.225854;0.127933;1.431910;0.402450;-0.953204;0.266636;0.054292;0.131756;1523;0.137333;1.327721;0.301542;-0.698277;0.142603;0.081145;0.696771
NA;31205;100;0.000855;1.633023;0.079248;0.973760;0.224893;0.027033;-0.022009;0.088192;1.385557;0.429407;-0.503786;-0.543476;0.533770;0.407337;0.137529;1.382750;0.392120;-0.717646;-0.166262;0.262186;0.623378;0.129254;1.358799;0.333785;-0.696944;0.139899;0.082437;0.698499;0.113821;1.386335;0.424913;-0.583452;-0.431197;0.477232;0.495885;0.064550;1.382628;0.426670;-0.503786;-0.543476;0.533770;0.407337;0.090950;1.360780;0.390484;0.251591;-0.722305;0.593664;-0.250081;0.142842;1.360337;0.398612;-0.612421;-0.346442;0.410375;0.580096;0.131677;1.341541;0.336785;-0.696944;0.139899;0.082437;0.698499;0.101251;1.362717;0.418067;-0.150281;-0.687188;0.703682;0.100104;0.107763;1.362028;0.369690;0.251591;-0.722305;0.593664;-0.250081;0.140084;1.343550;0.350269;-0.696944;0.139899;0.082437;0.698499;0.095086;1.330452;0.376236;0.378257;-0.538157;0.706807;-0.260255;0.129828;1.317171;0.393781;-0.435786;-0.414934;0.523912;0.602857;0.130471;1.314818;0.344947;-0.544188;0.007569;0.023747;0.838593;0.098341;1.326057;0.397292;0.009249;-0.646979;0.751901;0.126401;0.113519;1.331998;0.361713;0.378257;-0.538157;0.706807;-0.260255;2023/05/02 10:45:32.9271;0.092705;1.345167;0.381302;0.349523;-0.608289;0.651497;-0.288739;0.138205;1.338552;0.398278;-0.538216;-0.403433;0.455281;0.583340;0.134075;1.323148;0.342707;-0.696944;0.139899;0.082437;0.698499;0.098076;1.342599;0.409134;-0.039062;-0.673622;0.731555;0.097648;0.112702;1.346330;0.364548;0.349523;-0.608289;0.651497;-0.288739;cac30bdb-35e1-45ca-8340-45cec70e4348;0.127735;1.416302;0.380921;-0.953029;0.265179;0.056356;0.135053;0.121100;1.368440;0.329567;-0.896608;0.421880;0.022796;0.132636;0.123574;1.394996;0.351959;-0.920636;0.315671;0.016150;0.229174;0.127795;1.430757;0.402978;-0.953029;0.265179;0.056356;0.135053;1538;0.137327;1.326763;0.301926;-0.696944;0.139899;0.082437;0.698499
NA;31206;101;0.000868;1.633010;0.079249;0.973720;0.225083;0.026968;-0.021889;0.087780;1.385171;0.430305;-0.503112;-0.545698;0.531788;0.407792;0.137162;1.382732;0.393040;-0.718210;-0.168909;0.260661;0.622656;0.128986;1.358998;0.334603;-0.698453;0.138181;0.081306;0.697466;0.113407;1.386062;0.425825;-0.583142;-0.433621;0.475308;0.495985;0.064148;1.382173;0.427552;-0.503112;-0.545698;0.531788;0.407792;0.090668;1.360604;0.391266;0.253810;-0.722719;0.592843;-0.248586;0.142552;1.360310;0.399438;-0.612514;-0.348769;0.408748;0.579751;0.131470;1.341736;0.337530;-0.698453;0.138181;0.081306;0.697466;0.100936;1.362457;0.418867;-0.148619;-0.688819;0.702302;0.101056;0.107491;1.362003;0.370489;0.253810;-0.722719;0.592843;-0.248586;0.139867;1.343719;0.351024;-0.698453;0.138181;0.081306;0.697466;0.094886;1.330355;0.376930;0.379589;-0.538749;0.706559;-0.257751;0.129691;1.317120;0.394421;-0.435934;-0.416816;0.521936;0.603166;0.130356;1.314976;0.345577;-0.545672;0.006258;0.022065;0.837685;0.098173;1.325880;0.397965;0.010158;-0.648279;0.750449;0.128288;0.113301;1.332033;0.362397;0.379589;-0.538749;0.706559;-0.257751;2023/05/02 10:45:32.9352;0.092472;1.345044;0.382067;0.351426;-0.608624;0.651077;-0.286664;0.137992;1.338511;0.399011;-0.538335;-0.405432;0.453223;0.583446;0.133931;1.323328;0.343374;-0.698453;0.138181;0.081306;0.697466;0.097850;1.342368;0.409888;-0.037673;-0.674990;0.730155;0.099211;0.112466;1.346352;0.365320;0.351426;-0.608624;0.651077;-0.286664;cac30bdb-35e1-45ca-8340-45cec70e4348;0.127317;1.416294;0.381978;-0.953563;0.263960;0.056113;0.133769;0.120799;1.368628;0.330424;-0.897756;0.419830;0.023008;0.131333;0.123200;1.395089;0.352935;-0.921565;0.313918;0.015912;0.227861;0.127359;1.430694;0.404071;-0.953563;0.263960;0.056113;0.133769;1547;0.137182;1.327127;0.302609;-0.698453;0.138181;0.081306;0.697466
NA;31207;102;0.000880;1.632966;0.079251;0.973738;0.225036;0.026875;-0.021712;0.087587;1.384720;0.430186;-0.503962;-0.546833;0.528697;0.409238;0.136854;1.382637;0.392722;-0.719495;-0.170009;0.257825;0.622054;0.128748;1.359098;0.334193;-0.700309;0.136913;0.079995;0.696005;0.113190;1.385729;0.425596;-0.584214;-0.434682;0.472115;0.496844;0.063954;1.381643;0.427530;-0.503962;-0.546833;0.528697;0.409238;0.090450;1.360315;0.390942;0.255389;-0.723687;0.591965;-0.246236;0.142350;1.360215;0.399029;-0.613392;-0.350460;0.406292;0.579530;0.131306;1.341837;0.337052;-0.700309;0.136913;0.079995;0.696005;0.100756;1.362099;0.418534;-0.148009;-0.690575;0.700457;0.102759;0.107233;1.361874;0.370146;0.255389;-0.723687;0.591965;-0.246236;0.139701;1.343799;0.350553;-0.700309;0.136913;0.079995;0.696005;0.094837;1.330136;0.376391;0.381441;-0.539499;0.705731;-0.255710;0.129678;1.316988;0.393855;-0.436291;-0.419000;0.519981;0.603083;0.130315;1.315036;0.345003;-0.547564;0.005473;0.020246;0.836501;0.098119;1.325595;0.397412;0.011542;-0.649959;0.748790;0.129363;0.113253;1.331951;0.361877;0.381441;-0.539499;0.705731;-0.255710;2023/05/02 10:45:32.9505;0.092361;1.344792;0.381600;0.353613;-0.609210;0.650089;-0.284967;0.137887;1.338397;0.398521;-0.538844;-0.407505;0.451137;0.583149;0.133850;1.323413;0.342828;-0.700309;0.136913;0.079995;0.696005;0.097728;1.342031;0.409415;-0.036272;-0.676720;0.728477;0.100280;0.112368;1.346254;0.364881;0.353613;-0.609210;0.650089;-0.284967;cac30bdb-35e1-45ca-8340-45cec70e4348;0.126868;1.416238;0.381756;-0.954280;0.262280;0.056250;0.131888;0.120522;1.368712;0.330051;-0.898708;0.418341;0.023477;0.129476;0.122825;1.395109;0.352648;-0.922520;0.312474;0.015994;0.225967;0.126861;1.430564;0.403897;-0.954280;0.262280;0.056250;0.131888;1562;0.137052;1.327384;0.302076;-0.700309;0.136913;0.079995;0.696005
NA;31208;103;0.000892;1.632935;0.079251;0.973686;0.225253;0.026732;-0.021939;0.087927;1.384563;0.430126;-0.504413;-0.546958;0.528066;0.409330;0.137129;1.382539;0.392592;-0.720033;-0.169615;0.256988;0.621885;0.128956;1.358970;0.334086;-0.700724;0.137528;0.079658;0.695505;0.113525;1.385601;0.425512;-0.584656;-0.434786;0.471532;0.496786;0.064294;1.381460;0.427496;-0.504413;-0.546958;0.528066;0.409330;0.090756;1.360175;0.390923;0.255042;-0.724190;0.591844;-0.245404;0.142659;1.360126;0.398899;-0.614106;-0.350068;0.405376;0.579653;0.131539;1.341712;0.336947;-0.700724;0.137528;0.079658;0.695505;0.101107;1.361965;0.418498;-0.148594;-0.690864;0.699964;0.103330;0.107500;1.361754;0.370097;0.255042;-0.724190;0.591844;-0.245404;0.139953;1.343690;0.350433;-0.700724;0.137528;0.079658;0.695505;0.095157;1.329989;0.376282;0.381071;-0.540174;0.705589;-0.255226;0.130026;1.316883;0.393760;-0.436628;-0.419227;0.520006;0.602660;0.130590;1.314914;0.344907;-0.548033;0.006200;0.019980;0.836195;0.098458;1.325460;0.397303;0.011097;-0.650341;0.748454;0.129421;0.113552;1.331824;0.361744;0.381071;-0.540174;0.705589;-0.255226;2023/05/02 10:45:32.9673;0.092664;1.344647;0.381551;0.353263;-0.609787;0.650015;-0.284335;0.138218;1.338303;0.398405;-0.539502;-0.407307;0.450537;0.583143;0.134113;1.323294;0.342725;-0.700724;0.137528;0.079658;0.695505;0.098072;1.341894;0.409358;-0.036843;-0.677043;0.728090;0.100698;0.112644;1.346130;0.364802;0.353263;-0.609787;0.650015;-0.284335;cac30bdb-35e1-45ca-8340-45cec70e4348;0.127085;1.416084;0.381665;-0.954453;0.262158;0.055666;0.131126;0.120712;1.368572;0.329955;-0.898766;0.418503;0.022902;0.128648;0.123028;1.394974;0.352544;-0.922803;0.312233;0.015459;0.225180;0.127093;1.430401;0.403811;-0.954453;0.262158;0.055666;0.131126;1579;0.137248;1.327254;0.301966;-0.700724;0.137528;0.079658;0.695505
NA;31209;104;0.000925;1.632842;0.079179;0.973564;0.225790;0.026674;-0.021914;0.087213;1.384430;0.430734;-0.505605;-0.549032;0.526713;0.406818;0.136428;1.382721;0.393234;-0.722289;-0.170132;0.256614;0.619276;0.128377;1.358972;0.334777;-0.702986;0.138361;0.080583;0.692945;0.112809;1.385648;0.426155;-0.586270;-0.436583;0.470582;0.494202;0.063608;1.381156;0.428064;-0.505605;-0.549032;0.526713;0.406818;0.090190;1.360048;0.391727;0.254302;-0.726743;0.589644;-0.243918;0.142117;1.360360;0.399586;-0.616775;-0.350293;0.403991;0.577646;0.131074;1.341739;0.337675;-0.702986;0.138361;0.080583;0.692945;0.100597;1.361952;0.419273;-0.150364;-0.692954;0.697547;0.103123;0.106857;1.361702;0.370845;0.254302;-0.726743;0.589644;-0.243918;0.139480;1.343797;0.351159;-0.702986;0.138361;0.080583;0.692945;0.094790;1.329840;0.377060;0.380536;-0.543439;0.703726;-0.254239;0.129777;1.317020;0.394555;-0.439393;-0.420231;0.519345;0.600516;0.130309;1.314945;0.345707;-0.550898;0.007133;0.020684;0.834286;0.098152;1.325392;0.398088;0.009227;-0.652858;0.746376;0.128900;0.113142;1.331768;0.362478;0.380536;-0.543439;0.703726;-0.254239;2023/05/02 10:45:32.9902;0.092191;1.344505;0.382363;0.352815;-0.612728;0.648090;-0.282959;0.137826;1.338506;0.399145;-0.542308;-0.407777;0.449225;0.581220;0.133773;1.323344;0.343502;-0.702986;0.138361;0.080583;0.692945;0.097676;1.341844;0.410165;-0.038627;-0.679392;0.725823;0.100579;0.112117;1.346093;0.365560;0.352815;-0.612728;0.648090;-0.282959;cac30bdb-35e1-45ca-8340-45cec70e4348;0.126224;1.416209;0.382190;-0.954361;0.263760;0.056204;0.128326;0.120077;1.368516;0.330622;-0.898485;0.419850;0.023896;0.126014;0.122266;1.394999;0.353129;-0.923006;0.313498;0.016340;0.222516;0.126173;1.430605;0.404285;-0.954361;0.263760;0.056204;0.128326;1601;0.136843;1.327234;0.302732;-0.702986;0.138361;0.080583;0.692945
NA;31210;105;0.000962;1.632854;0.079122;0.973553;0.225797;0.026788;-0.022183;0.086945;1.384169;0.430918;-0.505475;-0.549462;0.525457;0.408022;0.136124;1.382600;0.393354;-0.722348;-0.170995;0.255308;0.619509;0.128064;1.358984;0.334845;-0.703424;0.137638;0.079656;0.692752;0.112534;1.385415;0.426306;-0.586108;-0.437217;0.469312;0.495040;0.063336;1.380891;0.428287;-0.505475;-0.549462;0.525457;0.408022;0.089899;1.359899;0.391817;0.255126;-0.726704;0.589797;-0.242800;0.141832;1.360228;0.399650;-0.616628;-0.351099;0.402945;0.578045;0.130776;1.341746;0.337700;-0.703424;0.137638;0.079656;0.692752;0.100321;1.361738;0.419362;-0.149694;-0.693371;0.697118;0.104188;0.106551;1.361619;0.370928;0.255126;-0.726704;0.589797;-0.242800;0.139187;1.343779;0.351184;-0.703424;0.137638;0.079656;0.692752;0.094519;1.329728;0.377063;0.381149;-0.543296;0.703904;-0.253130;0.129522;1.316891;0.394520;-0.439161;-0.420886;0.518428;0.601021;0.130035;1.314934;0.345667;-0.551219;0.006644;0.019571;0.834105;0.097892;1.325232;0.398080;0.009826;-0.653103;0.745974;0.129931;0.112863;1.331705;0.362479;0.381149;-0.543296;0.703904;-0.253130;2023/05/02 10:45:33.0024;0.091910;1.344380;0.382412;0.353568;-0.612573;0.648290;-0.281895;0.137557;1.338372;0.399158;-0.542107;-0.408498;0.448217;0.581679;0.133491;1.323340;0.343481;-0.703424;0.137638;0.079656;0.692752;0.097410;1.341652;0.410204;-0.037965;-0.679685;0.725436;0.101632;0.111828;1.346025;0.365605;0.353568;-0.612573;0.648290;-0.281895;cac30bdb-35e1-45ca-8340-45cec70e4348;0.125860;1.416099;0.382404;-0.954742;0.262658;0.056062;0.127815;0.119754;1.368531;0.330717;-0.899064;0.418771;0.023839;0.125486;0.121921;1.394962;0.353287;-0.923556;0.312271;0.016135;0.221970;0.125800;1.430444;0.404533;-0.954742;0.262658;0.056062;0.127815;1613;0.136542;1.327330;0.302719;-0.703424;0.137638;0.079656;0.692752
NA;31211;106;0.001009;1.632864;0.079046;0.973555;0.225749;0.026923;-0.022431;0.086462;1.383702;0.431310;-0.505771;-0.549665;0.522822;0.410758;0.135559;1.382369;0.393590;-0.722452;-0.172377;0.252881;0.620001;0.127484;1.358981;0.334995;-0.704164;0.136358;0.078090;0.692432;0.112032;1.384990;0.426604;-0.586100;-0.437899;0.466736;0.496880;0.062840;1.380422;0.428801;-0.505771;-0.549665;0.522822;0.410758;0.089357;1.359620;0.391980;0.256657;-0.726590;0.589998;-0.241032;0.141299;1.359979;0.399791;-0.616280;-0.352622;0.401304;0.578629;0.130222;1.341735;0.337778;-0.704164;0.136358;0.078090;0.692432;0.099794;1.361349;0.419526;-0.148424;-0.694105;0.696404;0.105879;0.105989;1.361454;0.371085;0.256657;-0.726590;0.589998;-0.241032;0.138643;1.343727;0.351259;-0.704164;0.136358;0.078090;0.692432;0.094008;1.329517;0.377110;0.382319;-0.542953;0.704195;-0.251286;0.129039;1.316648;0.394490;-0.438789;-0.421973;0.516732;0.601989;0.129523;1.314893;0.345629;-0.551758;0.005761;0.017681;0.833797;0.097401;1.324934;0.398105;0.010907;-0.653509;0.745282;0.131765;0.112344;1.331578;0.362528;0.382319;-0.542953;0.704195;-0.251286;2023/05/02 10:45:33.0172;0.091388;1.344144;0.382515;0.354995;-0.612234;0.648564;-0.280201;0.137051;1.338120;0.399212;-0.541696;-0.409805;0.446553;0.582423;0.132968;1.323313;0.343475;-0.704164;0.136358;0.078090;0.692432;0.096905;1.341302;0.410293;-0.036731;-0.680192;0.724780;0.103359;0.111300;1.345886;0.365711;0.354995;-0.612234;0.648564;-0.280201;cac30bdb-35e1-45ca-8340-45cec70e4348;0.125143;1.415876;0.382819;-0.955442;0.260688;0.055995;0.126637;0.119152;1.368531;0.330917;-0.900135;0.416808;0.023975;0.124314;0.121258;1.394869;0.353602;-0.924602;0.310046;0.015971;0.220745;0.125053;1.430133;0.405005;-0.955442;0.260688;0.055995;0.126637;1629;0.135987;1.327474;0.302728;-0.704164;0.136358;0.078090;0.692432
NA;31212;107;0.001054;1.632910;0.078993;0.973594;0.225581;0.027002;-0.022358;0.086232;1.383479;0.431511;-0.506025;-0.549639;0.521481;0.412181;0.135285;1.382257;0.393708;-0.722500;-0.172999;0.251708;0.620249;0.127204;1.358974;0.335073;-0.704505;0.135753;0.077367;0.692285;0.111792;1.384786;0.426752;-0.586156;-0.438128;0.465443;0.497824;0.062603;1.380200;0.429070;-0.506025;-0.549639;0.521481;0.412181;0.089093;1.359484;0.392057;0.257396;-0.726526;0.590078;-0.240240;0.141040;1.359858;0.399863;-0.616096;-0.353362;0.400573;0.578880;0.129955;1.341724;0.337822;-0.704505;0.135753;0.077367;0.692285;0.099535;1.361161;0.419604;-0.147804;-0.694450;0.696076;0.106638;0.105719;1.361371;0.371161;0.257396;-0.726526;0.590078;-0.240240;0.138380;1.343697;0.351302;-0.704505;0.135753;0.077367;0.692285;0.093760;1.329414;0.377141;0.382891;-0.542771;0.704326;-0.250439;0.128803;1.316530;0.394483;-0.438619;-0.422473;0.515916;0.602462;0.129275;1.314869;0.345618;-0.552006;0.005339;0.016805;0.833654;0.097162;1.324790;0.398125;0.011422;-0.653694;0.744958;0.132632;0.112093;1.331514;0.362561;0.382891;-0.542771;0.704326;-0.250439;2023/05/02 10:45:33.0275;0.091135;1.344029;0.382568;0.355690;-0.612058;0.648677;-0.279442;0.136804;1.337997;0.399244;-0.541489;-0.410429;0.445791;0.582760;0.132715;1.323295;0.343480;-0.704505;0.135753;0.077367;0.692285;0.096659;1.341133;0.410339;-0.036134;-0.680429;0.724476;0.104146;0.111046;1.345816;0.365768;0.355690;-0.612058;0.648677;-0.279442;cac30bdb-35e1-45ca-8340-45cec70e4348;0.124789;1.415764;0.383023;-0.955778;0.259752;0.056005;0.126023;0.118861;1.368524;0.331020;-0.900649;0.415868;0.024091;0.123711;0.120933;1.394818;0.353758;-0.925109;0.308982;0.015937;0.220112;0.124681;1.429979;0.405236;-0.955778;0.259752;0.056005;0.126023;1639;0.135721;1.327536;0.302740;-0.704505;0.135753;0.077367;0.692285
NA;31213;108;0.001128;1.632928;0.078889;0.973640;0.225387;0.027095;-0.022185;0.086503;1.383829;0.430963;-0.505139;-0.549962;0.522771;0.411203;0.135698;1.382537;0.393336;-0.721836;-0.173827;0.253415;0.620096;0.127502;1.359209;0.334744;-0.703913;0.136447;0.077193;0.692770;0.112079;1.385110;0.426287;-0.585359;-0.438509;0.466790;0.497164;0.062880;1.380567;0.428440;-0.505139;-0.549962;0.522771;0.411203;0.089472;1.359850;0.391852;0.256763;-0.726218;0.590689;-0.240347;0.141422;1.360134;0.399504;-0.616327;-0.351843;0.400167;0.579840;0.130237;1.341957;0.337502;-0.703913;0.136447;0.077193;0.692770;0.099982;1.361530;0.419373;-0.148794;-0.693640;0.696570;0.107305;0.106085;1.361698;0.370942;0.256763;-0.726218;0.590689;-0.240347;0.138688;1.343938;0.350958;-0.703913;0.136447;0.077193;0.692770;0.094090;1.329775;0.376820;0.383093;-0.541944;0.704710;-0.250841;0.129108;1.316822;0.394171;-0.437873;-0.422308;0.516216;0.602864;0.129530;1.315120;0.345307;-0.551321;0.005989;0.016872;0.834101;0.097479;1.325133;0.397803;0.011813;-0.653096;0.745455;0.132754;0.112439;1.331849;0.362256;0.383093;-0.541944;0.704710;-0.250841;2023/05/02 10:45:33.0392;0.091466;1.344394;0.382317;0.355336;-0.611517;0.649360;-0.279492;0.137149;1.338280;0.398906;-0.541342;-0.409608;0.445531;0.583672;0.132981;1.323539;0.343159;-0.703913;0.136447;0.077193;0.692770;0.097030;1.341480;0.410077;-0.036525;-0.679736;0.725004;0.104853;0.111370;1.346151;0.365505;0.355336;-0.611517;0.649360;-0.279492;cac30bdb-35e1-45ca-8340-45cec70e4348;0.125288;1.415931;0.382744;-0.955867;0.259511;0.054523;0.126493;0.119152;1.368758;0.330705;-0.900756;0.415657;0.022510;0.123938;0.121328;1.395029;0.353461;-0.925157;0.308653;0.014422;0.220476;0.125260;1.430124;0.404970;-0.955867;0.259511;0.054523;0.126493;1650;0.135954;1.327742;0.302413;-0.703913;0.136447;0.077193;0.692770
NA;31214;109;0.001147;1.632962;0.078822;0.973630;0.225404;0.027327;-0.022148;0.086503;1.383830;0.430962;-0.505135;-0.549963;0.522774;0.411203;0.135698;1.382539;0.393336;-0.721833;-0.173828;0.253416;0.620097;0.127502;1.359210;0.334743;-0.703911;0.136446;0.077194;0.692772;0.112079;1.385111;0.426286;-0.585356;-0.438510;0.466793;0.497164;0.062880;1.380569;0.428439;-0.505135;-0.549963;0.522774;0.411203;0.089472;1.359852;0.391851;0.256762;-0.726217;0.590691;-0.240347;0.141422;1.360135;0.399504;-0.616325;-0.351843;0.400169;0.579841;0.130237;1.341958;0.337502;-0.703911;0.136446;0.077194;0.692772;0.099982;1.361531;0.419373;-0.148793;-0.693638;0.696572;0.107305;0.106085;1.361699;0.370942;0.256762;-0.726217;0.590691;-0.240347;0.138688;1.343939;0.350958;-0.703911;0.136446;0.077194;0.692772;0.094089;1.329776;0.376820;0.383092;-0.541943;0.704710;-0.250843;0.129108;1.316823;0.394171;-0.437871;-0.422307;0.516219;0.602863;0.129529;1.315122;0.345307;-0.551319;0.005988;0.016873;0.834102;0.097479;1.325135;0.397802;0.011814;-0.653094;0.745456;0.132751;0.112439;1.331850;0.362256;0.383092;-0.541943;0.704710;-0.250843;2023/05/02 10:45:33.0565;0.091466;1.344395;0.382316;0.355335;-0.611515;0.649361;-0.279493;0.137149;1.338281;0.398906;-0.541340;-0.409607;0.445533;0.583672;0.132981;1.323540;0.343159;-0.703911;0.136446;0.077194;0.692772;0.097030;1.341481;0.410077;-0.036524;-0.679734;0.725006;0.104852;0.111370;1.346152;0.365505;0.355335;-0.611515;0.649361;-0.279493;cac30bdb-35e1-45ca-8340-45cec70e4348;0.125288;1.415932;0.382744;-0.955867;0.259509;0.054522;0.126497;0.119152;1.368760;0.330705;-0.900756;0.415657;0.022509;0.123941;0.121328;1.395031;0.353461;-0.925157;0.308652;0.014421;0.220479;0.125260;1.430125;0.404970;-0.955867;0.259509;0.054522;0.126497;1668;0.135954;1.327743;0.302413;-0.703911;0.136446;0.077194;0.692772
NA;31215;110;0.001227;1.633011;0.078676;0.973498;0.225907;0.027813;-0.022247;0.086604;1.382716;0.431716;-0.503220;-0.549452;0.521807;0.415439;0.135759;1.381437;0.393979;-0.719743;-0.175570;0.251453;0.622830;0.127539;1.358556;0.335211;-0.702720;0.133752;0.074945;0.694751;0.112170;1.383895;0.426961;-0.583331;-0.438430;0.465232;0.501062;0.062954;1.379597;0.429267;-0.503220;-0.549452;0.521807;0.415439;0.089359;1.358983;0.392327;0.258179;-0.724091;0.593593;-0.238084;0.141370;1.358966;0.400000;-0.613500;-0.353408;0.399150;0.582581;0.130187;1.341272;0.337855;-0.702720;0.133752;0.074945;0.694751;0.099919;1.360411;0.419843;-0.146558;-0.692408;0.697730;0.110746;0.105937;1.360900;0.371396;0.258179;-0.724091;0.593593;-0.238084;0.138625;1.343117;0.351341;-0.702720;0.133752;0.074945;0.694751;0.093940;1.328985;0.376994;0.384859;-0.538898;0.706519;-0.249608;0.128863;1.315749;0.394354;-0.434310;-0.423385;0.515819;0.605021;0.129341;1.314382;0.345480;-0.549391;0.003590;0.014342;0.835435;0.097263;1.324186;0.397952;0.015105;-0.651464;0.746497;0.134566;0.112317;1.331078;0.362468;0.384859;-0.538898;0.706519;-0.249608;2023/05/02 10:45:33.0692;0.091338;1.343582;0.382605;0.357046;-0.608709;0.651663;-0.278080;0.136997;1.337136;0.399247;-0.538019;-0.411159;0.445037;0.586026;0.132834;1.322799;0.343394;-0.702720;0.133752;0.074945;0.694751;0.096868;1.340444;0.410348;-0.033564;-0.678259;0.726175;0.107277;0.111258;1.345370;0.365814;0.357046;-0.608709;0.651663;-0.278080;cac30bdb-35e1-45ca-8340-45cec70e4348;0.125667;1.414966;0.383573;-0.956467;0.255758;0.053609;0.129941;0.119247;1.368176;0.331221;-0.901734;0.412649;0.020999;0.127107;0.121581;1.394278;0.354155;-0.925391;0.305699;0.012903;0.223680;0.125710;1.428979;0.405913;-0.956467;0.255758;0.053609;0.129941;1680;0.135879;1.327268;0.302681;-0.702720;0.133752;0.074945;0.694751
NA;31216;111;0.001270;1.633086;0.078609;0.973459;0.226057;0.027942;-0.022247;0.086703;1.383498;0.431495;-0.503535;-0.548608;0.522609;0.415165;0.135886;1.382083;0.393795;-0.719458;-0.174930;0.252503;0.622914;0.127649;1.359088;0.335072;-0.702125;0.134495;0.075659;0.695131;0.112273;1.384636;0.426752;-0.583358;-0.437684;0.466189;0.500792;0.063049;1.380403;0.429051;-0.503535;-0.548608;0.522609;0.415165;0.089447;1.359690;0.392230;0.256965;-0.724063;0.594011;-0.238438;0.141468;1.359617;0.399865;-0.613589;-0.352333;0.399732;0.582739;0.130272;1.341807;0.337754;-0.702125;0.134495;0.075659;0.695131;0.100033;1.361157;0.419735;-0.147456;-0.691740;0.698247;0.110474;0.106004;1.361543;0.371277;0.256965;-0.724063;0.594011;-0.238438;0.138710;1.343668;0.351239;-0.702125;0.134495;0.075659;0.695131;0.093991;1.329648;0.376929;0.383943;-0.538956;0.706707;-0.250359;0.128906;1.316404;0.394309;-0.434410;-0.422561;0.516680;0.604792;0.129390;1.314932;0.345438;-0.548850;0.004119;0.015277;0.835771;0.097317;1.324888;0.397894;0.014369;-0.650996;0.747034;0.133928;0.112361;1.331692;0.362386;0.383943;-0.538956;0.706707;-0.250359;2023/05/02 10:45:33.0825;0.091403;1.344266;0.382539;0.356027;-0.608740;0.651956;-0.278628;0.137067;1.337791;0.399157;-0.538189;-0.410156;0.445626;0.586125;0.132894;1.323340;0.343334;-0.702125;0.134495;0.075659;0.695131;0.096950;1.341171;0.410284;-0.034396;-0.677720;0.726695;0.106902;0.111310;1.345998;0.365728;0.356027;-0.608740;0.651956;-0.278628;cac30bdb-35e1-45ca-8340-45cec70e4348;0.125875;1.415608;0.383305;-0.956031;0.257001;0.053513;0.130735;0.119372;1.368712;0.331059;-0.901162;0.413667;0.020788;0.127890;0.121752;1.394860;0.353934;-0.924837;0.306779;0.012885;0.224495;0.125945;1.429677;0.405610;-0.956031;0.257001;0.053513;0.130735;1694;0.135952;1.327719;0.302613;-0.702125;0.134495;0.075659;0.695131
NA;31217;112;0.001302;1.633232;0.078629;0.973640;0.225235;0.028205;-0.022338;0.086793;1.384208;0.431301;-0.503804;-0.547835;0.523343;0.414935;0.135999;1.382667;0.393632;-0.719192;-0.174326;0.253427;0.623015;0.127744;1.359571;0.334950;-0.701574;0.135161;0.076291;0.695490;0.112366;1.385309;0.426568;-0.583379;-0.436988;0.467046;0.500579;0.063136;1.381136;0.428861;-0.503804;-0.547835;0.523343;0.414935;0.089525;1.360332;0.392141;0.255915;-0.724009;0.594377;-0.238821;0.141553;1.360206;0.399746;-0.613640;-0.351380;0.400293;0.582876;0.130346;1.342292;0.337665;-0.701574;0.135161;0.076291;0.695490;0.100131;1.361834;0.419635;-0.148222;-0.691131;0.698734;0.110185;0.106066;1.362126;0.371170;0.255915;-0.724009;0.594377;-0.238821;0.138782;1.344167;0.351150;-0.701574;0.135161;0.076291;0.695490;0.094034;1.330252;0.376870;0.383148;-0.538970;0.706876;-0.251067;0.128940;1.316998;0.394270;-0.434472;-0.421819;0.517461;0.604596;0.129429;1.315432;0.345402;-0.548343;0.004592;0.016111;0.836086;0.097362;1.325526;0.397843;0.013739;-0.650558;0.747533;0.133343;0.112399;1.332249;0.362315;0.383148;-0.538970;0.706876;-0.251067;2023/05/02 10:45:33.0972;0.091460;1.344887;0.382477;0.355140;-0.608735;0.652210;-0.279175;0.137126;1.338385;0.399079;-0.538308;-0.409267;0.446196;0.586203;0.132943;1.323832;0.343283;-0.701574;0.135161;0.076291;0.695490;0.097020;1.341831;0.410223;-0.035108;-0.677221;0.727180;0.106523;0.111358;1.346567;0.365650;0.355140;-0.608735;0.652210;-0.279175;cac30bdb-35e1-45ca-8340-45cec70e4348;0.126057;1.416190;0.383067;-0.955641;0.258103;0.053441;0.131440;0.119482;1.369199;0.330916;-0.900651;0.414570;0.020614;0.128589;0.121902;1.395388;0.353740;-0.924342;0.307737;0.012882;0.225220;0.126150;1.430308;0.405341;-0.955641;0.258103;0.053441;0.131440;1708;0.136012;1.328129;0.302554;-0.701574;0.135161;0.076291;0.695490
NA;31218;113;0.001335;1.633449;0.078744;0.973913;0.224068;0.028180;-0.022203;0.086870;1.384862;0.431123;-0.504068;-0.547097;0.524008;0.414749;0.136100;1.383204;0.393485;-0.718927;-0.173805;0.254316;0.623105;0.127829;1.360018;0.334841;-0.701055;0.135765;0.076861;0.695832;0.112447;1.385927;0.426399;-0.583386;-0.436346;0.467845;0.500384;0.063209;1.381811;0.428689;-0.504068;-0.547097;0.524008;0.414749;0.089595;1.360924;0.392067;0.254942;-0.723946;0.594738;-0.239153;0.141628;1.360747;0.399638;-0.613691;-0.350468;0.400771;0.583042;0.130410;1.342740;0.337586;-0.701055;0.135765;0.076861;0.695832;0.100221;1.362457;0.419552;-0.148934;-0.690553;0.699190;0.109953;0.106121;1.362665;0.371080;0.254942;-0.723946;0.594738;-0.239153;0.138846;1.344628;0.351070;-0.701055;0.135765;0.076861;0.695832;0.094069;1.330810;0.376822;0.382416;-0.538960;0.707069;-0.251662;0.128967;1.317545;0.394236;-0.434518;-0.421129;0.518132;0.604470;0.129460;1.315894;0.345371;-0.547861;0.005021;0.016866;0.836384;0.097399;1.326113;0.397802;0.013167;-0.650137;0.747993;0.132876;0.112428;1.332766;0.362254;0.382416;-0.538960;0.707069;-0.251662;2023/05/02 10:45:33.1125;0.091508;1.345460;0.382429;0.354323;-0.608710;0.652477;-0.279645;0.137176;1.338930;0.399009;-0.538423;-0.408419;0.446663;0.586334;0.132984;1.324285;0.343237;-0.701055;0.135765;0.076861;0.695832;0.097082;1.342438;0.410176;-0.035770;-0.676744;0.727635;0.106237;0.111397;1.347094;0.365586;0.354323;-0.608710;0.652477;-0.279645;cac30bdb-35e1-45ca-8340-45cec70e4348;0.126221;1.416729;0.382851;-0.955262;0.259182;0.053379;0.132097;0.119581;1.369648;0.330787;-0.900179;0.415399;0.020471;0.129241;0.122036;1.395876;0.353563;-0.923876;0.308638;0.012891;0.225897;0.126336;1.430895;0.405094;-0.955262;0.259182;0.053379;0.132097;1723;0.136063;1.328509;0.302501;-0.701055;0.135765;0.076861;0.695832
NA;31219;114;0.001404;1.633692;0.078813;0.974124;0.223124;0.028376;-0.022207;0.087771;1.383570;0.430413;-0.505820;-0.548322;0.520302;0.415662;0.136819;1.382329;0.392505;-0.721109;-0.174233;0.250966;0.621820;0.128471;1.359246;0.333832;-0.703529;0.135885;0.075052;0.693506;0.113313;1.384801;0.425544;-0.585480;-0.437226;0.464035;0.500718;0.064116;1.380388;0.428100;-0.505820;-0.548322;0.520302;0.415662;0.090425;1.359765;0.391138;0.255775;-0.725810;0.593315;-0.236130;0.142509;1.359891;0.398577;-0.615422;-0.352036;0.398036;0.582145;0.131170;1.341978;0.336521;-0.703529;0.135885;0.075052;0.693506;0.101138;1.361276;0.418591;-0.149391;-0.692770;0.696601;0.111799;0.106866;1.361675;0.370098;0.255775;-0.725810;0.593315;-0.236130;0.139646;1.343884;0.349977;-0.703529;0.135885;0.075052;0.693506;0.095072;1.329723;0.375834;0.383074;-0.540863;0.706216;-0.248960;0.130095;1.316625;0.393106;-0.436583;-0.422403;0.515335;0.604484;0.130417;1.315107;0.344235;-0.550486;0.005792;0.014751;0.834694;0.098486;1.324989;0.396792;0.012650;-0.652221;0.745842;0.134789;0.113385;1.331827;0.361230;0.383074;-0.540863;0.706216;-0.248960;2023/05/02 10:45:33.1231;0.092431;1.344340;0.381474;0.355132;-0.610621;0.651433;-0.276873;0.138190;1.338049;0.397906;-0.540319;-0.409693;0.443852;0.585835;0.133881;1.323526;0.342112;-0.703529;0.135885;0.075052;0.693506;0.098107;1.341278;0.409196;-0.036273;-0.678887;0.725334;0.108110;0.112264;1.346141;0.364582;0.355132;-0.610621;0.651433;-0.276873;cac30bdb-35e1-45ca-8340-45cec70e4348;0.126656;1.415810;0.382011;-0.956374;0.257059;0.052474;0.128513;0.120144;1.368834;0.329837;-0.901223;0.414302;0.020054;0.125494;0.122507;1.395015;0.352678;-0.925102;0.307652;0.011950;0.222248;0.126743;1.429877;0.404318;-0.956374;0.257059;0.052474;0.128513;1735;0.136782;1.327877;0.301376;-0.703529;0.135885;0.075052;0.693506
NA;31220;115;0.001409;1.633773;0.078869;0.974147;0.223024;0.028421;-0.022142;0.087888;1.383909;0.430555;-0.506084;-0.547745;0.520696;0.415608;0.136902;1.382580;0.392615;-0.721086;-0.173364;0.251101;0.622036;0.128416;1.359426;0.333990;-0.703163;0.137076;0.074768;0.693672;0.113430;1.385113;0.425674;-0.585673;-0.436559;0.464386;0.500749;0.064230;1.380742;0.428253;-0.506084;-0.547745;0.520696;0.415608;0.090465;1.360061;0.391386;0.254297;-0.726007;0.593919;-0.235600;0.142581;1.360144;0.398707;-0.615785;-0.350805;0.397932;0.582576;0.131103;1.342158;0.336697;-0.703163;0.137076;0.074768;0.693672;0.101254;1.361598;0.418807;-0.150741;-0.692153;0.696832;0.112371;0.106846;1.361926;0.370296;0.254297;-0.726007;0.593919;-0.235600;0.139607;1.344074;0.350134;-0.703163;0.137076;0.074768;0.693672;0.095044;1.329995;0.376135;0.381606;-0.541108;0.706904;-0.248730;0.130114;1.316883;0.393319;-0.437279;-0.421046;0.515237;0.605010;0.130338;1.315298;0.344449;-0.550080;0.006987;0.014777;0.834952;0.098523;1.325281;0.397086;0.011138;-0.651679;0.746217;0.135463;0.113316;1.332066;0.361474;0.381606;-0.541108;0.706904;-0.248730;2023/05/02 10:45:33.1354;0.092438;1.344624;0.381767;0.353757;-0.610868;0.652067;-0.276595;0.138239;1.338305;0.398074;-0.540899;-0.408317;0.443605;0.586448;0.133807;1.323711;0.342307;-0.703163;0.137076;0.074768;0.693672;0.098192;1.341587;0.409476;-0.037661;-0.678345;0.725680;0.108709;0.112227;1.346385;0.364820;0.353757;-0.610868;0.652067;-0.276595;cac30bdb-35e1-45ca-8340-45cec70e4348;0.126755;1.416050;0.382100;-0.956167;0.257920;0.051475;0.128734;0.120092;1.369017;0.329998;-0.900892;0.415049;0.019014;0.125562;0.122528;1.395226;0.352799;-0.924820;0.308399;0.011034;0.222432;0.126902;1.430149;0.404385;-0.956167;0.257920;0.051475;0.128734;1747;0.136633;1.328004;0.301560;-0.703163;0.137076;0.074768;0.693672
NA;31221;116;0.001398;1.633662;0.078831;0.973871;0.224165;0.028618;-0.022487;0.087983;1.383530;0.430736;-0.505625;-0.549245;0.519929;0.415148;0.137041;1.382403;0.392851;-0.721530;-0.174768;0.250594;0.621332;0.128632;1.359341;0.334179;-0.704093;0.136167;0.074408;0.692947;0.113528;1.384809;0.425890;-0.585517;-0.438093;0.463684;0.500242;0.064336;1.380310;0.428393;-0.505625;-0.549245;0.519929;0.415148;0.090650;1.359778;0.391561;0.255293;-0.726444;0.593274;-0.234800;0.142770;1.359969;0.398902;-0.616055;-0.351972;0.397104;0.582151;0.131359;1.342075;0.336854;-0.704093;0.136167;0.074408;0.692947;0.101431;1.361288;0.418987;-0.150164;-0.693116;0.695930;0.112789;0.107030;1.361720;0.370477;0.255293;-0.726444;0.593274;-0.234800;0.139853;1.343986;0.350296;-0.704093;0.136167;0.074408;0.692947;0.095286;1.329756;0.376297;0.382338;-0.541563;0.706625;-0.247403;0.130406;1.316690;0.393425;-0.437725;-0.421944;0.513894;0.605205;0.130655;1.315200;0.344553;-0.551062;0.006267;0.014096;0.834322;0.098798;1.325003;0.397234;0.011347;-0.652520;0.745263;0.136645;0.113547;1.331901;0.361632;0.382338;-0.541563;0.706625;-0.247403;2023/05/02 10:45:33.1572;0.092658;1.344366;0.381943;0.354655;-0.611288;0.651660;-0.275473;0.138479;1.338121;0.398225;-0.541228;-0.409310;0.442453;0.586322;0.134104;1.323625;0.342429;-0.704093;0.136167;0.074408;0.692947;0.098427;1.341287;0.409644;-0.037210;-0.679217;0.724766;0.109517;0.112440;1.346209;0.364997;0.354655;-0.611288;0.651660;-0.275473;cac30bdb-35e1-45ca-8340-45cec70e4348;0.126791;1.415871;0.382399;-0.956604;0.256788;0.051979;0.127545;0.120285;1.368920;0.330203;-0.901465;0.414107;0.019715;0.124455;0.122637;1.395090;0.353057;-0.925409;0.307459;0.011491;0.221258;0.126886;1.429923;0.404715;-0.956604;0.256788;0.051979;0.127545;1769;0.136937;1.328002;0.301691;-0.704093;0.136167;0.074408;0.692947
NA;31222;117;0.001434;1.633611;0.078783;0.973699;0.224894;0.028702;-0.022563;0.088194;1.383696;0.431128;-0.503949;-0.547957;0.520992;0.417548;0.137294;1.382353;0.393268;-0.719232;-0.175341;0.250978;0.623675;0.128786;1.359507;0.334525;-0.702083;0.135171;0.073277;0.695298;0.113744;1.384825;0.426275;-0.583546;-0.437181;0.464399;0.502673;0.064525;1.380631;0.428799;-0.503949;-0.547957;0.520992;0.417548;0.090738;1.360021;0.391922;0.255328;-0.724305;0.595884;-0.234758;0.142879;1.359867;0.399261;-0.613779;-0.351491;0.397552;0.584536;0.131402;1.342217;0.337154;-0.702083;0.135171;0.073277;0.695298;0.101547;1.361398;0.419344;-0.149220;-0.691050;0.697935;0.114327;0.107122;1.361911;0.370837;0.255328;-0.724305;0.595884;-0.234758;0.139898;1.344037;0.350609;-0.702083;0.135171;0.073277;0.695298;0.095167;1.330024;0.376646;0.382021;-0.538856;0.709040;-0.246893;0.130249;1.316681;0.393655;-0.435607;-0.420609;0.513611;0.607897;0.130524;1.315325;0.344779;-0.548453;0.005244;0.013120;0.836062;0.098699;1.325171;0.397557;0.012120;-0.650101;0.746969;0.138780;0.113420;1.332109;0.361962;0.382021;-0.538856;0.709040;-0.246893;2023/05/02 10:45:33.1705;0.092654;1.344630;0.382291;0.354647;-0.608722;0.654030;-0.275551;0.138452;1.338048;0.398520;-0.538921;-0.408543;0.442649;0.588828;0.134028;1.323734;0.342681;-0.702083;0.135171;0.073277;0.695298;0.098429;1.341429;0.409977;-0.036149;-0.676959;0.726698;0.111043;0.112445;1.346399;0.365347;0.354647;-0.608722;0.654030;-0.275551;cac30bdb-35e1-45ca-8340-45cec70e4348;0.127288;1.415961;0.382863;-0.956301;0.256457;0.051137;0.130778;0.120503;1.369150;0.330569;-0.901612;0.412912;0.018605;0.127488;0.123001;1.395244;0.353494;-0.924854;0.306911;0.010435;0.224371;0.127472;1.429989;0.405192;-0.956301;0.256457;0.051137;0.130778;1782;0.136918;1.328206;0.301957;-0.702083;0.135171;0.073277;0.695298
NA;31223;118;0.001442;1.633510;0.078781;0.973598;0.225336;0.028715;-0.022491;0.088302;1.383777;0.431332;-0.503380;-0.547093;0.521369;0.418895;0.137418;1.382321;0.393466;-0.718133;-0.175539;0.251191;0.624799;0.128862;1.359583;0.334688;-0.701105;0.134683;0.072713;0.696438;0.113851;1.384831;0.426459;-0.582757;-0.436510;0.464625;0.503962;0.064620;1.380788;0.429029;-0.503380;-0.547093;0.521369;0.418895;0.090778;1.360133;0.392102;0.255290;-0.723282;0.597168;-0.234693;0.142932;1.359810;0.399430;-0.612704;-0.351196;0.397735;0.585715;0.131424;1.342281;0.337295;-0.701105;0.134683;0.072713;0.696438;0.101607;1.361445;0.419520;-0.148853;-0.690022;0.698896;0.115142;0.107161;1.361997;0.371014;0.255290;-0.723282;0.597168;-0.234693;0.139920;1.344056;0.350756;-0.701105;0.134683;0.072713;0.696438;0.095108;1.330149;0.376818;0.381836;-0.537544;0.710255;-0.246547;0.130172;1.316671;0.393761;-0.434597;-0.419938;0.513396;0.609264;0.130460;1.315380;0.344883;-0.547182;0.004746;0.012631;0.836905;0.098652;1.325245;0.397714;0.012482;-0.648915;0.747783;0.139907;0.113353;1.332207;0.362121;0.381836;-0.537544;0.710255;-0.246547;2023/05/02 10:45:33.1822;0.092652;1.344751;0.382458;0.354654;-0.607462;0.655184;-0.275580;0.138439;1.338006;0.398658;-0.537801;-0.408163;0.442715;0.590065;0.133990;1.323782;0.342798;-0.701105;0.134683;0.072713;0.696438;0.098431;1.341491;0.410136;-0.035647;-0.675855;0.727629;0.111825;0.112447;1.346485;0.365515;0.354654;-0.607462;0.655184;-0.275580;cac30bdb-35e1-45ca-8340-45cec70e4348;0.127546;1.416007;0.383075;-0.956081;0.256531;0.050618;0.132433;0.120611;1.369257;0.330741;-0.901667;0.412340;0.018006;0.129028;0.123186;1.395313;0.353701;-0.924507;0.306804;0.009835;0.225966;0.127783;1.430033;0.405406;-0.956081;0.256531;0.050618;0.132433;1793;0.136908;1.328301;0.302081;-0.701105;0.134683;0.072713;0.696438
NA;31224;119;0.001463;1.633443;0.078810;0.973589;0.225394;0.028568;-0.022502;0.088412;1.383857;0.431541;-0.503012;-0.546066;0.521628;0.420352;0.137539;1.382284;0.393657;-0.717073;-0.175671;0.251418;0.625887;0.128936;1.359653;0.334844;-0.700147;0.134201;0.072149;0.697552;0.113958;1.384834;0.426637;-0.582113;-0.435680;0.464751;0.505306;0.064717;1.380943;0.429279;-0.503012;-0.546066;0.521628;0.420352;0.090816;1.360236;0.392281;0.255210;-0.722295;0.598435;-0.234594;0.142984;1.359748;0.399592;-0.611678;-0.350862;0.397886;0.586884;0.131445;1.342340;0.337427;-0.700147;0.134201;0.072149;0.697552;0.101668;1.361486;0.419692;-0.148565;-0.688998;0.699826;0.115992;0.107195;1.362074;0.371188;0.255210;-0.722295;0.598435;-0.234594;0.139940;1.344069;0.350895;-0.700147;0.134201;0.072149;0.697552;0.095048;1.330267;0.376987;0.381632;-0.536265;0.711475;-0.246132;0.130098;1.316655;0.393860;-0.433624;-0.419264;0.513124;0.610648;0.130397;1.315430;0.344981;-0.545936;0.004257;0.012141;0.837728;0.098607;1.325311;0.397869;0.012823;-0.647749;0.748568;0.141079;0.113284;1.332301;0.362275;0.381632;-0.536265;0.711475;-0.246132;2023/05/02 10:45:33.1924;0.092649;1.344865;0.382620;0.354669;-0.606221;0.656316;-0.275600;0.138426;1.337958;0.398788;-0.536708;-0.407785;0.442756;0.591289;0.133953;1.323824;0.342908;-0.700147;0.134201;0.072149;0.697552;0.098433;1.341545;0.410290;-0.035167;-0.674771;0.728535;0.112624;0.112448;1.346564;0.365677;0.354669;-0.606221;0.656316;-0.275600;cac30bdb-35e1-45ca-8340-45cec70e4348;0.127813;1.416053;0.383272;-0.955810;0.256784;0.050026;0.134114;0.120718;1.369358;0.330905;-0.901709;0.411784;0.017373;0.130587;0.123372;1.395377;0.353898;-0.924109;0.306823;0.009181;0.227590;0.128107;1.430085;0.405599;-0.955810;0.256784;0.050026;0.134114;1804;0.136897;1.328390;0.302198;-0.700147;0.134201;0.072149;0.697552
NA;31225;120;0.001475;1.633393;0.078887;0.973627;0.225242;0.028514;-0.022439;0.088352;1.384377;0.430840;-0.504400;-0.546884;0.522417;0.416629;0.137542;1.382832;0.393073;-0.718845;-0.174684;0.253143;0.623431;0.128973;1.359813;0.334411;-0.701279;0.136388;0.074175;0.695776;0.113909;1.385452;0.426011;-0.583764;-0.436042;0.465947;0.501976;0.064682;1.381335;0.428497;-0.504400;-0.546884;0.522417;0.416629;0.090918;1.360580;0.391861;0.253629;-0.724321;0.596300;-0.235494;0.143088;1.360355;0.399135;-0.614038;-0.349823;0.398478;0.584634;0.131566;1.342527;0.337093;-0.701279;0.136388;0.074175;0.695776;0.101781;1.362025;0.419259;-0.150892;-0.690058;0.698612;0.113989;0.107280;1.362375;0.370751;0.253629;-0.724321;0.596300;-0.235494;0.140071;1.344379;0.350533;-0.701279;0.136388;0.074175;0.695776;0.095261;1.330542;0.376767;0.380386;-0.538921;0.709821;-0.247032;0.130383;1.317174;0.393666;-0.436434;-0.418786;0.513547;0.608616;0.130646;1.315665;0.344794;-0.547724;0.006183;0.014363;0.836513;0.098860;1.325715;0.397673;0.010412;-0.649313;0.747570;0.139367;0.113476;1.332573;0.362029;0.380386;-0.538921;0.709821;-0.247032;2023/05/02 10:45:33.2051;0.092796;1.345163;0.382301;0.353167;-0.608790;0.654466;-0.276264;0.138624;1.338542;0.398463;-0.539315;-0.406961;0.443270;0.589096;0.134164;1.324062;0.342669;-0.701279;0.136388;0.074175;0.695776;0.098627;1.342021;0.409982;-0.037706;-0.676173;0.727368;0.110925;0.112566;1.346854;0.365324;0.353167;-0.608790;0.654466;-0.276264;cac30bdb-35e1-45ca-8340-45cec70e4348;0.127548;1.416425;0.382580;-0.955884;0.257898;0.050963;0.131064;0.120697;1.369452;0.330434;-0.901043;0.414086;0.018502;0.127722;0.123219;1.395603;0.353292;-0.924174;0.308725;0.010356;0.224685;0.127756;1.430518;0.404869;-0.955884;0.257898;0.050963;0.131064;1816;0.137055;1.328403;0.301932;-0.701279;0.136388;0.074175;0.695776
NA;31226;121;0.001498;1.633314;0.078980;0.973695;0.224953;0.028410;-0.022519;0.088378;1.384713;0.430784;-0.504275;-0.546895;0.522765;0.416329;0.137582;1.383141;0.393048;-0.718776;-0.174585;0.253432;0.623421;0.128989;1.360097;0.334398;-0.701139;0.136686;0.074213;0.695854;0.113939;1.385782;0.425976;-0.583619;-0.436090;0.466350;0.501730;0.064709;1.381674;0.428423;-0.504275;-0.546895;0.522765;0.416329;0.090953;1.360907;0.391896;0.253123;-0.724374;0.596508;-0.235351;0.143123;1.360665;0.399119;-0.614209;-0.349297;0.398369;0.584843;0.131575;1.342811;0.337088;-0.701139;0.136686;0.074213;0.695854;0.101837;1.362361;0.419285;-0.151297;-0.689845;0.698714;0.114114;0.107296;1.362684;0.370770;0.253123;-0.724374;0.596508;-0.235351;0.140085;1.344666;0.350526;-0.701139;0.136686;0.074213;0.695854;0.095243;1.330860;0.376849;0.379482;-0.539187;0.710333;-0.246370;0.130401;1.317485;0.393675;-0.436904;-0.418095;0.513166;0.609074;0.130648;1.315952;0.344804;-0.547583;0.006456;0.014482;0.836601;0.098888;1.326033;0.397746;0.009575;-0.649087;0.747643;0.140084;0.113421;1.332889;0.362064;0.379482;-0.539187;0.710333;-0.246370;2023/05/02 10:45:33.2234;0.092813;1.345482;0.382358;0.352687;-0.608867;0.654683;-0.276195;0.138651;1.338853;0.398459;-0.539610;-0.406361;0.443070;0.589391;0.134168;1.324346;0.342674;-0.701139;0.136686;0.074213;0.695854;0.098671;1.342350;0.410034;-0.038209;-0.675973;0.727496;0.111134;0.112568;1.347158;0.365362;0.352687;-0.608867;0.654683;-0.276195;cac30bdb-35e1-45ca-8340-45cec70e4348;0.127592;1.416740;0.382533;-0.955793;0.258177;0.050900;0.131205;0.120717;1.369737;0.330417;-0.900878;0.414408;0.018392;0.127855;0.123253;1.395903;0.353257;-0.924049;0.308998;0.010312;0.224829;0.127809;1.430845;0.404814;-0.955793;0.258177;0.050900;0.131205;1835;0.137047;1.328666;0.301933;-0.701139;0.136686;0.074213;0.695854
NA;31227;122;0.001539;1.633196;0.079045;0.973634;0.225187;0.028472;-0.022725;0.088698;1.384817;0.429956;-0.505767;-0.547652;0.522290;0.414115;0.137926;1.383371;0.392244;-0.720441;-0.174319;0.254076;0.621308;0.129175;1.360165;0.333685;-0.702499;0.138719;0.073767;0.694126;0.114255;1.385993;0.425154;-0.585347;-0.436447;0.466128;0.499607;0.065045;1.381658;0.427580;-0.505767;-0.547652;0.522290;0.414115;0.091383;1.360945;0.391288;0.252062;-0.726167;0.595018;-0.234736;0.143580;1.360930;0.398340;-0.616467;-0.348353;0.397413;0.583679;0.131843;1.342895;0.336400;-0.702499;0.138719;0.073767;0.694126;0.102354;1.362512;0.418636;-0.153587;-0.690846;0.697228;0.114094;0.107671;1.362739;0.370121;0.252062;-0.726167;0.595018;-0.234736;0.140404;1.344815;0.349794;-0.702499;0.138719;0.073767;0.694126;0.095677;1.330902;0.376466;0.377559;-0.541454;0.710274;-0.244518;0.131004;1.317689;0.393040;-0.440293;-0.416650;0.510912;0.609519;0.131056;1.316053;0.344172;-0.549232;0.008734;0.014249;0.835503;0.099488;1.326110;0.397342;0.006341;-0.650111;0.746422;0.142023;0.113760;1.332981;0.361574;0.377559;-0.541454;0.710274;-0.244518;2023/05/02 10:45:33.2402;0.093241;1.345516;0.381861;0.351322;-0.611006;0.653881;-0.275110;0.139190;1.339099;0.397744;-0.542294;-0.405172;0.441541;0.588892;0.134534;1.324457;0.342009;-0.702499;0.138719;0.073767;0.694126;0.099256;1.342465;0.409513;-0.041026;-0.677060;0.726189;0.112058;0.112927;1.347229;0.364788;0.351322;-0.611006;0.653881;-0.275110;cac30bdb-35e1-45ca-8340-45cec70e4348;0.127559;1.416936;0.381704;-0.955998;0.259262;0.050547;0.127656;0.120843;1.369761;0.329723;-0.900836;0.415571;0.018637;0.124292;0.123271;1.395996;0.352495;-0.924395;0.310467;0.010266;0.221356;0.127745;1.431092;0.403954;-0.955998;0.259262;0.050547;0.127656;1851;0.137228;1.328701;0.301248;-0.702499;0.138719;0.073767;0.694126
NA;31228;123;0.001560;1.633083;0.079027;0.973410;0.226132;0.028440;-0.022972;0.088990;1.384889;0.429725;-0.506410;-0.547089;0.522265;0.414105;0.138199;1.383399;0.391987;-0.720621;-0.173728;0.254263;0.621187;0.129385;1.360124;0.333466;-0.702435;0.139470;0.073823;0.694034;0.114544;1.386060;0.424906;-0.585758;-0.435945;0.466249;0.499450;0.065335;1.381728;0.427380;-0.506410;-0.547089;0.522265;0.414105;0.091660;1.360972;0.391082;0.251444;-0.726385;0.594925;-0.234959;0.143857;1.360964;0.398103;-0.616816;-0.347761;0.397606;0.583533;0.132057;1.342856;0.336198;-0.702435;0.139470;0.073823;0.694034;0.102644;1.362575;0.418423;-0.154194;-0.690718;0.697271;0.113788;0.107939;1.362737;0.369905;0.251444;-0.726385;0.594925;-0.234959;0.140632;1.344794;0.349579;-0.702435;0.139470;0.073823;0.694034;0.095921;1.330912;0.376357;0.376736;-0.541789;0.710428;-0.244597;0.131273;1.317719;0.392866;-0.441105;-0.415726;0.510714;0.609729;0.131277;1.316026;0.344000;-0.549211;0.009463;0.014466;0.835505;0.099767;1.326143;0.397232;0.005349;-0.649968;0.746529;0.142152;0.113984;1.332971;0.361438;0.376736;-0.541789;0.710428;-0.244597;2023/05/02 10:45:33.2560;0.093505;1.345532;0.381707;0.350606;-0.611335;0.653899;-0.275248;0.139465;1.339133;0.397537;-0.542834;-0.404418;0.441547;0.588909;0.134754;1.324427;0.341824;-0.702435;0.139470;0.073823;0.694034;0.099548;1.342516;0.409356;-0.041823;-0.676948;0.726266;0.111942;0.113174;1.347222;0.364613;0.350606;-0.611335;0.653899;-0.275248;cac30bdb-35e1-45ca-8340-45cec70e4348;0.127812;1.416910;0.381455;-0.956054;0.259235;0.050159;0.127449;0.121046;1.369714;0.329504;-0.900667;0.416039;0.018134;0.124028;0.123502;1.395968;0.352250;-0.924418;0.310575;0.009884;0.221127;0.128014;1.431062;0.403707;-0.956054;0.259235;0.050159;0.127449;1867;0.137408;1.328623;0.301055;-0.702435;0.139470;0.073823;0.694034
NA;31229;124;0.001599;1.632924;0.079018;0.973267;0.226753;0.028545;-0.022817;0.089571;1.385013;0.429323;-0.507788;-0.545754;0.522003;0.414509;0.138723;1.383432;0.391507;-0.720912;-0.172513;0.254411;0.621128;0.129785;1.360039;0.333055;-0.702257;0.140836;0.073832;0.693937;0.115116;1.386167;0.424453;-0.586584;-0.434799;0.466282;0.499450;0.065907;1.381855;0.427062;-0.507788;-0.545754;0.522003;0.414509;0.092193;1.361010;0.390679;0.250377;-0.726696;0.594799;-0.235454;0.144386;1.361008;0.397657;-0.617341;-0.346736;0.398049;0.583286;0.132460;1.342776;0.335817;-0.702257;0.140836;0.073832;0.693937;0.103192;1.362675;0.418010;-0.155179;-0.690442;0.697426;0.113170;0.108459;1.362722;0.369487;0.250377;-0.726696;0.594799;-0.235454;0.141066;1.344742;0.349171;-0.702257;0.140836;0.073832;0.693937;0.096393;1.330920;0.376136;0.375352;-0.542246;0.710674;-0.244998;0.131780;1.317756;0.392530;-0.442517;-0.413978;0.510421;0.610140;0.131691;1.315966;0.343667;-0.549085;0.010800;0.014781;0.835566;0.100293;1.326195;0.397011;0.003671;-0.649629;0.746821;0.142218;0.114429;1.332934;0.361177;0.375352;-0.542246;0.710674;-0.244998;2023/05/02 10:45:33.2713;0.094012;1.345554;0.381403;0.349311;-0.611849;0.653983;-0.275552;0.139987;1.339177;0.397143;-0.543721;-0.403042;0.441622;0.588978;0.135166;1.324361;0.341468;-0.702257;0.140836;0.073832;0.693937;0.100099;1.342599;0.409049;-0.043173;-0.676678;0.726480;0.111669;0.113653;1.347198;0.364273;0.349311;-0.611849;0.653983;-0.275552;cac30bdb-35e1-45ca-8340-45cec70e4348;0.128326;1.416821;0.381015;-0.956238;0.258838;0.049247;0.127232;0.121433;1.369619;0.329096;-0.900402;0.416768;0.016922;0.123670;0.123962;1.395900;0.351803;-0.924539;0.310447;0.008941;0.220842;0.128568;1.430950;0.403281;-0.956238;0.258838;0.049247;0.127232;1882;0.137745;1.328476;0.300686;-0.702257;0.140836;0.073832;0.693937
NA;31230;125;0.001616;1.632837;0.079028;0.973215;0.226978;0.028584;-0.022746;0.089596;1.385045;0.429746;-0.509044;-0.545750;0.521147;0.414050;0.138715;1.383545;0.391875;-0.721905;-0.172147;0.254192;0.620166;0.129780;1.360106;0.333443;-0.703129;0.141154;0.073828;0.692990;0.115132;1.386256;0.424840;-0.587759;-0.434703;0.465624;0.498765;0.065937;1.381827;0.427528;-0.509044;-0.545750;0.521147;0.414050;0.092212;1.361007;0.391152;0.249466;-0.727843;0.594220;-0.234338;0.144439;1.361138;0.398027;-0.618545;-0.346448;0.397304;0.582689;0.132504;1.342852;0.336208;-0.703129;0.141154;0.073828;0.692990;0.103277;1.362720;0.418453;-0.156493;-0.691062;0.696447;0.113602;0.108411;1.362740;0.369911;0.249466;-0.727843;0.594220;-0.234338;0.141118;1.344847;0.349550;-0.703129;0.141154;0.073828;0.692990;0.096519;1.330920;0.376541;0.375616;-0.543121;0.709896;-0.244908;0.131936;1.317852;0.392925;-0.443493;-0.414354;0.509946;0.609573;0.131810;1.316046;0.344063;-0.550131;0.011226;0.014703;0.834874;0.100431;1.326216;0.397418;0.003314;-0.650524;0.746080;0.142027;0.114557;1.332966;0.361588;0.375616;-0.543121;0.709896;-0.244908;2023/05/02 10:45:33.2850;0.094076;1.345548;0.381837;0.348918;-0.613018;0.653415;-0.274800;0.140094;1.339296;0.397524;-0.544853;-0.403061;0.440989;0.588392;0.135263;1.324449;0.341858;-0.703129;0.141154;0.073828;0.692990;0.100211;1.342626;0.409476;-0.044067;-0.677495;0.725632;0.111880;0.113684;1.347230;0.364672;0.348918;-0.613018;0.653415;-0.274800;cac30bdb-35e1-45ca-8340-45cec70e4348;0.128128;1.416882;0.381413;-0.956652;0.258122;0.049683;0.125387;0.121396;1.369661;0.329492;-0.900593;0.416853;0.017502;0.121902;0.123837;1.395957;0.352192;-0.925027;0.310262;0.009394;0.219030;0.128313;1.430983;0.403697;-0.956652;0.258122;0.049683;0.125387;1896;0.137797;1.328556;0.301073;-0.703129;0.141154;0.073828;0.692990
NA;31231;126;0.001634;1.632868;0.079123;0.973313;0.226572;0.028569;-0.022590;0.090166;1.384846;0.429899;-0.509431;-0.545478;0.520250;0.415059;0.139202;1.383390;0.391908;-0.722090;-0.171909;0.253077;0.620472;0.130109;1.360043;0.333465;-0.703315;0.141501;0.072345;0.692887;0.115689;1.386062;0.424926;-0.588136;-0.434360;0.464573;0.499600;0.066500;1.381631;0.427740;-0.509431;-0.545478;0.520250;0.415059;0.092695;1.360851;0.391261;0.249124;-0.727984;0.594703;-0.233035;0.144941;1.360972;0.398010;-0.618800;-0.346124;0.396214;0.583352;0.132841;1.342784;0.336195;-0.703315;0.141501;0.072345;0.692887;0.103828;1.362530;0.418536;-0.156938;-0.691004;0.696193;0.114891;0.108838;1.362608;0.369979;0.249124;-0.727984;0.594703;-0.233035;0.141492;1.344759;0.349515;-0.703315;0.141501;0.072345;0.692887;0.096964;1.330789;0.376619;0.375037;-0.543140;0.710633;-0.243614;0.132422;1.317696;0.392871;-0.443966;-0.413724;0.508748;0.610657;0.132168;1.315967;0.344007;-0.550130;0.011880;0.013312;0.834888;0.100932;1.326053;0.397478;0.002826;-0.650288;0.746013;0.143467;0.114960;1.332857;0.361620;0.375037;-0.543140;0.710633;-0.243614;2023/05/02 10:45:33.3003;0.094541;1.345406;0.381926;0.348451;-0.613129;0.654074;-0.273572;0.140593;1.339131;0.397483;-0.545162;-0.402616;0.439878;0.589243;0.135615;1.324373;0.341806;-0.703315;0.141501;0.072345;0.692887;0.100743;1.342448;0.409547;-0.044494;-0.677360;0.725532;0.113169;0.114104;1.347110;0.364712;0.348451;-0.613129;0.654074;-0.273572;cac30bdb-35e1-45ca-8340-45cec70e4348;0.128535;1.416749;0.381532;-0.956997;0.257346;0.048550;0.124790;0.121712;1.369603;0.329554;-0.901005;0.416237;0.016499;0.121098;0.124188;1.395862;0.352293;-0.925332;0.309869;0.008215;0.218344;0.128762;1.430808;0.403842;-0.956997;0.257346;0.048550;0.124790;1912;0.138042;1.328546;0.301021;-0.703315;0.141501;0.072345;0.692887
NA;31232;127;0.001680;1.632941;0.079273;0.973405;0.226189;0.028576;-0.022464;0.089679;1.385149;0.430975;-0.510894;-0.545007;0.520195;0.413947;0.138660;1.383661;0.392927;-0.723141;-0.170458;0.253339;0.619541;0.129646;1.360165;0.334541;-0.703909;0.141863;0.073484;0.692089;0.115195;1.386398;0.425975;-0.589523;-0.433626;0.464685;0.498498;0.066019;1.381882;0.428845;-0.510894;-0.545007;0.520195;0.413947;0.092206;1.361013;0.392303;0.248437;-0.728953;0.593538;-0.233710;0.144443;1.361269;0.399079;-0.619834;-0.345844;0.396788;0.582028;0.132424;1.342917;0.337307;-0.703909;0.141863;0.073484;0.692089;0.103317;1.362793;0.419581;-0.157789;-0.691603;0.695632;0.113511;0.108352;1.362745;0.371021;0.248437;-0.728953;0.593538;-0.233710;0.141068;1.344949;0.350615;-0.703909;0.141863;0.073484;0.692089;0.096594;1.330937;0.377646;0.375644;-0.543993;0.709303;-0.244651;0.132024;1.317955;0.394019;-0.444401;-0.414570;0.509520;0.609122;0.131812;1.316126;0.345158;-0.551037;0.012096;0.014392;0.834269;0.100505;1.326254;0.398528;0.003149;-0.651272;0.745507;0.141613;0.114624;1.333012;0.362689;0.375644;-0.543993;0.709303;-0.244651;2023/05/02 10:45:33.3161;0.094088;1.345550;0.382975;0.348066;-0.614284;0.652990;-0.274063;0.140144;1.339417;0.398594;-0.546110;-0.402707;0.440462;0.587864;0.135243;1.324535;0.342943;-0.703909;0.141863;0.073484;0.692089;0.100274;1.342676;0.410608;-0.045196;-0.678162;0.724932;0.111925;0.113651;1.347255;0.365761;0.348066;-0.614284;0.652990;-0.274063;cac30bdb-35e1-45ca-8340-45cec70e4348;0.127639;1.416859;0.382609;-0.957709;0.255541;0.050661;0.122170;0.121212;1.369686;0.330620;-0.901062;0.416677;0.018474;0.118853;0.123502;1.395989;0.353328;-0.926233;0.308868;0.010265;0.215839;0.127707;1.430851;0.404962;-0.957709;0.255541;0.050661;0.122170;1927;0.137693;1.328630;0.302151;-0.703909;0.141863;0.073484;0.692089
NA;31233;128;0.001690;1.633009;0.079354;0.973484;0.225788;0.028710;-0.022895;0.089244;1.384760;0.430445;-0.508442;-0.546027;0.521990;0.413361;0.138381;1.383209;0.392626;-0.721717;-0.171939;0.254567;0.620288;0.129464;1.359833;0.334175;-0.702962;0.140454;0.073689;0.693316;0.114789;1.385956;0.425582;-0.587362;-0.434851;0.466365;0.498412;0.065589;1.381551;0.428171;-0.508442;-0.546027;0.521990;0.413361;0.091862;1.360682;0.391796;0.249429;-0.727649;0.594289;-0.234803;0.144085;1.360790;0.398758;-0.618131;-0.346737;0.398031;0.582459;0.132185;1.342573;0.336921;-0.702962;0.140454;0.073689;0.693316;0.102889;1.362400;0.419112;-0.156102;-0.690941;0.696750;0.113012;0.108076;1.362395;0.370565;0.249429;-0.727649;0.594289;-0.234803;0.140798;1.344558;0.350258;-0.702962;0.140454;0.073689;0.693316;0.096193;1.330621;0.377187;0.376365;-0.542495;0.709871;-0.245216;0.131560;1.317519;0.393593;-0.442902;-0.414646;0.509955;0.609797;0.131477;1.315769;0.344729;-0.549869;0.010535;0.014453;0.835060;0.100057;1.325898;0.398069;0.004422;-0.650364;0.746293;0.141612;0.114258;1.332666;0.362268;0.376365;-0.542495;0.709871;-0.245216;2023/05/02 10:45:33.3324;0.093727;1.345229;0.382489;0.348836;-0.612855;0.653562;-0.274917;0.139727;1.338951;0.398225;-0.544474;-0.403203;0.441431;0.588315;0.134937;1.324173;0.342537;-0.702962;0.140454;0.073689;0.693316;0.099834;1.342307;0.410134;-0.043725;-0.677333;0.725859;0.111523;0.113337;1.346900;0.365325;0.348836;-0.612855;0.653562;-0.274917;cac30bdb-35e1-45ca-8340-45cec70e4348;0.127467;1.416488;0.382303;-0.957596;0.254950;0.051670;0.123857;0.121070;1.369386;0.330244;-0.901150;0.415927;0.019254;0.120674;0.123357;1.395653;0.352993;-0.926047;0.308205;0.011104;0.217542;0.127506;1.430458;0.404671;-0.957596;0.254950;0.051670;0.123857;1944;0.137510;1.328327;0.301759;-0.702962;0.140454;0.073689;0.693316
NA;31234;129;0.001740;1.632974;0.079399;0.973394;0.226135;0.028747;-0.023248;0.088395;1.384026;0.429387;-0.503340;-0.548421;0.525737;0.411685;0.137859;1.382367;0.392061;-0.718965;-0.175024;0.257152;0.621553;0.129127;1.359213;0.333489;-0.701170;0.137870;0.074094;0.695602;0.113999;1.385129;0.424823;-0.582951;-0.437625;0.469904;0.497837;0.064758;1.380923;0.426796;-0.503340;-0.548421;0.525737;0.411685;0.091219;1.360067;0.390820;0.251300;-0.725198;0.595620;-0.237011;0.143416;1.359901;0.398156;-0.614871;-0.348507;0.400573;0.583110;0.131739;1.341931;0.336199;-0.701170;0.137870;0.074094;0.695602;0.102079;1.361675;0.418210;-0.152891;-0.689707;0.698864;0.111886;0.107568;1.361738;0.369689;0.251300;-0.725198;0.595620;-0.237011;0.140289;1.343827;0.349593;-0.701170;0.137870;0.074094;0.695602;0.095428;1.330032;0.376363;0.377408;-0.539804;0.711036;-0.246176;0.130692;1.316711;0.392802;-0.440363;-0.414488;0.510628;0.611178;0.130847;1.315103;0.343933;-0.547671;0.007661;0.014604;0.836531;0.099223;1.325237;0.397241;0.006393;-0.648610;0.747760;0.141844;0.113548;1.332017;0.361502;0.377408;-0.539804;0.711036;-0.246176;2023/05/02 10:45:33.3471;0.093050;1.344632;0.381583;0.350156;-0.610235;0.654608;-0.276573;0.138947;1.338087;0.397537;-0.541463;-0.404040;0.443317;0.589101;0.134362;1.323495;0.341783;-0.701170;0.137870;0.074094;0.695602;0.099011;1.341628;0.409251;-0.041111;-0.675760;0.727600;0.110714;0.112744;1.346234;0.364509;0.350156;-0.610235;0.654608;-0.276573;cac30bdb-35e1-45ca-8340-45cec70e4348;0.127184;1.415831;0.381695;-0.957195;0.254416;0.053408;0.127269;0.120812;1.368827;0.329536;-0.901193;0.414696;0.020624;0.124310;0.123108;1.395034;0.352353;-0.925471;0.307426;0.012567;0.220987;0.127185;1.429784;0.404073;-0.957195;0.254416;0.053408;0.127269;1958;0.137163;1.327753;0.301031;-0.701170;0.137870;0.074094;0.695602
NA;31235;130;0.001758;1.632884;0.079352;0.973136;0.227265;0.028669;-0.023151;0.088434;1.384746;0.429445;-0.501530;-0.550217;0.527386;0.409381;0.138027;1.383107;0.392352;-0.718732;-0.175941;0.258322;0.621079;0.129328;1.359954;0.333774;-0.701137;0.137703;0.074276;0.695649;0.114065;1.385868;0.425039;-0.581718;-0.439320;0.471557;0.496221;0.064820;1.381620;0.426676;-0.501530;-0.550217;0.527386;0.409381;0.091377;1.360817;0.391156;0.250970;-0.725257;0.595880;-0.236525;0.143580;1.360642;0.398451;-0.614936;-0.348323;0.400291;0.583345;0.131936;1.342673;0.336485;-0.701137;0.137703;0.074276;0.695649;0.102260;1.362418;0.418537;-0.153077;-0.689623;0.698846;0.112261;0.107699;1.362490;0.370005;0.250970;-0.725257;0.595880;-0.236525;0.140477;1.344567;0.349887;-0.701137;0.137703;0.074276;0.695649;0.095595;1.330775;0.376612;0.377394;-0.539869;0.711005;-0.246145;0.130857;1.317452;0.393091;-0.440084;-0.414775;0.510978;0.610892;0.131037;1.315843;0.344223;-0.547651;0.007456;0.014751;0.836544;0.099384;1.325982;0.397491;0.006462;-0.648650;0.747748;0.141718;0.113713;1.332761;0.361750;0.377394;-0.539869;0.711005;-0.246145;2023/05/02 10:45:33.3613;0.093207;1.345382;0.381897;0.350057;-0.610244;0.654814;-0.276191;0.139110;1.338828;0.397830;-0.541442;-0.404038;0.443084;0.589297;0.134553;1.324235;0.342074;-0.701137;0.137703;0.074276;0.695649;0.099180;1.342365;0.409561;-0.041109;-0.675728;0.727581;0.111031;0.112888;1.346993;0.364810;0.350057;-0.610244;0.654814;-0.276191;cac30bdb-35e1-45ca-8340-45cec70e4348;0.127380;1.416602;0.381951;-0.957164;0.254353;0.053685;0.127516;0.121019;1.369571;0.329813;-0.901108;0.414789;0.020871;0.124577;0.123308;1.395784;0.352624;-0.925301;0.307741;0.012797;0.221245;0.127371;1.430554;0.404330;-0.957164;0.254353;0.053685;0.127516;1972;0.137375;1.328492;0.301323;-0.701137;0.137703;0.074276;0.695649
NA;31236;131;0.001784;1.632752;0.079253;0.972994;0.227910;0.028718;-0.022708;0.088448;1.385409;0.429466;-0.499594;-0.552074;0.529112;0.407014;0.138177;1.383790;0.392618;-0.718446;-0.176920;0.259540;0.620624;0.129511;1.360642;0.334031;-0.701070;0.137509;0.074458;0.695736;0.114107;1.386550;0.425225;-0.580383;-0.441086;0.473285;0.494571;0.064860;1.382264;0.426509;-0.499594;-0.552074;0.529112;0.407014;0.091515;1.361515;0.391462;0.250659;-0.725276;0.596172;-0.236061;0.143723;1.361324;0.398719;-0.614952;-0.348155;0.400037;0.583604;0.132113;1.343360;0.336744;-0.701070;0.137509;0.074458;0.695736;0.102418;1.363105;0.418835;-0.153223;-0.689512;0.698863;0.112636;0.107812;1.363187;0.370291;0.250659;-0.725276;0.596172;-0.236061;0.140646;1.345250;0.350153;-0.701070;0.137509;0.074458;0.695736;0.095737;1.331464;0.376833;0.377370;-0.539896;0.711006;-0.246119;0.130998;1.318136;0.393352;-0.439774;-0.415041;0.511336;0.610635;0.131205;1.316528;0.344483;-0.547590;0.007219;0.014898;0.836583;0.099521;1.326672;0.397714;0.006535;-0.648654;0.747764;0.141614;0.113854;1.333451;0.361969;0.377370;-0.539896;0.711006;-0.246119;2023/05/02 10:45:33.3780;0.093341;1.346080;0.382182;0.349969;-0.610210;0.655047;-0.275825;0.139251;1.339511;0.398096;-0.541375;-0.404037;0.442873;0.589518;0.134723;1.324919;0.342337;-0.701070;0.137509;0.074458;0.695736;0.099325;1.343048;0.409843;-0.041076;-0.675663;0.727594;0.111351;0.113011;1.347697;0.365082;0.349969;-0.610210;0.655047;-0.275825;cac30bdb-35e1-45ca-8340-45cec70e4348;0.127567;1.417321;0.382179;-0.957110;0.254328;0.053952;0.127853;0.121211;1.370262;0.330062;-0.901013;0.414877;0.021104;0.124930;0.123497;1.396481;0.352867;-0.925103;0.308079;0.013016;0.221590;0.127549;1.431273;0.404558;-0.957110;0.254328;0.053952;0.127853;1989;0.137568;1.329176;0.301588;-0.701070;0.137509;0.074458;0.695736
