Gesture,Participant,Row,index,FrameCount,Head.pos.x,Head.pos.y,Head.pos.z,Head.rot.x,Head.rot.y,Head.rot.z,IndexDistalJoint.pos.x,IndexDistalJoint.pos.y,IndexDistalJoint.pos.z,IndexDistalJoint.rot.x,IndexDistalJoint.rot.y,IndexDistalJoint.rot.z,IndexKnuckle.pos.x,IndexKnuckle.pos.y,IndexKnuckle.pos.z,IndexKnuckle.rot.x,IndexKnuckle.rot.y,IndexKnuckle.rot.z,IndexMetacarpal.pos.x,IndexMetacarpal.pos.y,IndexMetacarpal.pos.z,IndexMetacarpal.rot.x,IndexMetacarpal.rot.y,IndexMetacarpal.rot.z,IndexMiddleJoint.pos.x,IndexMiddleJoint.pos.y,IndexMiddleJoint.pos.z,IndexMiddleJoint.rot.x,IndexMiddleJoint.rot.y,IndexMiddleJoint.rot.z,IndexTip.pos.x,IndexTip.pos.y,IndexTip.pos.z,IndexTip.rot.x,IndexTip.rot.y,IndexTip.rot.z,MiddleDistalJoint.pos.x,MiddleDistalJoint.pos.y,MiddleDistalJoint.pos.z,MiddleDistalJoint.rot.x,MiddleDistalJoint.rot.y,MiddleDistalJoint.rot.z,MiddleKnuckle.pos.x,MiddleKnuckle.pos.y,MiddleKnuckle.pos.z,MiddleKnuckle.rot.x,MiddleKnuckle.rot.y,MiddleKnuckle.rot.z,MiddleMetacarpal.pos.x,MiddleMetacarpal.pos.y,MiddleMetacarpal.pos.z,MiddleMetacarpal.rot.x,MiddleMetacarpal.rot.y,MiddleMetacarpal.rot.z,MiddleMiddleJoint.pos.x,MiddleMiddleJoint.pos.y,MiddleMiddleJoint.pos.z,MiddleMiddleJoint.rot.x,MiddleMiddleJoint.rot.y,MiddleMiddleJoint.rot.z,MiddleTip.pos.x,MiddleTip.pos.y,MiddleTip.pos.z,MiddleTip.rot.x,MiddleTip.rot.y,MiddleTip.rot.z,Palm.pos.x,Palm.pos.y,Palm.pos.z,Palm.rot.x,Palm.rot.y,Palm.rot.z,PinkyDistalJoint.pos.x,PinkyDistalJoint.pos.y,PinkyDistalJoint.pos.z,PinkyDistalJoint.rot.x,PinkyDistalJoint.rot.y,PinkyDistalJoint.rot.z,PinkyKnuckle.pos.x,PinkyKnuckle.pos.y,PinkyKnuckle.pos.z,PinkyKnuckle.rot.x,PinkyKnuckle.rot.y,PinkyKnuckle.rot.z,PinkyMetacarpal.pos.x,PinkyMetacarpal.pos.y,PinkyMetacarpal.pos.z,PinkyMetacarpal.rot.x,PinkyMetacarpal.rot.y,PinkyMetacarpal.rot.z,PinkyMiddleJoint.pos.x,PinkyMiddleJoint.pos.y,PinkyMiddleJoint.pos.z,PinkyMiddleJoint.rot.x,PinkyMiddleJoint.rot.y,PinkyMiddleJoint.rot.z,PinkyTip.pos.x,PinkyTip.pos.y,PinkyTip.pos.z,PinkyTip.rot.x,PinkyTip.rot.y,PinkyTip.rot.z,RingDistalJoint.pos.x,RingDistalJoint.pos.y,RingDistalJoint.pos.z,RingDistalJoint.rot.x,RingDistalJoint.rot.y,RingDistalJoint.rot.z,RingKnuckle.pos.x,RingKnuckle.pos.y,RingKnuckle.pos.z,RingKnuckle.rot.x,RingKnuckle.rot.y,RingKnuckle.rot.z,RingMetacarpal.pos.x,RingMetacarpal.pos.y,RingMetacarpal.pos.z,RingMetacarpal.rot.x,RingMetacarpal.rot.y,RingMetacarpal.rot.z,RingMiddleJoint.pos.x,RingMiddleJoint.pos.y,RingMiddleJoint.pos.z,RingMiddleJoint.rot.x,RingMiddleJoint.rot.y,RingMiddleJoint.rot.z,RingTip.pos.x,RingTip.pos.y,RingTip.pos.z,RingTip.rot.x,RingTip.rot.y,RingTip.rot.z,ThumbDistalJoint.pos.x,ThumbDistalJoint.pos.y,ThumbDistalJoint.pos.z,ThumbDistalJoint.rot.x,ThumbDistalJoint.rot.y,ThumbDistalJoint.rot.z,ThumbMetacarpalJoint.pos.x,ThumbMetacarpalJoint.pos.y,ThumbMetacarpalJoint.pos.z,ThumbMetacarpalJoint.rot.x,ThumbMetacarpalJoint.rot.y,ThumbMetacarpalJoint.rot.z,ThumbProximalJoint.pos.x,ThumbProximalJoint.pos.y,ThumbProximalJoint.pos.z,ThumbProximalJoint.rot.x,ThumbProximalJoint.rot.y,ThumbProximalJoint.rot.z,ThumbTip.pos.x,ThumbTip.pos.y,ThumbTip.pos.z,ThumbTip.rot.x,ThumbTip.rot.y,ThumbTip.rot.z,Timestamp,Wrist.pos.x,Wrist.pos.y,Wrist.pos.z,Wrist.rot.x,Wrist.rot.y,Wrist.rot.z,Temporality,Handedness
F,22,1,1,2,0.0,0.0,0.0,0.0,0.0,0.0,0.027724521246985854,-0.03363699426664281,-0.009102187944412928,0.47102273680100354,-0.026407693184515857,-0.05260856285975283,0.03140772893746425,-0.02196887440994283,-0.02027493020325439,0.18829621020870246,-0.0025769216487336877,-0.08537269039824714,0.03503784548654998,-0.021577545126079005,-0.022745515056912406,0.07473742471936719,-0.020789304345109852,-0.07562596494037342,0.02879194129604283,-0.025667477981371298,-0.014096219620979289,0.36255363920374817,-0.033714711144391556,-0.07558276117113967,0.026814125228450135,-0.04332923860281428,-0.0032123687558774767,0.47102273680100354,-0.026407693184515857,-0.05260856285975283,0.020239124924600012,-0.024779925642142868,-0.008243983648800348,0.2498073016050521,0.0051655172841494745,-0.06819446585707122,0.030313869234314058,-0.021004419931857143,-0.01892405829514998,0.17793845508960207,-0.012334935246121377,-0.07174964271915532,0.034352395272571515,-0.020973481679964292,-0.021860308727555955,0.07473742471936719,-0.020789304345109852,-0.07562596494037342,0.02469349475087146,-0.022384243968714076,-0.012989894186101112,0.23467109151355492,-0.02149764137228592,-0.06755040630363739,0.015722580791292858,-0.025835634357056807,-0.0034533676784258877,0.2498073016050521,0.0051655172841494745,-0.06819446585707122,0.0335473199328717,-0.020382929459285666,-0.02101304411947621,0.07473742471936719,-0.020789304345109852,-0.07562596494037342,0.023330779354585805,-0.020545992528878815,-0.016428819833701796,0.11714597606462719,-0.0344266058817417,-0.0741848495768158,0.0289002183387854,-0.021333854953000005,-0.01801815778571763,0.09125137371718853,-0.027672339952679512,-0.07578889105614474,0.0328411770946363,-0.02067648541708572,-0.020570825032028322,0.0947998703632113,0.013215157069249424,-0.05099152938097066,0.02600621168720749,-0.02061240918485709,-0.017138862027734784,0.12334748787097159,-0.0341948286603103,-0.06245939555962312,0.020576375005228582,-0.020318343736264968,-0.015694141766751737,0.11714597606462719,-0.0344266058817417,-0.0741848495768158,0.021988286921585762,-0.021097647501592702,-0.0122671681043859,0.14666115083209044,-0.007705946080032484,-0.08029081176191363,0.029527235719842875,-0.021015834402164275,-0.018283947438706743,0.12889238652739407,-0.000608688161366341,-0.07198677408581226,0.0333829968630499,-0.02049562544426467,-0.020915619671554468,0.07473742471936719,-0.020789304345109852,-0.07562596494037342,0.025375170847321507,-0.020461587873628638,-0.01483163880364973,0.15130219085489066,-0.008132031792887746,-0.07159082910716766,0.018977790743428456,-0.021525456108621523,-0.009946695176748272,0.14666115083209044,-0.007705946080032484,-0.08029081176191363,0.03637604699464272,-0.02126258210552134,-0.02173129155875039,0.18761481837718258,-0.006077815614489802,-0.11826496771645795,0.03548568550097843,-0.02248633923983576,-0.023467003066966554,-0.00878044221727753,0.021107900059079223,-0.1004584670828565,0.03593281167882857,-0.022491633905799856,-0.02409066402805122,0.0744035351325417,-0.008525766179854979,-0.09756761568883655,0.037919084109085614,-0.017860520410514284,-0.01829693561226721,0.18761481837718258,-0.006077815614489802,-0.11826496771645795,28,0.03685377901787142,-0.019787528209164185,-0.02316690257034293,0.07473742471936719,-0.020789304345109852,-0.07562596494037342,Static,Right
F,22,2,2,3,0.0,0.0,0.0,1.3552527156068804e-20,-4.336808689942019e-19,-1.734723475976807e-18,-0.0277661281659357,-0.05164930741098588,0.10321170107703359,0.7223019335148508,0.5317449846584665,0.1739535459313653,-0.03702696052624276,-0.03503516377136425,0.05704963515216448,0.6392894441705704,0.31673934841139734,0.38585147982538254,-0.010756963790578751,-0.03602117519902113,0.027109751211677545,0.5998747874282881,0.04650708138377789,0.5380422254432945,-0.036415558751671497,-0.042049146839007324,0.08515386834656578,0.6929249621981083,0.49603743907165676,0.17720428310402686,-0.018947966045371484,-0.06178299030224279,0.11981381614472754,0.7223019335148508,0.5317449846584665,0.1739535459313653,-0.04805629138044284,-0.03866997218749232,0.08896877437994784,0.6288251720896983,0.24004312941196457,0.5412175077149298,-0.03107892661894264,-0.03391405740231426,0.045305765566791945,0.5714342952448839,0.15309255121155804,0.5403205141389607,-0.004715059749678792,-0.035654816755949614,0.017616481508715892,0.5998747874282881,0.04650708138377789,0.5380422254432945,-0.04280205533491424,-0.035142049193814105,0.06980766244571049,0.629907825297365,0.26687443506077735,0.5037969953870836,-0.05578392643359285,-0.03992438698153581,0.104740806711404,0.6288251720896983,0.24004312941196457,0.5412175077149298,-0.013014124286857274,-0.033429820784821554,0.01966955915384221,0.5998747874282881,0.04650708138377789,0.5380422254432945,-0.021628490665272025,-0.03478040749461407,0.040056620845159624,0.47509744393005043,0.15165349653667448,0.6650148729761923,-0.003237219610642847,-0.03946939910303577,0.02604140077879949,0.44185073944786823,-0.05052947639791075,0.690086922135291,0.006391022566485818,-0.03742913473154291,0.006517810237170541,0.35633787691479696,0.2739741776346235,0.6708159924346205,-0.015651388199607832,-0.03549195140607851,0.03270904969841979,0.40955527830116417,0.1518133892796092,0.7086439599663622,-0.03006089400683523,-0.033133106221764186,0.047979145052652,0.47509744393005043,0.15165349653667448,0.6650148729761923,-0.03962087417415729,-0.03397290320322864,0.0628685402695014,0.6152305057674015,0.21991932223954155,0.5186308074676935,-0.018545112253563853,-0.036111053608321404,0.03555357190739215,0.44028498563203916,0.038499780159922156,0.5897805132055478,0.0009656409149923018,-0.03581227107693535,0.0085830213488696,0.5998747874282881,0.04650708138377789,0.5380422254432945,-0.031429767699778226,-0.03361858217810695,0.04847960683594863,0.542695373977591,0.20626590169855621,0.5576453867582769,-0.04929606557071429,-0.03378491819757848,0.07641104277695503,0.6152305057674015,0.21991932223954155,0.5186308074676935,-0.0426558996096713,-0.03380179685741434,0.08823596518241414,0.6262709777704063,-0.8109483264231918,0.29012840357393976,-0.00966226172019989,-0.03825111341994313,0.03496138569912345,0.31928082245709044,-0.820188625235014,0.2016350179397502,-0.02817637087610714,-0.037648094640342925,0.059465021276501,0.6018706593085076,-0.6646490246660879,0.471529355467483,-0.05377189914345718,-0.02888759782573572,0.11249958884348589,0.6262709777704063,-0.8109483264231918,0.29012840357393976,42,0.004980709621507055,-0.03297644548642853,-0.006032753642502631,0.5998747874282881,0.04650708138377789,0.5380422254432945,Static,Right
F,22,3,3,4,0.0,0.0,0.0,0.0,0.0,0.0,0.03436343897815816,-0.02738627430802499,-0.13085424138192345,-0.5675478172583015,-0.1642574700168994,0.13302002554307507,0.034894874272908286,-0.04890638475215842,-0.09205761562836037,-0.5396621448059661,-0.18152527713025507,0.06391882412623345,0.020132402909792013,-0.0417777926631421,-0.05491806048154211,-0.5147549894197697,-0.22061100793591135,-0.08066615384814663,0.0372065302613,-0.040269218693083225,-0.11752682536093446,-0.5958823141660223,-0.15513721010175704,0.15048211123335448,0.03129555749416663,-0.015732513633041557,-0.1422551822623982,-0.5675478172583015,-0.1642574700168994,0.13302002554307507,0.04386753773823332,-0.0440340342478587,-0.13657480396021368,-0.41622802984209273,-0.284380356139789,-0.06739480395436329,0.03283584179671641,-0.04591159614921671,-0.09051022838779216,-0.4837296838628656,-0.23554742455435457,-0.06690637218157161,0.017646866707050096,-0.038751667618708074,-0.05237392708017561,-0.5147549894197697,-0.22061100793591135,-0.08066615384814663,0.040473526763974824,-0.04658667974105867,-0.11840030636329586,-0.47915628676776917,-0.25575926570892926,-0.02275085313094868,0.04719731270020835,-0.04422402280322471,-0.15184151835724122,-0.41622802984209273,-0.284380356139789,-0.06739480395436329,0.022081143065608162,-0.0426511487738249,-0.05889555495207367,-0.5147549894197697,-0.22061100793591135,-0.08066615384814663,0.03180879551773394,-0.03596310155000854,-0.10978758938016978,-0.39997587855687916,-0.35535980491000324,-0.22211885728691144,0.020579018689175527,-0.02887883726286666,-0.08036903000955185,-0.426366812844816,-0.25105503721580186,-0.30201603843676045,0.01339140652845822,-0.03085835043093363,-0.05104140485496605,-0.3398641446157647,-0.4087927100021434,-0.19257896860319634,0.027817938714725755,-0.03480383047109171,-0.09698345433080867,-0.390915449187082,-0.35564283613474595,-0.2614728246709966,0.036589649471525244,-0.038783445788508536,-0.12311426229889384,-0.39997587855687916,-0.35535980491000324,-0.22211885728691144,0.044645055630625104,-0.04590680100920812,-0.13093673221339922,-0.45700081770658635,-0.33849290663896203,-0.058227459843161085,0.027467673388258125,-0.03828766608086667,-0.0864395621347584,-0.5246672356323091,-0.26489424541843914,-0.16147326600528294,0.01560912780522566,-0.034818750659142035,-0.050965735850306663,-0.5147549894197697,-0.22061100793591135,-0.08066615384814663,0.03865117754011638,-0.04484795258675839,-0.11190854817158076,-0.500463949560467,-0.3323781399277184,-0.08946953857045091,0.049747877512608465,-0.04807653534492572,-0.14724588866689892,-0.45700081770658635,-0.33849290663896203,-0.058227459843161085,0.039529225522341505,-0.05177775050986661,-0.10314975819789021,-0.34166841520205415,0.49041374794043874,0.0694971178534806,0.019480559332683146,-0.04043005978983268,-0.05672324864422486,-0.39574798379000564,0.47923678386143,0.138226549495555,0.02990501359572501,-0.04711350772492544,-0.07871487483831117,-0.47008402623722084,0.4196893190962106,-0.04320843755547357,0.04740673510576719,-0.05470654371995008,-0.11938931429791395,-0.34166841520205415,0.49041374794043874,0.0694971178534806,54,0.01140409293081656,-0.03924518286756626,-0.027160626206908702,-0.5147549894197697,-0.22061100793591135,-0.08066615384814663,Static,Right
F,22,4,4,5,0.0,0.0,0.0,0.0,0.0,0.0,-0.023090959399366572,-0.055239431435424736,0.006218001489084281,0.09594489242530074,-0.15613556845304563,-0.1643116937587828,-0.019257913783116688,-0.052314507225308386,0.008786108539414932,-0.0006944616255335315,-0.03961088764059541,-0.22631037008044946,-0.019675449955592124,-0.055376020316108075,0.0008208399467496406,0.09743402156494034,0.0839404846420163,-0.20414157274799405,-0.020413933951908225,-0.052986860750399996,0.007840482760784749,0.03285065738453423,-0.14408977593085204,-0.17911156301122683,-0.02586692312729158,-0.058317546535241675,0.005382946915063097,0.09594489242530074,-0.15613556845304563,-0.1643116937587828,-0.02454820574510833,-0.05439290218261654,0.022669803728100894,0.15241386738859874,0.06182786704748516,-0.212180443320473,-0.021245826191916554,-0.05351984463379163,0.013282306219368023,0.11715874792763675,0.06074903351423653,-0.20999481828323252,-0.021462230720008354,-0.056481161414825364,0.003941364155365944,0.09743402156494034,0.0839404846420163,-0.20414157274799405,-0.022699252114591506,-0.05331706028322522,0.019219094669416695,0.13638714942984126,0.022617048348753485,-0.21724511053965725,-0.026218653229191667,-0.054587006358733585,0.02687483782637389,0.15241386738859874,0.06182786704748516,-0.212180443320473,-0.020853567967500066,-0.05471385675568338,0.007170572992806765,0.09743402156494034,0.0839404846420163,-0.20414157274799405,-0.027936672834191528,-0.05715296940873337,0.026561458988091917,0.11757674754225057,0.13260521197529707,-0.16993040144813043,-0.026825146644041807,-0.05932538760756666,0.01639385404870093,0.1206184237901772,0.15465516931243803,-0.13285382081758615,-0.024562565942874696,-0.058729705817499755,0.00881014337450007,0.10895704033354896,0.1208070438629694,-0.1780122595175664,-0.027026418683425323,-0.05750723753715837,0.02270655633257456,0.12980559810536696,0.13277419848676628,-0.15772856302398017,-0.02864523751475051,-0.05624589624405802,0.030641851084760762,0.11757674754225057,0.13260521197529707,-0.16993040144813043,-0.023051584136341927,-0.05359632093546693,0.02464319659074842,0.06036756569837234,0.08717982845583377,-0.20964470440287422,-0.02396638114080841,-0.05610841805414997,0.015517576498956978,0.08153356584165403,0.1296006608542122,-0.17792344273675795,-0.023243712903867057,-0.057429045028749855,0.007792411592141832,0.09743402156494034,0.0839404846420163,-0.20414157274799405,-0.023094329930241807,-0.054167602022183466,0.02147102702190761,0.06765446742222356,0.08996098242025632,-0.20417947238925693,-0.022852396614341765,-0.05284193112288271,0.027684832030402944,0.06036756569837234,0.08717982845583377,-0.20964470440287422,-0.01821804076521654,-0.05306797802067495,0.0019445419041410241,0.15652017674059526,-0.018076184649070317,-0.266306864441481,-0.0193911044721083,-0.05618778898542479,-0.0024582363814436748,0.04236261399324062,0.028884794184299206,-0.2540117023249308,-0.018265390536010093,-0.05483023959190814,-0.0022038584452562415,0.11703258315584514,-0.03455834690968552,-0.2435088418777714,-0.017040443606075473,-0.05024297263055822,0.004972435364033096,0.15652017674059526,-0.018076184649070317,-0.266306864441481,66,-0.02062389561782497,-0.056023007550366516,0.0010144802501249604,0.09743402156494034,0.0839404846420163,-0.20414157274799405,Static,Right
F,22,5,5,6,0.0,0.0,0.0,0.0,0.0,0.0,-0.032405228365423436,-0.04534344604887652,0.015599716103147495,0.28368093446619075,-0.21599478812989176,-0.12716863693235617,-0.02473608920390588,-0.03551612669166465,0.011898412939735075,0.23117830411462462,-0.12249668826445437,-0.24397281412722052,-0.01884476196658816,-0.03717939895822341,0.001116314791895517,0.28339092734832616,0.05574799236050345,-0.24952677990816613,-0.02948168165495298,-0.04023037264634124,0.015314092907399025,0.2424795997775292,-0.21325089636731182,-0.1570744733350952,-0.035235707674400166,-0.05060973967652353,0.016234058972059852,0.28368093446619075,-0.21599478812989176,-0.12716863693235617,-0.03618816065640587,-0.03843593356092348,0.02861656164336345,0.34118602268541925,0.051829775009411716,-0.24460911482908734,-0.026805752338617716,-0.03523534755265295,0.01547110913611084,0.30035097701132185,0.034836529614667974,-0.24789679647086807,-0.020298517883382303,-0.03727492763256444,0.0034117173415837416,0.28339092734832616,0.05574799236050345,-0.24952677990816613,-0.03224660333160594,-0.036213206758782285,0.023599898525755395,0.3257313983276787,-0.0061204985573789115,-0.24871665471240367,-0.03996571090662353,-0.03931546685204695,0.033946419815672806,0.34118602268541925,0.051829775009411716,-0.24460911482908734,-0.021516490112300026,-0.03534023140090591,0.006698325389706435,0.28339092734832616,0.05574799236050345,-0.24952677990816613,-0.03660718777757676,-0.036972197868793966,0.02863057298597247,0.33640873461022974,0.1605950349568378,-0.1810129045995355,-0.029746941757806154,-0.03995894361199406,0.016877519091652124,0.3138318171371054,0.16292863461044485,-0.1321660895392193,-0.023194906498582968,-0.03866250852205878,0.007115148090117315,0.29576401079236736,0.1716457468701378,-0.1695632219287291,-0.033267133500029064,-0.0374203074336882,0.023783596978224464,0.3426221631466124,0.1612974268209351,-0.14738395298624762,-0.03997487243948811,-0.035932616013753034,0.0337682524398919,0.33640873461022974,0.1605950349568378,-0.1810129045995355,-0.03647517295530558,-0.035483404245187936,0.03035590639963007,0.31628763329812537,0.09174110951724414,-0.2611394785392821,-0.028449269923300047,-0.0372219741896765,0.016727989452282238,0.2956407507156223,0.12512885099695092,-0.21333793045300067,-0.02211487327575273,-0.03740304818698788,0.006336722867829896,0.28339092734832616,0.05574799236050345,-0.24952677990816613,-0.03280269399349387,-0.03514065398805293,0.02494916295146891,0.314429007824909,0.09266241913445196,-0.24027924858474356,-0.0399663205611764,-0.03536912617994146,0.035509623854852325,0.31628763329812537,0.09174110951724414,-0.2611394785392821,-0.022498599059841237,-0.03805200833165891,0.005940061228634937,0.13568301714748493,-0.1524074122241092,-0.36381689273397305,-0.018130065523600008,-0.03885990693724727,-0.001307310701264781,0.06492823104460631,-0.09516331536230102,-0.3748751976911175,-0.019436181365375223,-0.03832695554761191,0.0011606162443235939,0.13105034967328918,-0.18060923974215023,-0.3232749461714303,-0.023566866584293893,-0.0369704550262118,0.009296257531964848,0.13568301714748493,-0.1524074122241092,-0.36381689273397305,83,-0.01611082038288881,-0.0354178986855002,-0.0020196468006916,0.28339092734832616,0.05574799236050345,-0.24952677990816613,Static,Right
F,22,6,6,7,0.0,0.0,0.0,0.0,1.3010426069826053e-18,-2.1684043449710093e-19,-0.05730003094029602,-0.031419755401940065,0.016897850220238823,0.32333751512091213,-0.3554677494653311,-0.1057813172517995,-0.045245557599495966,-0.018389704936095933,0.015724065351705455,0.2660495313515453,-0.2527485334752398,-0.3058100812823928,-0.037158281175684045,-0.018918623925971993,0.005962720150891611,0.3205590591948243,-0.003705938242595633,-0.3679594845027688,-0.05271551550141197,-0.024902570763196,0.01774364821574004,0.2792037982939616,-0.3551226061995466,-0.14863494603460375,-0.061763487974728096,-0.03778723744598395,0.01651168817117688,0.32333751512091213,-0.3554677494653311,-0.1057813172517995,-0.06188024243183601,-0.022155126108563964,0.03256597326737554,0.4110303003257974,-0.018183337329247914,-0.34997127341562834,-0.0485161796697678,-0.016993677491004004,0.020599178617539685,0.3439691585193026,-0.03482513463828721,-0.357954611002742,-0.03943766624913193,-0.018258673681924024,0.009111679563515997,0.3205590591948243,-0.003705938242595633,-0.3679594845027688,-0.05610364561209198,-0.018953699308723874,0.02799990271799447,0.38720831826369384,-0.09439323928380172,-0.3432473522853933,-0.06718243062417201,-0.023577377600867984,0.037769486785363966,0.4110303003257974,-0.018183337329247914,-0.34997127341562834,-0.040999049526671834,-0.01616727449330391,0.012666380677059944,0.3205590591948243,-0.003705938242595633,-0.3679594845027688,-0.06341798714799175,-0.017288116036192073,0.03592710990342419,0.4463673741787744,0.1282803852794099,-0.30179238035635403,-0.053565823448747954,-0.020579700651663996,0.023578924199896274,0.3873009527529366,0.149529082013345,-0.2517083047215636,-0.04409559270539599,-0.018738759573100065,0.014096132836316503,0.38479113306501717,0.13496984082012378,-0.2677639068539452,-0.058503003642328424,-0.017737316541651952,0.030936651741404482,0.45775499852021145,0.12908458368130743,-0.25708307806108516,-0.06839647882811219,-0.01618148662846375,0.04136220831274518,0.4463673741787744,0.1282803852794099,-0.30179238035635403,-0.06343004633203615,-0.017498212396924177,0.036926656589364455,0.4254136973398038,0.033331287237291965,-0.38080670680996076,-0.05132324002461193,-0.01829694856129598,0.02279667216150472,0.36757624817685436,0.09081533503136112,-0.33726410737526175,-0.04235641612074404,-0.017646273851440467,0.013012304002946177,0.3205590591948243,-0.003705938242595633,-0.3679594845027688,-0.05764635435080796,-0.016467554022391865,0.0312499695614843,0.42027451805658783,0.035240969309951034,-0.3541976249233785,-0.06884427551725998,-0.0178945994489399,0.04238249542272366,0.4254136973398038,0.033331287237291965,-0.38080670680996076,-0.04161629926989597,-0.022593931674060045,0.007553670624380617,0.08251171473173764,-0.15601105365578732,-0.4752847842413525,-0.036112768688191944,-0.021286820413903843,0.0027915403131251186,0.0029685101338934082,-0.08397767940657326,-0.48682224809592084,-0.03758820576720401,-0.021791571392363877,0.00402414240213922,0.06083553063963702,-0.21172336982359682,-0.44025446394534906,-0.04292287174058413,-0.022150467422535975,0.010173327196956185,0.08251171473173764,-0.15601105365578732,-0.4752847842413525,108,-0.033561072741803984,-0.01535946365573582,0.004696205509830965,0.3205590591948243,-0.003705938242595633,-0.3679594845027688,Static,Right
F,22,7,7,8,0.0,0.0,0.0,0.0,0.0,0.0,-0.006473092245982636,0.0006794013709957265,0.013717120523786645,-0.010431475563593877,0.19579251650720947,-0.022529589756211787,-0.01605098579760004,-0.005458451696630433,0.006637056782385713,-0.008480408710261804,0.17665449461716778,0.09028319848567926,-0.019142361480091095,-0.007600391843969828,0.002902425226530594,0.0006647158980522902,0.08783670221800045,0.17068706208358606,-0.010384626406973976,-0.0019426689625564905,0.01070549981675777,-0.017515499347944843,0.19764303666915956,-0.006329778099314345,-0.002609228274682404,0.0026214741699521486,0.016489337829391236,-0.010431475563593877,0.19579251650720947,-0.022529589756211787,-0.005276873604582613,-0.003975940482386978,0.009453881889421237,-0.015088391311891922,0.12718359369065627,0.1504266744582029,-0.013264072540869592,-0.007729283780899993,0.0032589084884957283,-0.012324771688767343,0.1199992195713673,0.15866410233237144,-0.016933364391082596,-0.009271911932365677,0.0003641316355421207,0.0006647158980522902,0.08783670221800045,0.17068706208358606,-0.008725598655565221,-0.005647485157587039,0.0066479336744780316,-0.012579886321745603,0.14790417046908647,0.13250702305648968,-0.0026898041950826324,-0.0028884322651220504,0.011645690005207298,-0.015088391311891922,0.12718359369065627,0.1504266744582029,-0.01665466850554802,-0.009625020089769641,-0.00010236517453494725,0.0006647158980522902,0.08783670221800045,0.17068706208358606,-0.0026000785337307914,-0.011242910390756512,-0.0013739603686012338,-0.07097747556871598,0.059413791968294674,0.17976320821183694,-0.007050331602360897,-0.010826418963826126,-0.0011930878968693089,-0.0554598691943371,0.023646272435975398,0.18642574366876521,-0.012658490899777882,-0.011661805064773968,-0.0029992242979267557,-0.08191928360772599,0.07678028860173215,0.15575520698477918,-0.004976617421017224,-0.011252369635513107,-0.0015763535047310356,-0.08235071781192939,0.05909506245222575,0.17234656453072825,-0.0004605295174695592,-0.011207196948152625,-0.0012020300897347157,-0.07097747556871598,0.059413791968294674,0.17976320821183694,-0.0038527153787826216,-0.00757019435383035,0.0029763188715474682,-0.04062656398096676,0.10289966196473269,0.1660718070874437,-0.01009599878551305,-0.00936858557877826,0.0008195469406036474,-0.041906291953133855,0.06204058801530189,0.18441467394308272,-0.014384229577200076,-0.011140520838212594,-0.0024029817542024702,0.0006647158980522902,0.08783670221800045,0.17068706208358606,-0.006867819119973915,-0.008748670176295645,0.0016592211079404008,-0.052769496334117254,0.10058474184875268,0.16527100898884553,-0.0014338153361522664,-0.0065851896077519755,0.004206577986095534,-0.04062656398096676,0.10289966196473269,0.1660718070874437,-0.021518431340912973,-0.001191964859130418,0.016871686837213132,0.1945356212174537,-0.09221334477661715,0.17000086314992402,-0.019766445250847826,-0.006152674212191719,0.0052882799509169475,0.1263265986492605,-0.11346000138810378,0.1626502472124073,-0.021846505374091295,-0.0037752643876913326,0.010919728546769342,0.16071284820832846,-0.040256821285273865,0.20231148032900695,-0.021981746344465113,0.0016005269879087014,0.02234272577693741,0.1945356212174537,-0.09221334477661715,0.17000086314992402,131,-0.020045264848977826,-0.011520734250182761,-0.0034636808133001054,0.0006647158980522902,0.08783670221800045,0.17068706208358606,Static,Right
F,22,8,8,9,0.0,0.0,0.0,0.0,0.0,0.0,-0.043871492626114415,-0.02750909877839533,-0.07049649025167187,-0.022665904210960132,-0.22930090972747919,0.01141003475604433,-0.03542067870649525,-0.026301948108843003,-0.05565679406359449,-0.1341126574344601,-0.19019834156064336,-0.11105095781594765,-0.03362299357804758,-0.021849014427514458,-0.0442041370684387,-0.0860440670413373,-0.15387894843424033,-0.20399932959972744,-0.03944910491808566,-0.027034073758380964,-0.06519869024409647,-0.0875603422487431,-0.2268381320797888,-0.003489081590392231,-0.04841535605042402,-0.029036670695414372,-0.0742232065163334,-0.022665904210960132,-0.22930090972747919,0.01141003475604433,-0.048716631372152396,-0.02772174383378102,-0.06219129580964116,0.04310908449136599,-0.17809347238688553,-0.1791311158656375,-0.03904515011192864,-0.022869250326238103,-0.051719992366504146,-0.02731391238969338,-0.1687274188580317,-0.18770016269627154,-0.036397897024400064,-0.019173784936247596,-0.04117189176871831,-0.0860440670413373,-0.15387894843424033,-0.20399932959972744,-0.044047352157876224,-0.02543971084854748,-0.0582189062922649,0.014090963532232582,-0.2021815659975573,-0.15187417841306702,-0.05280186566864762,-0.02936602541657585,-0.06488154496657002,0.04310908449136599,-0.17809347238688553,-0.1791311158656375,-0.03626014875160456,-0.01983376392514754,-0.042317435197394726,-0.0860440670413373,-0.15387894843424033,-0.20399932959972744,0.002482635696776384,-0.03026991468666184,-0.08916106676092914,-1.1317589023075025,-0.27316104928621276,-0.15014197139245541,-0.047956057268333074,-0.015804241315542835,-0.04501191235778679,-1.1528537492103241,-0.1075180076324716,-0.22088860468320498,-0.042061006330062135,-0.01511659990735218,-0.037775772114424476,0.042703940161823904,-0.17078170681433555,-0.20452556632060065,-0.017274138259490496,-0.028345883618561985,-0.07038693118638101,-1.114292648532979,-0.27594038033467055,-0.26117152007793665,0.024435120531385707,-0.034642360817180785,-0.10914155975176394,-1.1317589023075025,-0.27316104928621276,-0.15014197139245541,-0.04892368666652391,-0.023102192933209476,-0.05882733124991051,-0.0007913374197446957,-0.1934478594827011,-0.1960041065516835,-0.04346377084782395,-0.019321709906733327,-0.04832820994617647,-0.04800413765880691,-0.13484822673437905,-0.2370946177134129,-0.039737304131709256,-0.01646426762982416,-0.03841081024751919,-0.0860440670413373,-0.15387894843424033,-0.20399932959972744,-0.04567192908384305,-0.02140828867430954,-0.054176127967243665,-0.007874256025235442,-0.18995696043678156,-0.19886639679248366,-0.05178623133093336,-0.02485078727484804,-0.06273723454252354,-0.0007913374197446957,-0.1934478594827011,-0.1960041065516835,-0.033801228551104776,-0.03020276600848087,-0.057461798698886866,-0.07609879862978632,0.04889880624811427,-0.12310263630253458,-0.03309839433236663,-0.02306689678472337,-0.04641274025396229,-0.1893883051730349,0.07592671147877111,-0.10847794938915836,-0.03263877050687621,-0.02762651619415705,-0.05275040387914796,-0.1397345062959249,0.00819989020006201,-0.13950459015614003,-0.03324706687683326,-0.031162005510390525,-0.059861414657770784,-0.07609879862978632,0.04889880624811427,-0.12310263630253458,152,-0.03337997111436689,-0.016794987430095238,-0.032913906176347756,-0.0860440670413373,-0.15387894843424033,-0.20399932959972744,Static,Right
F,22,9,9,10,0.0,0.0,0.0,0.0,0.0,0.0,0.003611036175688566,-0.019015299386238457,0.03749295519245086,0.6981498297960687,0.06585510946198274,-0.4960383409745949,-0.0006374329692230879,-0.00874834830560384,0.01480527830446943,0.3433868408443531,0.31252969392975033,-0.41905654368488277,-0.008231132821203926,-0.018250235039507727,-0.006359957671688332,0.21469255816271932,0.4182990318858119,-0.18284467679110386,0.0027769748024114747,-0.009945830508211536,0.02963264684077278,0.5642574464176462,0.08761525151862198,-0.5216429351156939,0.004422119948730889,-0.029997873940273076,0.04568333284181544,0.6981498297960687,0.06585510946198274,-0.4960383409745949,0.0013467880501000034,-0.013024279579138523,0.05391027908027275,0.43975248842954917,0.4501761029139532,-0.24149783007417489,-0.0004260933227962911,-0.015162464395407669,0.019233618946008675,0.36459669781961485,0.42248819111519126,-0.2250534175113665,-0.008426094243442326,-0.02350260065484214,-0.0038251350963315937,0.21469255816271932,0.4182990318858119,-0.18284467679110386,0.0016733887949884375,-0.012131038204573215,0.03958558138849088,0.46712843677281624,0.37969864624667776,-0.3011581574496959,0.0009886807389576687,-0.012181718535380767,0.06769298513703774,0.43975248842954917,0.4501761029139532,-0.24149783007417489,-0.006354654026357727,-0.020964864840577014,0.0018942055880424647,0.21469255816271932,0.4182990318858119,-0.18284467679110386,-0.019966086025007636,-0.023224429949688676,0.05568297169054348,0.7744569635991698,0.5457854218276257,-0.11976117154490777,-0.0033233360641538572,-0.0325687027822231,0.019129232220747118,0.8116882746413618,0.472831778050179,0.015542552699537757,-0.008583937551988545,-0.03270433466414615,0.000994299073716535,0.07371121398013324,0.47356390336535586,-0.15826790250158113,-0.0130477795497346,-0.024677741987257622,0.040745303340619876,0.7681411621700928,0.546503923067654,-0.04303069805734825,-0.027538312516184438,-0.01973484772474232,0.07170616563553565,0.7744569635991698,0.5457854218276257,-0.11976117154490777,0.0037436118170654556,-0.01572296072602711,0.049801151581837864,0.2787795361798643,0.4728597723296767,-0.22563040543120844,-0.0015615141691192242,-0.023563339425184626,0.020112396894219967,0.24308841442304066,0.4907237828679213,-0.08211437789508949,-0.008331058809534744,-0.029106060906003966,-0.0001269848787809592,0.21469255816271932,0.4182990318858119,-0.18284467679110386,0.0026254856279384602,-0.017891806624111505,0.037215091695404115,0.2929181611494449,0.4736206401511862,-0.20030629927299307,0.004779541381238479,-0.012963292102111649,0.06125804096682603,0.2787795361798643,0.4728597723296767,-0.22563040543120844,-0.0029523680228961888,-0.0021297987785538716,0.009657065618773759,0.5114898642353013,-0.05397149382905097,-0.30384822169825126,-0.008775921915796238,-0.01694776640536552,-0.009336891703419184,0.4082403983457458,-0.006353319902555454,-0.2878904301479127,-0.006211647892230759,-0.00851278101390771,-0.001950396770529388,0.467189509467495,-0.012159188516840714,-0.23355130005793834,-0.00030340448866542725,0.004872745249823108,0.017870595815050037,0.5114898642353013,-0.05397149382905097,-0.30384822169825126,178,-0.012361165168069123,-0.026734581416761376,-0.015461147744426472,0.21469255816271932,0.4182990318858119,-0.18284467679110386,Static,Right
F,22,10,10,11,0.0,0.0,0.0,0.0,0.0,0.0,0.030884959547423835,-0.02579183287519046,-0.006066370471066855,0.20442872394353195,0.16491230691790135,0.10985293742076634,0.027102486004438136,-0.021289932961799957,-0.018982500828527503,0.11775174618235118,0.06959413028406748,0.17022635190794608,0.036604990767642766,-0.01814253233013309,-0.01904287014597199,0.06920744511020091,-0.08677254845720267,0.18182086000703407,0.027665020787223816,-0.022791569650976187,-0.012270752025031594,0.1832996831220509,0.14990898553229456,0.11320506169727741,0.03424897445404284,-0.029396435475485656,-0.0001690583708421502,0.20442872394353195,0.16491230691790135,0.10985293742076634,0.019364315279714266,-0.022716587543285503,-0.01648282803996218,0.15743677797867242,-0.020477325306855757,0.19574641080465177,0.029010966235524054,-0.01876085083209047,-0.02424095820098227,0.1277459566910417,-0.046075035482023435,0.19139797931469119,0.03852204549311436,-0.01616948164530934,-0.022782243086584202,0.06920744511020091,-0.08677254845720267,0.18182086000703407,0.022625784149428563,-0.020731593290928624,-0.020438341947846612,0.14981694482325356,-0.0046884230067071415,0.19723002866806363,0.0151765809165905,-0.023996447388219377,-0.013593730389391387,0.15743677797867242,-0.020477325306855757,0.19574641080465177,0.03560482627584262,-0.01649988546356176,-0.02449046746722499,0.06920744511020091,-0.08677254845720267,0.18182086000703407,0.07562086443979063,-0.025266487815128524,-0.06534339340169554,-0.7414921112758692,-0.16668143106728206,0.24559340555107148,0.03836280365899493,-0.013612385755399982,-0.029776095682337564,-0.7804312024856205,-0.13455051417565758,0.19552323118360385,0.04213559712897588,-0.013117446572261953,-0.027892887829762326,0.04400161343312195,-0.055136513359515665,0.20109663761390273,0.060220918985404964,-0.023706294280514278,-0.051270440014704606,-0.7598982002234189,-0.1688357882960734,0.17150329364308303,0.09158784729209499,-0.028626670787137962,-0.08030611128874887,-0.7414921112758692,-0.16668143106728206,0.24559340555107148,0.022645060024209497,-0.018110853872528306,-0.02599341863060299,0.13292635286060198,-0.03333330458851972,0.18189835858431516,0.03321816314065228,-0.016159373556114316,-0.027416033058571414,0.094014005807877,-0.08864122915191582,0.17416917192813375,0.04035761311643337,-0.01408662310563301,-0.02684672694941963,0.06920744511020091,-0.08677254845720267,0.18182086000703407,0.026565380335776295,-0.017047242649380925,-0.027638387694682354,0.11891290848040938,-0.03777609209288679,0.18883683959965483,0.018490113702519084,-0.01904917269806134,-0.02445037388200331,0.13292635286060198,-0.03333330458851972,0.18189835858431516,0.024673354716038123,-0.024154339827142865,-0.00721435602559666,0.10073950572821232,-0.1836602577423617,0.148735013415903,0.037049671679247546,-0.01919324053099526,-0.01576630956061429,-0.033835903427835975,-0.19837748824092807,0.1270494886948155,0.030358505616699963,-0.022733771029514335,-0.01148682066818654,0.030970843791768298,-0.1583810691008812,0.17990554368636985,0.02106440896156189,-0.023906447433585738,-0.0013004139758909783,0.10073950572821232,-0.1836602577423617,0.148735013415903,199,0.04220041781084294,-0.014307792019614341,-0.024658617015565754,0.06920744511020091,-0.08677254845720267,0.18182086000703407,Static,Right
F,22,11,11,12,0.0,0.0,0.0,2.778268066994105e-17,0.0,2.1684043449710093e-19,0.04910876645348171,-0.03305469425125451,0.00030873579114959986,0.25884450424038924,0.37741961563202703,0.0365452161808478,0.036739229345972665,-0.03360811379975908,-0.019060974549393248,0.14661630685204138,0.2850542969009284,0.22561312370969008,0.039364184320981856,-0.03387611300280433,-0.02274889374575843,0.04988392575664595,0.02824980384786262,0.3391336132137231,0.04279004218106817,-0.031759787626445504,-0.008362284395359932,0.2340726623938887,0.3660261662877327,0.055191027762084816,0.05540578016733622,-0.03525804122904526,0.008302551463758934,0.25884450424038924,0.37741961563202703,0.0365452161808478,0.04070050548323638,-0.03375533346042269,-0.012213567258072145,0.15325597079957828,0.13231359259948555,0.3276602911172676,0.04069132361647728,-0.034225221163068247,-0.02571449601141873,0.13292386376190943,0.09826347089023203,0.33284051208792714,0.04265281305210454,-0.034239604782113596,-0.027569291042864076,0.04988392575664595,0.02824980384786262,0.3391336132137231,0.039977296720813724,-0.033744579289045416,-0.018513425032163817,0.1537817188575382,0.1647070781408951,0.3075864515370121,0.04004619921340453,-0.03372351969283615,-0.0074118160871525,0.15325597079957828,0.13231359259948555,0.3276602911172676,0.0411616969803003,-0.034736514186336685,-0.028934400850267793,0.04988392575664595,0.02824980384786262,0.3391336132137231,0.016820873849745187,-0.025565702108549776,-0.012180737172818267,0.8482547462541382,0.06725118402432843,0.2748300018940977,0.05239640554524104,-0.03400531645655454,-0.03359075918456372,0.8101590429258081,-0.08679192256042621,0.2951261109583951,0.04906456259185461,-0.03453430411043213,-0.03397239845149988,-0.06227688134842009,0.03870344979937732,0.3359725918538489,0.03083729084173149,-0.026711663393499993,-0.021975574101256275,0.8221642261896092,0.06737409926832201,0.35703112993013186,0.0009595112936184267,-0.023115924419418236,-0.0017337150754899576,0.8482547462541382,0.06725118402432843,0.2748300018940977,0.04434427934390454,-0.03337893689006832,-0.0242958544815057,0.11045761101463791,0.10840550179133779,0.3294299475073378,0.04630808352847294,-0.03424130435422724,-0.030123612618141157,0.06890753698569686,0.013250187441947238,0.3517105784462136,0.0463146875198819,-0.034675437598072484,-0.03263783302423244,0.04988392575664595,0.02824980384786262,0.3391336132137231,0.04452920326448188,-0.03380785231028641,-0.027962070545349937,0.0898584668248692,0.10161830831324958,0.33722212703230403,0.04350691942206814,-0.03296294160981414,-0.021066386758336365,0.11045761101463791,0.10840550179133779,0.3294299475073378,0.03189424876769533,-0.03123385864289542,-0.004252005365316822,0.31983857025327367,-0.20315121096411567,0.2869337338259905,0.039088204498541,-0.03312909964351358,-0.018534026629485844,0.09967208524357438,-0.23838273868893514,0.27035622028938455,0.03401057018025002,-0.03288642712480898,-0.011578845478827829,0.18424313138804047,-0.13217437938541793,0.342699265505488,0.030382494293563676,-0.027667893813431817,0.0045158561377419,0.31983857025327367,-0.20315121096411567,0.2869337338259905,221,0.041676158199317886,-0.035204348160627404,-0.032171826778378126,0.04988392575664595,0.02824980384786262,0.3391336132137231,Static,Right
F,22,12,12,13,0.0,0.0,0.0,0.0,0.0,0.0,-0.002042091322953783,-0.008382130135030712,-0.053424833715652716,-0.17823940151655396,-0.07063479449681051,-0.16817089954752118,-0.003971079595342253,-0.014543711228234571,-0.047460933468069115,-0.13084690953087535,0.043659187348620405,-0.16491476284734727,-0.008363231097349872,-0.017467536328923228,-0.051102063599887636,-0.008872453991880073,0.10275876520989122,-0.11488263370627509,-0.0013866322627961274,-0.011698362471903813,-0.050256275924858415,-0.20501798618380457,-0.04995689612632215,-0.1635128470011105,-0.0029097222967191553,-0.005763099433104088,-0.056024377032517,-0.17823940151655396,-0.07063479449681051,-0.16817089954752118,0.0013175404237153888,-0.013737830827730911,-0.040258667218831756,0.033212152481418414,0.1268829855402907,-0.14376991887883267,-0.0045450096524231225,-0.016425181226261496,-0.04504122578647707,-0.007906611922080696,0.1363424489832561,-0.13048510475477754,-0.009231279305334775,-0.018999776939000096,-0.04921984921854157,-0.008872453991880073,0.10275876520989122,-0.11488263370627509,-0.0006469835807462103,-0.014674381133246003,-0.0418313027531075,-0.008813472302756111,0.10784959831710123,-0.1548155858092803,0.0026909853778615427,-0.013084406250300242,-0.03752868738177365,0.033212152481418414,0.1268829855402907,-0.14376991887883267,-0.007852526688734793,-0.018038576395434457,-0.04737555258323466,-0.008872453991880073,0.10275876520989122,-0.11488263370627509,-0.015048477762196139,-0.01718275604276172,-0.028855655425511585,0.3032185992093248,0.18622940651745853,-0.11563966415036916,-0.008096946644596217,-0.02068892835748465,-0.043134853999757895,0.3053692082821078,0.17490370557968968,-0.06546591593810568,-0.010382155021134305,-0.020931102786215114,-0.04628346766279905,-0.016299118656700813,0.09288868336628082,-0.12228541832850161,-0.01194637241751122,-0.017681578367630794,-0.03463538898751822,0.3036547368828628,0.1866239745210719,-0.08538153841136496,-0.018291535737915445,-0.01592489464358834,-0.022638558186941157,0.3032185992093248,0.18622940651745853,-0.11563966415036916,-0.0024625015185460604,-0.016403229851523003,-0.03737475774954502,0.06675166206094009,0.11126029456818493,-0.1293969806485588,-0.006101230002242223,-0.018549504220873106,-0.043794749696002715,0.020346929767952673,0.13796334884958417,-0.09150232272029565,-0.009732954834819396,-0.02005645561121182,-0.046810950468094956,-0.008872453991880073,0.10275876520989122,-0.11488263370627509,-0.0035247802999002235,-0.01706414702988466,-0.03983233464617649,0.028475819877076883,0.11320289013635772,-0.12247698301910652,-0.00217712534014222,-0.015695797740319182,-0.034379770833946874,0.06675166206094009,0.11126029456818493,-0.1293969806485588,-0.005894454718999913,-0.01567117220136544,-0.05405165856942277,0.09079286047010279,0.043606287412047785,-0.1693769135598357,-0.008464730003519268,-0.017328184502219277,-0.05343529989995869,0.021350101890348465,0.06947564071485055,-0.15270557769669102,-0.006787373182076924,-0.016278881332588556,-0.05428639158158509,0.02340508980017196,0.026894174776536217,-0.16456847577752498,-0.004382121181665555,-0.01402060171324234,-0.05323776284249516,0.09079286047010279,0.043606287412047785,-0.1693769135598357,247,-0.011120369187345908,-0.019685988536953743,-0.04969451947326539,-0.008872453991880073,0.10275876520989122,-0.11488263370627509,Static,Right
F,22,13,13,14,0.0,0.0,0.0,0.0,0.0,0.0,-0.010302767312995667,-0.04093096611513488,-0.05326890597579196,-0.03862705230421078,-0.14204619429476656,-0.06932469253691009,-0.006745123707413072,-0.04246472938699135,-0.04394696644108173,-0.09976710764096412,-0.07299131305158982,-0.13150281162109081,-0.011611775212739239,-0.042268886839013316,-0.03893976255977969,-0.07864425828486786,-0.0001527743689418907,-0.15570623131464462,-0.007586213063800011,-0.04155436751086081,-0.049496630387608334,-0.08712714613199711,-0.13308366015823545,-0.07749465235518412,-0.01306149001853047,-0.041250572868243365,-0.055949222302581675,-0.03862705230421078,-0.14204619429476656,-0.06932469253691009,-0.009447567113021737,-0.043288808692886795,-0.04229143424270321,0.011344131246807984,-0.02146048265222894,-0.15584021935102352,-0.008707468507469535,-0.04270723748905216,-0.04019511637269538,-0.02571724109314977,-0.011841599123289057,-0.15690610830949261,-0.013226357663991044,-0.04246039875127371,-0.03637207440661076,-0.07864425828486786,-0.0001527743689418907,-0.15570623131464462,-0.00829122747626949,-0.042709909521208685,-0.041604579911091975,0.00963189675707864,-0.043016506796474875,-0.15160356922533408,-0.009982022882852172,-0.0434661372617519,-0.04235927259625136,0.011344131246807984,-0.02146048265222894,-0.15584021935102352,-0.011571286763699808,-0.04291645247988688,-0.036437856713473354,-0.07864425828486786,-0.0001527743689418907,-0.15570623131464462,-0.021143446255121642,-0.04097227376616513,-0.026716978329112444,0.2017325508203972,0.05838895959602127,-0.18441536353223598,-0.016172779025939138,-0.042843234819112924,-0.03521178642057956,0.11288042513677488,0.08436677120717317,-0.1529141788202587,-0.016713535906278602,-0.04300091805665679,-0.03324316874954011,-0.025289273993951245,-0.028453121368463227,-0.17015483381487756,-0.017627414456160933,-0.04125943942477387,-0.030429591524868606,0.19975559493316422,0.058985040336352504,-0.16463701410753762,-0.02482678459090866,-0.04013362402461291,-0.02259916936862293,0.2017325508203972,0.05838895959602127,-0.18441536353223598,-0.011626972394395758,-0.04232036569483486,-0.034782184877908955,0.04789259581178168,0.006703875766972829,-0.1638909495346908,-0.0121838321435393,-0.04279388327239124,-0.037521742587932436,8.008392657597526e-05,0.047248482387104364,-0.15253992354414184,-0.015137464743447729,-0.042984846533952334,-0.03394497358875379,-0.07864425828486786,-0.0001527743689418907,-0.15570623131464462,-0.010713824081369314,-0.04216390354865655,-0.03595514467896499,0.04422318196255128,0.009315609492338136,-0.16041517684357065,-0.012483068904326104,-0.04232925578213916,-0.03347251850849514,0.04789259581178168,0.006703875766972829,-0.1638909495346908,-0.003907346863134834,-0.03886933845042159,-0.04582230250251788,0.094591275423995,0.11937471245671019,-0.09032071277767009,-0.011890814889139156,-0.04167635992473928,-0.040645616662029156,-0.013183344982090776,0.13849823792510244,-0.05856169287546687,-0.007966452378260871,-0.04049499597416956,-0.044326909695481066,0.014268481808384293,0.11200173874216834,-0.0953065209264261,-0.00031347680443045284,-0.035958492245195615,-0.04604747115756295,0.094591275423995,0.11937471245671019,-0.09032071277767009,270,-0.014520260795947981,-0.04316286325648253,-0.03276127819969223,-0.07864425828486786,-0.0001527743689418907,-0.15570623131464462,Static,Right
F,22,14,14,15,0.0,0.0,0.0,1.3552527156068804e-20,-4.336808689942019e-19,-3.469446951953614e-18,0.03481095836602387,0.027523984141528766,0.041445964390823625,0.15994526958456137,0.08415318011025016,-0.3401566790737895,0.025536229526152456,0.025532235670738163,0.029042450126962497,0.07252893310131413,0.2583108166905635,-0.24172406985487702,0.012999640509514148,0.01594714298881488,0.011624566725881613,0.06857424660735464,0.3293465272498458,-0.06404215415325563,0.03267158371399534,0.02864763395016196,0.03806790171991979,0.09493214908003166,0.10969651503058059,-0.3382266642774709,0.03662818133607637,0.024670468808500115,0.04520285593723202,0.15994526958456137,0.08415318011025016,-0.3401566790737895,0.03462809140719531,0.022116739109628632,0.06290748881810344,0.19983772367022076,0.3474494042148566,-0.11860990962247077,0.02691043288062395,0.017995459032123833,0.03194881086140575,0.20304918830221996,0.3338086338895909,-0.10232261563259347,0.013598793575699803,0.010004793505394972,0.013198012641958912,0.06857424660735464,0.3293465272498458,-0.06404215415325563,0.03205991650026673,0.021704458331357066,0.05057614171676334,0.23261483880826636,0.3118930726179431,-0.16554009736494446,0.03713792100567151,0.023652695436218903,0.0744422544348463,0.19983772367022076,0.3474494042148566,-0.11860990962247077,0.016739392938309307,0.011534331160899863,0.01758556648217587,0.06857424660735464,0.3293465272498458,-0.06404215415325563,0.03303199326890981,0.004572859052528501,0.05545780143596216,0.13101555265829606,0.43096450211666415,-0.0033079393501846016,0.02503434590143337,0.0011320928286952135,0.03111475999534853,0.11559887332189603,0.4081432697958746,0.10491794733249293,0.01500387952678629,0.0002712946901004653,0.01631690915554223,-0.05238067610812143,0.33015745922379397,-0.07454109664117506,0.03039284968351882,0.0038853411347809954,0.045159550290917054,0.12301294069672596,0.43115507805021996,0.010191521887629383,0.03564733837768549,0.006628014514642731,0.0665966959187468,0.13101555265829606,0.43096450211666415,-0.0033079393501846016,0.03781193451621451,0.017668249203009564,0.059614534171208856,0.11961597961769403,0.379662043704277,-0.10054676020008907,0.026495915394142866,0.00968060208828575,0.032280588362499925,0.10379195421040492,0.38293470283767805,0.008709067188620447,0.014733954395833462,0.003578518593933788,0.015597215175006939,0.06857424660735464,0.3293465272498458,-0.06404215415325563,0.03403421776127625,0.015008402927333441,0.04792601155235676,0.13203557331481425,0.3801594945544316,-0.0860471658698575,0.041281821286843,0.02080998758631429,0.07012102270456029,0.11961597961769403,0.379662043704277,-0.10054676020008907,0.02113874545350476,0.03422461876573814,0.025758289046984868,0.33822942057733707,0.024162172234341778,-0.10778997906124836,0.01185668583885719,0.018529997914699912,0.009785945255331947,0.32497662540661293,0.03316323089231762,-0.09196967759384052,0.015776050011876222,0.0279677342800288,0.01688279858357609,0.29841822510018484,0.06381060652606833,-0.07035851565621308,0.024874430421552407,0.04080560266212868,0.03217794943216353,0.33822942057733707,0.024162172234341778,-0.10778997906124836,291,0.0065644091940092845,0.005179351167971031,0.0032289923075859354,0.06857424660735464,0.3293465272498458,-0.06404215415325563,Static,Right
F,22,15,15,16,0.0,0.0,0.0,1.3552527156068801e-20,-4.3368086899420173e-19,0.0,-0.022942061460451517,0.03801503373974838,-0.07179825179719417,-0.4636617420507573,-0.01734710351179265,0.714935224496771,-0.019493024987215144,0.03008535554657572,-0.050752396740116175,-0.5075477558628672,-0.3921091338875581,0.614687331572267,-0.01319773953079385,0.04137976808224513,-0.022413228979736414,-0.42812457856854624,-0.6250958158099776,0.2892212613382185,-0.022399215452757592,0.03224221370136054,-0.06691078085777652,-0.45176020791294125,-0.06460073412230999,0.734560516046249,-0.0233623363915182,0.04387595327651202,-0.07604467411860501,-0.4636617420507573,-0.01734710351179265,0.714935224496771,-0.02473054137938483,0.033829226331257525,-0.09265092917909605,-0.41574937173048127,-0.6428200521671358,0.38390939631497184,-0.019535379224778906,0.037384428723533335,-0.05594393584117324,-0.5113003187855509,-0.6213276932221179,0.3562644603994314,-0.012841449228009125,0.04748128993106049,-0.025429610386664803,-0.42812457856854624,-0.6250958158099776,0.2892212613382185,-0.022775752987281853,0.03390415319773036,-0.07902389934449068,-0.48358288534456545,-0.5506764963284251,0.4703891821880857,-0.027050806589996947,0.03228531149033955,-0.10567826996010599,-0.41574937173048127,-0.6428200521671358,0.38390939631497184,-0.014596688494609092,0.043909315317987814,-0.03298517887900638,-0.42812457856854624,-0.6250958158099776,0.2892212613382185,-0.023540656713400315,0.05480334923666978,-0.07950796871931232,-0.16565450011447158,-0.7056084390902949,0.11161847158614041,-0.016869013106230266,0.05858933997377871,-0.05521620380298557,-0.2584594429600307,-0.6880161551807296,-0.056742703141379205,-0.012541725445575826,0.058274662080984675,-0.03134720353388475,-0.20677662373377104,-0.7512998225709613,0.22256492534263186,-0.021051508572899728,0.05546395438265142,-0.06966878813997157,-0.20345912798554522,-0.7061335267252127,0.09182575272111056,-0.02675592927488171,0.05286116359506969,-0.08977176348284532,-0.16565450011447158,-0.7056084390902949,0.11161847158614041,-0.0252988158923364,0.038672178557296974,-0.08989186344782682,-0.24393823311352422,-0.6715333664664793,0.33935349021450373,-0.018491922833460624,0.047509518647424184,-0.05678955619936919,-0.39822738228317806,-0.7034152265508093,0.14381084947913603,-0.012865729361894052,0.05374927069904544,-0.030063732269983046,-0.42812457856854624,-0.6250958158099776,0.2892212613382185,-0.022403741665221185,0.041208205251196964,-0.07697297537628647,-0.3125825492885294,-0.6746910622414537,0.31269045672697904,-0.02857130824666361,0.03537727337967592,-0.10117390241057532,-0.24393823311352422,-0.6715333664664793,0.33935349021450373,-0.02399988673769391,0.022603583896796883,-0.03587913478809945,-0.49129642988642036,-0.05243328273851775,0.5717002909909612,-0.012787599995705995,0.04053733434770605,-0.018573026575865913,-0.6066188746519391,-0.13871559153980506,0.5452245269627585,-0.018398910635154527,0.029774385991463603,-0.02507778034983989,-0.6058132657001893,-0.08751576474009248,0.509767387474712,-0.027687462848178676,0.016769944953896967,-0.04100532654329037,-0.49129642988642036,-0.05243328273851775,0.5717002909909612,324,-0.009626757836011902,0.05040744900362443,-0.010014384640029524,-0.42812457856854624,-0.6250958158099776,0.2892212613382185,Static,Right
F,22,16,16,17,0.0,0.0,0.0,0.0,0.0,0.0,0.03756081031613245,0.022268797207158884,-0.01337045070876718,0.05947018245709957,0.19858089374252968,-0.028253869889690725,0.026879338562697072,0.014747321240967665,-0.016203374107982116,-0.13246200820057838,0.1875296016735301,0.08995902963690736,0.01798203690369409,0.012642144138547314,-0.013561643423982575,-0.1431750428792496,0.09467249404179832,0.16603796391193587,0.03397248161055591,0.02035462001272648,-0.01636561970803511,0.0011175939083027024,0.20047307826397492,-0.01207254984458381,0.04105197138199129,0.022617937239853045,-0.009970856161864937,0.05947018245709957,0.19858089374252968,-0.028253869889690725,0.04437787362386767,0.017862518115094168,-0.02272198971388935,-0.12711206051557092,0.11772391053505521,0.13308915750990657,0.029520763964570543,0.011893834106876463,-0.018956175682678916,-0.2036782279498544,0.12425636623370254,0.14798350983269418,0.019693684625588424,0.010682521371906045,-0.015384897848475956,-0.1431750428792496,0.09467249404179832,0.16603796391193587,0.03909162163719118,0.0150896247837617,-0.02231226727766879,-0.1471674715987714,0.1461853076888699,0.1193325822109708,0.04852436998864709,0.019294359871244105,-0.0230107098314973,-0.12711206051557092,0.11772391053505521,0.13308915750990657,0.0215786947423501,0.00969474516433531,-0.016699216727737814,-0.1431750428792496,0.09467249404179832,0.16603796391193587,0.040373030133897043,0.008683735223494159,-0.024697955652499957,-0.13138156224414374,0.033573549112516914,0.1366297239599979,0.03265207819264422,0.010271749099926463,-0.021192962434746238,-0.16839226257883524,0.01852574434573474,0.14316545701375144,0.023311305640464467,0.008735121811850148,-0.0179429220395913,-0.2092410402041242,0.024547540662557817,0.11280997849601303,0.037212502884691134,0.008773324680694113,-0.023652494358609444,-0.15309327557188027,0.03297480356038193,0.12258562353167454,0.043236274945852894,0.008492219330867667,-0.02566102488585845,-0.13138156224414374,0.033573549112516914,0.1366297239599979,0.04514257342755594,0.011758813858911837,-0.02672009216158199,-0.1499262938345219,0.07670957274896743,0.15823310129420787,0.031399074355850105,0.01076755998654414,-0.02038281107515003,-0.2364000900268268,0.05358501951656754,0.1675950412936744,0.02203708143613836,0.008798370858794065,-0.017367069030640853,-0.1431750428792496,0.09467249404179832,0.16603796391193587,0.04007023695109409,0.01040135882402346,-0.025001804581185994,-0.18610841235840658,0.07554107902793279,0.15111851232147785,0.04906493662389114,0.012763794490673617,-0.027862551080943383,-0.1499262938345219,0.07670957274896743,0.15823310129420787,0.021492974443944157,0.019125902746197094,-0.010079509801112536,0.16976492659505482,0.05232279870261773,0.19202293077974159,0.01698911160177056,0.01488795740201204,-0.01195821886455866,0.07861923794051452,0.01852339381493444,0.20815845942541497,0.018131516155200013,0.017027224893717566,-0.010712525659529942,0.07071425207273414,0.08986195428637628,0.20082115144370796,0.023701142156955905,0.02216746737999116,-0.007866206628653899,0.16976492659505482,0.05232279870261773,0.19202293077974159,358,0.013665496027658623,0.007508267757520434,-0.01441509996051828,-0.1431750428792496,0.09467249404179832,0.16603796391193587,Static,Right
F,22,17,17,18,0.0,0.0,0.0,0.0,0.0,-3.469446951953614e-18,-0.016652478720054292,-0.013502532877505758,0.00386922179425359,0.1394041821112007,-0.04324853669570978,0.019206144488023075,-0.012563422495488542,-0.00718550346092,1.9572007289462113e-05,0.12018180911898582,-0.05259575746313316,-0.01878451961990694,-0.008421746161145684,-0.007584692338174248,-0.004452594965005064,0.08905128161823705,-0.011594213044726052,-0.03766089430638384,-0.015694585278014258,-0.010325867658388548,0.0027095990665463128,0.1299473614602646,-0.04879042952231435,0.008309485443983607,-0.017531617011091405,-0.016600023904620082,0.004968372788946173,0.1394041821112007,-0.04324853669570978,0.019206144488023075,-0.016503992967628545,-0.007626030610277264,0.0035158270121428583,0.07002485665961378,-0.006329150211357426,-0.03515211370731449,-0.013195803728891339,-0.00649147096137712,0.0006003927462226518,0.07508395209291711,-0.008785378800185387,-0.03413174786376762,-0.009020969404097126,-0.007201513577111321,-0.0038214560671624874,0.08905128161823705,-0.011594213044726052,-0.03766089430638384,-0.015565385332379902,-0.007126615084414306,0.002886268588420113,0.0405490095599984,-0.01370153280132916,-0.03130026808408675,-0.017847895664645685,-0.008035339767019955,0.00470901716434887,0.07002485665961378,-0.006329150211357426,-0.03515211370731449,-0.009870363164968643,-0.006030813460225685,-0.0023378795378884254,0.08905128161823705,-0.011594213044726052,-0.03766089430638384,-0.01727799771544563,-0.005928959724114346,0.004266486448320105,0.14494174623669584,0.022169288948257482,-0.02135571100282169,-0.013035439426254233,-0.007123963698422842,0.00044367388545455213,0.10751324646284299,0.014210253807434025,-0.012219573588739216,-0.00964086334552249,-0.006520064573814482,-0.0026201484144624666,0.09307024762080895,0.02634867607745178,-0.011545692596341214,-0.015477576278671447,-0.006060279392462824,0.0026585511892718273,0.11204767598382831,0.022323674333236888,-0.008685233784743904,-0.019861237683548603,-0.005521031279437169,0.006343774027942453,0.14494174623669584,0.022169288948257482,-0.02135571100282169,-0.013842173394402814,-0.006137045665217145,0.0025274684192904424,0.027332392780759763,0.012711355236361795,-0.03448169589863289,-0.013257152981588546,-0.006642718118600003,0.0006775869729398153,0.04101120265439192,0.01805866728991668,-0.0288541100423654,-0.009438497619340076,-0.006252254616342929,-0.0027543502599369747,0.08905128161823705,-0.011594213044726052,-0.03766089430638384,-0.014060936636137155,-0.006258329824319991,0.002268969624936404,0.0006603786983781328,0.013362482599245313,-0.03203420407428973,-0.014161678624917096,-0.00611278449709167,0.0032597416394370624,0.027332392780759763,0.012711355236361795,-0.03448169589863289,-0.011875919052539994,-0.012620812604580034,-0.0074698503928621015,-0.06682699236549255,-0.04253474670031856,-0.12835684824179716,-0.0078434205271543,-0.009010042366474378,-0.005709795762799868,-0.05190790473233396,-0.02611373048383765,-0.13739711371436716,-0.008943089958165706,-0.010547751115417113,-0.00626779608642483,-0.08062919958136143,-0.0724146405556423,-0.13091978616246716,-0.013112359775651367,-0.013933820952188558,-0.008026124360397235,-0.06682699236549255,-0.04253474670031856,-0.12835684824179716,393,-0.006602482633368579,-0.005557199574262748,-0.005313764494796476,0.08905128161823705,-0.011594213044726052,-0.03766089430638384,Static,Right
F,22,18,18,19,0.0,0.0,0.0,0.0,0.0,0.0,-0.03408192906385,0.005220739972390073,-0.06528106207800613,-0.09380346323550538,-0.32145238862299685,-0.10949057030713291,-0.02286051460610672,0.00697836571992341,-0.0481337835843236,-0.11466551591124573,-0.19531305111233654,-0.2654464947210761,-0.020972553523109894,0.00776295285349986,-0.04678986170931029,0.019114707038727693,-0.05785389138888465,-0.3271932008104914,-0.027580065570696664,0.005775927824400005,-0.0576774754790344,-0.12009752147441247,-0.306910368802171,-0.13203748811176866,-0.04066033339660018,0.004560171792986766,-0.0716737906643173,-0.09380346323550538,-0.32145238862299685,-0.10949057030713291,-0.036139697749003365,0.004998648360780155,-0.044598919279413146,0.09002404891724511,-0.10007894146063978,-0.3114512489873134,-0.02784091034959323,0.009012918640390007,-0.04054402320305965,0.010317091102771531,-0.08457207708829621,-0.31819697390908536,-0.025067682051613506,0.009106292132963129,-0.04114759211591623,0.019114707038727693,-0.05785389138888465,-0.3271932008104914,-0.03128564791018004,0.007413650463243325,-0.04306615216573277,0.07219444211499394,-0.14590013234792018,-0.2950453878929648,-0.03986131198104339,0.003676424088136513,-0.04447331163331037,0.09002404891724511,-0.10007894146063978,-0.3114512489873134,-0.024596121042979938,0.010536321202256812,-0.03865356699171063,0.019114707038727693,-0.05785389138888465,-0.3271932008104914,-0.046759371709716675,0.011282342997280086,-0.02557580795825023,0.17731577059088285,-0.0035589846958141045,-0.3327361467028959,-0.040437434355563476,0.00960169566432667,-0.032170645893087074,0.1098737075556107,0.06082880979402709,-0.31366344011596603,-0.03289839476099032,0.010849050214126662,-0.033358623724133486,0.13092086819439747,-0.03721887759819326,-0.3037345765541103,-0.04240351885715323,0.011084370370340057,-0.028022140669586887,0.1958677026445819,-0.0017723139598643388,-0.31445673971876575,-0.050718935705053134,0.011776300525729923,-0.022898978443865667,0.17731577059088285,-0.0035589846958141045,-0.3327361467028959,-0.037321211539183545,0.008743613363093372,-0.035120912460108955,0.07372033210363495,-0.07372626533743386,-0.32631312371179394,-0.0340530844469868,0.009566328075783304,-0.0358032581202687,0.01006017673920798,0.011972711941586403,-0.3281396877861824,-0.029650761951806586,0.010929658212809992,-0.03489740567204269,0.019114707038727693,-0.05785389138888465,-0.3271932008104914,-0.03408680472513339,0.009776176519713436,-0.03505400331212941,0.0776956539709616,-0.06730331172455038,-0.322790250473074,-0.04002669487712007,0.007969374369277053,-0.03487058942832081,0.07372033210363495,-0.07372626533743386,-0.32631312371179394,-0.014494048585006714,0.0012266318609466728,-0.0676665259448299,-0.14020915003975484,0.1381273643886134,-0.3653903065809848,-0.019991086196476587,0.005528661203139945,-0.052317203210857324,-0.15095505199046363,0.20179804044682098,-0.33682452684004066,-0.015356892726443347,0.003314290139400103,-0.06115148069676026,-0.1469819701143139,0.06968538838840102,-0.39446799634210333,-0.01223839218104998,8.816199730035213e-06,-0.0732978870333838,-0.14020915003975484,0.1381273643886134,-0.3653903065809848,423,-0.021349576974839822,0.01201609174201989,-0.036780863105684326,0.019114707038727693,-0.05785389138888465,-0.3271932008104914,Static,Right
F,22,19,19,20,0.0,0.0,0.0,0.0,0.0,0.0,-0.034469562005626446,0.06592414025699406,-0.00962521366349052,0.2414572395532328,-0.007565310636784939,0.08296745051562168,-0.03499082030215288,0.06550919622045868,-0.004954396333576889,-0.16033463491046984,-0.04335983465734535,0.05780621704846508,-0.03816230701400883,0.07005884588699997,0.010060212230802829,-0.20940937839602444,-0.13828322680540253,0.007575709083595808,-0.03413156127026471,0.06759802886139994,-0.01045297123772652,0.08106544997877159,-0.017087757866240966,0.07430544776052575,-0.03476238589466757,0.061502218626320465,-0.00712738232640312,0.2414572395532328,-0.007565310636784939,0.08296745051562168,-0.03000110745617057,0.06842044760352037,-0.024018577858690448,-0.2271125161312755,-0.14126970286633506,0.021721182786160854,-0.03549790422505891,0.06726502314537641,-0.005432091757197899,-0.296719203352158,-0.11992782899221688,0.016417271841419574,-0.03820100367494406,0.07168958626962325,0.009541042565199888,-0.20940937839602444,-0.13828322680540253,0.007575709083595808,-0.031171122568929423,0.06747840665892349,-0.017635866013414065,-0.21991895906365125,-0.12136632856828064,0.03893269495079148,-0.028416314359988214,0.06859727664374696,-0.030148308218061606,-0.2271125161312755,-0.14126970286633506,0.021721182786160854,-0.037449142955755924,0.06905888003020583,0.0055882507946652575,-0.20940937839602444,-0.13828322680540253,0.007575709083595808,-0.0389792553286204,0.07225311115807335,-0.013728626114085835,-0.05801815271530203,-0.22168801858023152,-0.07754356121425346,-0.03802762095930877,0.07459677894439992,-0.002969743279062204,-0.16963648365626335,-0.18294241063262143,-0.11355301782855824,-0.039192297522396786,0.07404411928223825,0.0076705104317675785,-0.1303030625456843,-0.21151704872062954,-0.03506852447580934,-0.0371893680762061,0.07251294560267929,-0.009867018555864358,-0.018952906878795677,-0.22125008778060767,-0.08232939838975302,-0.04011206089825886,0.07135701338604103,-0.018170531746862572,-0.05801815271530203,-0.22168801858023152,-0.07754356121425346,-0.02800077647346173,0.06701845982609685,-0.02535572731469679,-0.2639851434429944,-0.1977446838472639,0.026578012121452915,-0.03662520354981759,0.0706253965704735,-0.004598582147964899,-0.35892101678665117,-0.1659235100737105,-0.037542115043629296,-0.0387383308870589,0.07240105903219708,0.007908582480443871,-0.20940937839602444,-0.13828322680540253,0.007575709083595808,-0.030343432921264655,0.0674428049905735,-0.017344198969015286,-0.2695927455807512,-0.1954434838895127,0.00669884071125922,-0.025824943364094095,0.06617442394194085,-0.032635602431522755,-0.2639851434429944,-0.1977446838472639,0.026578012121452915,-0.042173470562505824,0.06915041185805297,0.013915403973529417,0.12073555199206458,-0.06904169144726549,0.2639972827855934,-0.03872374392335885,0.071411072866853,0.01214533050166133,-0.062136458540896285,-0.10061859749513541,0.2615226856365682,-0.04148464174259408,0.06912853026666446,0.01282467867001838,0.02289920872922499,-0.03316250328424534,0.2801511049342563,-0.04271057985878241,0.07033631227511755,0.01688546990288046,0.12073555199206458,-0.06904169144726549,0.2639972827855934,457,-0.03937154753852924,0.07086528676739982,0.0166358182785888,-0.20940937839602444,-0.13828322680540253,0.007575709083595808,Static,Right
F,22,20,20,21,0.0,0.0,0.0,0.0,0.0,-3.469446951953614e-18,0.0220098112863543,-0.056424840394794326,0.04559459025682241,0.5254692099925782,0.021155110285285612,-0.24373898080091258,0.0235018402935743,-0.04182013717407426,0.022888493322257935,0.40519101957578524,0.13944072877277777,-0.2204495123551512,0.024214132060925684,-0.04984047021037722,-0.0008719862785230457,0.28207331610999553,0.26505652004657626,-0.09719278914444746,0.021834470030294303,-0.04732247051971146,0.038795205015843416,0.44912155543065585,0.030304256562618134,-0.26576331839624123,0.022286688825534258,-0.06680330195145139,0.05232537536824039,0.5254692099925782,0.021155110285285612,-0.24373898080091258,0.017620136633577158,-0.04702915532760004,0.059467722405071075,0.412842958962104,0.27884716214553895,-0.13277902580184867,0.023698928503645786,-0.04604902975621433,0.025721300102123305,0.4084771470657265,0.2503111819193484,-0.118842659796556,0.024027688138631487,-0.05351797425613111,0.0008480654599685172,0.28207331610999553,0.26505652004657626,-0.09719278914444746,0.019651196453831486,-0.04519783064052008,0.04668552926580451,0.3923846444879211,0.2307663264815049,-0.16561680992351233,0.014837406055954308,-0.04723284296435136,0.0722203284178999,0.412842958962104,0.27884716214553895,-0.13277902580184867,0.023951947946411496,-0.050056280114771604,0.007043708742436401,0.28207331610999553,0.26505652004657626,-0.09719278914444746,0.024107377277425585,-0.05673158030889437,0.04432261480040884,0.26915243070189515,0.3489516496621401,-0.005597262481499176,0.024320855087677166,-0.06066843252791148,0.023652440593543607,0.23767129396091638,0.3149437351639022,0.08359114232952197,0.024375103321805387,-0.05999569004606873,0.004803549201010912,0.16961888182602192,0.358745747122834,-0.04359887629505318,0.024142150561097152,-0.057289378873948575,0.03583919590310746,0.20134710654992863,0.3490913230142334,0.018769287468282388,0.022668006005068575,-0.05483383584291711,0.05408334417782914,0.26915243070189515,0.3489516496621401,-0.005597262481499176,0.022332922666042896,-0.0464099670967686,0.05386024610715297,0.2804508737928123,0.3229354100747823,-0.1261248785891827,0.023955996172814402,-0.05287961279090288,0.02554148086475315,0.2996208653562684,0.3169887329076086,-0.020759687687490317,0.02421763310069152,-0.05680086549223993,0.004032078180885423,0.28207331610999553,0.26505652004657626,-0.09719278914444746,0.022779016270494248,-0.04786930130026006,0.04245114754786651,0.26242063105255736,0.3226559989743622,-0.1015792551659126,0.02138286615915151,-0.044461505828854234,0.06468905885880866,0.2804508737928123,0.3229354100747823,-0.1261248785891827,0.030871437299334337,-0.04050587358036007,0.004718248946817513,0.1753528419670136,0.030236922645999267,-0.34321280710879526,0.024487018598614352,-0.05050972208491746,-0.0038904749703773615,0.2286108751900348,0.08098646842035656,-0.32984741985956795,0.028346024746931448,-0.04401980081112568,-0.00064859116079008,0.1945051893353604,0.024737759528727636,-0.3215447352051299,0.03321951928121429,-0.037172867428068586,0.007351604994308509,0.1753528419670136,0.030236922645999267,-0.34321280710879526,492,0.02420496738918256,-0.054063530473328625,-0.011633882617248919,0.28207331610999553,0.26505652004657626,-0.09719278914444746,Static,Right
F,22,21,21,22,0.0,0.0,0.0,2.778268066994106e-17,-8.673617379884037e-19,0.0,0.0025882115223999276,0.01541817388866054,-0.029550248647371203,-0.2661786553431557,0.08090413825347607,0.2905624882396941,0.002939705659436814,0.009895185643149954,-0.022226584094348353,-0.09325972219715273,-0.09991720100187411,0.299864916569625,0.0045793474271579315,0.015070987421834046,-0.00743253606047398,-0.19243453802277374,-0.20766238807841134,0.18824226066898103,0.0014505209810342333,0.010059257221623688,-0.027111115812610193,-0.24399834852721825,0.06013169960843132,0.3103057189060699,0.003793832334186875,0.02106562758069475,-0.03175639540573419,-0.2661786553431557,0.08090413825347607,0.2905624882396941,0.0009969836415184181,0.011386984218989484,-0.044267539591315914,-0.1579880513297967,-0.2249996036455166,0.21880688099991344,0.003987114958889513,0.013098007199063148,-0.02646597342723098,-0.12972542545993887,-0.22256637104435117,0.21040360419668278,0.005309067374492071,0.017862039858344746,-0.009759895967058844,-0.19243453802277374,-0.20766238807841134,0.18824226066898103,0.0009552857814604819,0.010888115877660543,-0.03668697232667013,-0.21480570623459036,-0.17832877038331027,0.2509419781840228,2.6872134613167235e-05,0.010608328229486746,-0.05117475169284129,-0.1579880513297967,-0.2249996036455166,0.21880688099991344,0.004729477223673686,0.016113838854447497,-0.01376839255842315,-0.19243453802277374,-0.20766238807841134,0.18824226066898103,0.006903914904150048,0.021339104369163118,-0.04324374349003979,-0.1091209496639889,-0.26965465168378183,0.11779118821133203,0.007466510309226354,0.024275508234689464,-0.027456227919515373,-0.18110360356832308,-0.27243663423358144,0.050149146041397946,0.00707268488074217,0.023746069152508004,-0.013736089899701279,-0.13839706477131947,-0.2720464766257981,0.1495197149884719,0.006974180386089518,0.021747497281589475,-0.03706385092440931,-0.1511175400663334,-0.27055892171261287,0.10321970569786343,0.005984725520323818,0.020122532041205458,-0.04946576971278469,-0.1091209496639889,-0.26965465168378183,0.11779118821133203,0.006725956435073684,0.013596611068929038,-0.05020036930655776,-0.2498500498884577,-0.25043336701471314,0.21612662891317455,0.005629713646731485,0.018326926153413105,-0.027739612528934292,-0.20788734045022705,-0.2780098160932468,0.12654642138419506,0.0063165857347841315,0.02128893357885763,-0.012744669441708403,-0.19243453802277374,-0.20766238807841134,0.18824226066898103,0.004945252839676444,0.014406585274431496,-0.04047388131211383,-0.28138275373085614,-0.25236531719892485,0.19562323697986145,0.007891773802876301,0.012186678575241961,-0.058807180994571516,-0.2498500498884577,-0.25043336701471314,0.21612662891317455,0.008001246797315752,0.007563855579847365,-0.021712295621550366,-0.12774688897080488,0.15985971729880646,0.17754328732271998,0.0047214331973368445,0.014696933758500048,-0.005396201609841007,-0.2541074043789705,0.13695398438966508,0.2084112827999604,0.00604933825100263,0.009867328901486838,-0.01319478664580696,-0.23155777462323268,0.14177239112364817,0.13936560125641237,0.009737318849984213,0.006559588385547384,-0.026181283922108875,-0.12774688897080488,0.15985971729880646,0.17754328732271998,530,0.0054718394884582236,0.01912967050982641,-0.0010708116896211623,-0.19243453802277374,-0.20766238807841134,0.18824226066898103,Static,Right
F,22,22,22,23,0.0,0.0,0.0,0.0,0.0,0.0,-0.0009314718927666107,-0.0029805896522778165,0.01612007585077355,0.04125235950207086,-0.021401009356944865,-0.22864164356990138,-0.0012346695719111084,-0.00010639736744884811,0.008144621125317912,0.18891659470403185,0.10522161139690998,-0.20471047679690524,-0.0032136629974711846,-0.005598291705315336,-0.006182255086055013,0.1726501358670397,0.220071717595106,-0.1045662338418181,-0.0008676385796155737,-0.0018135662723311199,0.015357639580710434,0.06390076995266944,-0.001473353017232777,-0.23259464856823306,-0.0011138905527421626,-0.0038352858770933267,0.016445683532889076,0.04125235950207086,-0.021401009356944865,-0.22864164356990138,-0.0020526059080177776,-0.0029652710897733084,0.0288489775520355,0.206934800473768,0.201421799608797,-0.13477634642195765,-0.0012887831967689212,-0.003393954239111105,0.010659266031108788,0.22676515433757224,0.1901780562628041,-0.12498267442524752,-0.0034684547497022414,-0.008404392615538062,-0.004667776592999965,0.1726501358670397,0.220071717595106,-0.1045662338418181,-0.0017937211497911312,-0.002404011113757744,0.022072931612657564,0.2147100690137518,0.16676700143521772,-0.15961325578275726,-0.002336224923453347,-0.0026704700525222056,0.03547822608782373,0.206934800473768,0.201421799608797,-0.13477634642195765,-0.0028678068234377642,-0.006434502463488951,-0.0007901995470109107,0.1726501358670397,0.220071717595106,-0.1045662338418181,-0.00019071823699772135,-0.011184839386110984,0.023296339899607072,0.07086111841030725,0.2729592172016828,-0.03567377182087837,-0.0023681485377734118,-0.013520617972008894,0.010208103346450371,0.14342876980454167,0.2602189808329431,0.028708385296867592,-0.0036541371663799606,-0.013318763505908953,-0.0016443140566788418,0.09350438206771959,0.2735315954278962,-0.07544287521694161,-0.0012595540403665785,-0.011551847964513362,0.01815955376501566,0.08932492308078478,0.2733185802519067,-0.025703141915598963,0.00129090255675319,-0.01014109106487565,0.028649283556804354,0.07086111841030725,0.2729592172016828,-0.03567377182087837,-0.0037344275377866514,-0.004230232978235605,0.029417115034182942,0.2064386462139162,0.22412654799835696,-0.12801849929434594,-0.0017185090431489293,-0.008187223336975556,0.011026807046278371,0.23301861557471223,0.2285429006234978,-0.053601529819893516,-0.003496066078924491,-0.011136038608622043,-0.0022874613510557094,0.1726501358670397,0.220071717595106,-0.1045662338418181,-0.0029097921239334395,-0.005022147562124461,0.022016733309057967,0.21517551197149523,0.22474269845130243,-0.11020162047210717,-0.0044747202977289445,-0.003061730323977723,0.03615620132439132,0.2064386462139162,0.22412654799835696,-0.12801849929434594,0.00023532414852227174,0.002915401841795585,0.0026845592224729823,0.1980310503366879,-0.03706493177001969,-0.2243187304993198,-0.003264565714971137,-0.005490728484544271,-0.008250114712329542,0.20266994627909474,0.011855227194268448,-0.2204956359810609,-0.0016212553908577804,-0.0010032515242400556,-0.00467653024660071,0.2788572061795701,-0.014523048699001163,-0.19144582143790342,0.0011819051764844848,0.00561530230664001,0.006233739674112027,0.1980310503366879,-0.03706493177001969,-0.2243187304993198,575,-0.004447671381864632,-0.009454576564406516,-0.012248263396064126,0.1726501358670397,0.220071717595106,-0.1045662338418181,Static,Right
F,22,23,23,24,0.0,0.0,0.0,0.0,-4.33680868994202e-19,0.0,-0.022680596796680032,-0.03537835190707555,0.00026628283016484443,0.005008308038342054,0.09514602774561487,-0.030686634606541724,-0.027081076253037753,-0.037708153477342174,-0.003785920858541862,0.011307390908603181,0.09507404694814915,0.029597106639860187,-0.026161104490608822,-0.03811752797429559,-0.006827072275169167,0.04989787597701667,0.03434188335999331,0.07872803351303863,-0.024481147878528845,-0.036344985913322206,-0.0012410913647811453,-0.0002710484236566001,0.09772403091908499,-0.021503160929012406,-0.020933605208742195,-0.03473029416778665,0.0016626490788040889,0.005008308038342054,0.09514602774561487,-0.030686634606541724,-0.02580132283621554,-0.037978506434628856,0.0012505171514779838,0.041181860883735585,0.06513378142359993,0.07278724696428264,-0.02597851198218004,-0.03828928299844219,-0.005336555566822401,0.06513993374579388,0.054125050233218834,0.07427624404048784,-0.02503067889351773,-0.03859637155247086,-0.008251661810431002,0.04989787597701667,0.03434188335999331,0.07872803351303863,-0.02617111489835773,-0.037954840549099964,-0.0014406457094643746,0.06133656515100637,0.06940432993777605,0.062257089751129036,-0.025475086193615527,-0.0377717872905087,0.0032063723025110816,0.041181860883735585,0.06513378142359993,0.07278724696428264,-0.025560649144022243,-0.03880300398472893,-0.008482018482731167,0.04989787597701667,0.03434188335999331,0.07872803351303863,-0.022999529972617866,-0.03960322151717781,-0.006526472916390518,0.0038049938391982196,0.030323686925834783,0.09121956166891663,-0.022543495230426577,-0.03984618029716888,-0.007779803015757936,0.022567395901944322,0.005071193374699913,0.09523617680564447,-0.023254621091386655,-0.039864178133471005,-0.01015631238794827,0.008066967400814772,0.049902750647978854,0.08545112471582042,-0.023052510805391124,-0.039630179447277744,-0.007235204372265281,0.013647123933853944,0.029713175145751385,0.09237310224815527,-0.022794856804628824,-0.03949854561649562,-0.0059776997116505635,0.0038049938391982196,0.030323686925834783,0.09121956166891663,-0.026839418669153285,-0.03845942775217326,-0.0013796985116177995,0.08617156025516583,0.05308074615359249,0.07167338664235931,-0.024351828696502063,-0.039049569116099955,-0.006571025098464936,0.06514543704409437,0.025129831316177943,0.08777316616546492,-0.024035792955519927,-0.03954572217400676,-0.009867215476905887,0.04989787597701667,0.03434188335999331,0.07872803351303863,-0.025753653540366673,-0.03846639283784659,-0.004080106954455298,0.08881660540841935,0.050405113425420034,0.07770382184433541,-0.027874258605311092,-0.03829787207632449,0.0009516282418890272,0.08617156025516583,0.05308074615359249,0.07167338664235931,-0.028346377849117792,-0.03350307459828223,0.005826385876120074,0.2118507222608347,-0.10084842561019075,0.09682564774095663,-0.026394878358642234,-0.037571964493040164,-0.005154030105623969,0.10130153698958272,-0.1075658062777468,0.08908302874471559,-0.028333194225568865,-0.03599846599996872,-0.0006729653079548839,0.18330439553669003,-0.05792504869678685,0.1314793463772204,-0.02861701245182881,-0.030826000965428868,0.011376614931279939,0.2118507222608347,-0.10084842561019075,0.09682564774095663,620,-0.025141945374108732,-0.039337199094478,-0.011618883127703948,0.04989787597701667,0.03434188335999331,0.07872803351303863,Static,Right
F,22,24,24,25,0.0,0.0,0.0,0.0,0.0,0.0,-0.007772666906499932,0.05933683058442193,-0.125389302913334,-0.7242552318328465,-0.2576152860696405,0.21471211357737244,-0.004868926839180489,0.035894852553809684,-0.07654922542328729,-0.7111222116578895,-0.2971704133043285,0.07966620326953079,-0.010745996330824419,0.04590176109168755,-0.039619398276834465,-0.4517977819928033,-0.3447913616107384,-0.11624272067971858,-0.003353990275582927,0.0455868830601146,-0.10948789641108102,-0.7081971054506749,-0.25455607341871495,0.2258045631006556,-0.012579577064319619,0.07327629957169496,-0.13944735340968065,-0.7242552318328465,-0.2576152860696405,0.21471211357737244,-0.002217030675173166,0.04210627669117561,-0.13004051333618033,-0.5656953745489681,-0.4359304058566372,-0.062304776690228186,-0.008239113949982904,0.04192698791191214,-0.07494305566196083,-0.5351446732462799,-0.3776176633490425,-0.08200211078894101,-0.013989421135326792,0.051160739684668104,-0.03710372990385858,-0.4517977819928033,-0.3447913616107384,-0.11624272067971858,-0.004059204205860955,0.039826794393804855,-0.10766170581142691,-0.571224448403025,-0.3992066803904943,-0.006912488992096922,0.0012049520491244016,0.04199890393362175,-0.15066175047160657,-0.5656953745489681,-0.4359304058566372,-0.062304776690228186,-0.011682532486199926,0.0477724626336146,-0.043513291876932245,-0.4517977819928033,-0.3447913616107384,-0.11624272067971858,-0.01973435089186813,0.05670578751638527,-0.09639542822502425,-0.2669055484420277,-0.5139549028085292,-0.26884159714055733,-0.019987681852965945,0.06291085735840728,-0.06497647586299238,-0.3312987759534552,-0.4002708336017084,-0.3847887304305304,-0.01968294590452427,0.06207851329984376,-0.03578238178592715,-0.22437212119048558,-0.49603221221057026,-0.19985762652404382,-0.01875844790192199,0.05770552413789017,-0.0829759478774215,-0.24043294701269874,-0.5126025491037117,-0.2975298443024542,-0.01993282409012686,0.05387670494595365,-0.11074043286279235,-0.2669055484420277,-0.5139549028085292,-0.26884159714055733,-0.011113096188112185,0.04221248802880717,-0.11352135051210017,-0.4074126352163653,-0.4705923621672235,-0.07469259855741502,-0.013749466544656107,0.051769750221965796,-0.07086811226454348,-0.3762238106123697,-0.3971314556717308,-0.21883513129264637,-0.017150905475439016,0.05747614860551951,-0.03569994281666902,-0.4517977819928033,-0.3447913616107384,-0.11624272067971858,-0.011929572559163304,0.044649680859102384,-0.09485593014543829,-0.38397467823000403,-0.46463171492731625,-0.11007520719365083,-0.009328024225260944,0.039062604032856156,-0.13081321706305368,-0.4074126352163653,-0.4705923621672235,-0.07469259855741502,-0.004065357871982888,0.02645762669013173,-0.08304356868599469,-0.4785960203996905,0.3188711999551209,0.03439704932870829,-0.010492905866358529,0.04527254121486353,-0.041384468961947155,-0.5085837113351612,0.3152745408794088,0.08408598643015107,-0.006099034033948777,0.034110262899977976,-0.06082904042821023,-0.5475203478081488,0.2287777304087195,-0.059415363696208645,-0.0016439749341244734,0.02023352698923167,-0.0982856763481618,-0.4785960203996905,0.3188711999551209,0.03439704932870829,661,-0.015125951022417287,0.053617937355324455,-0.012083528091900952,-0.4517977819928033,-0.3447913616107384,-0.11624272067971858,Static,Right
F,22,25,25,26,0.0,0.0,0.0,0.0,0.0,0.0,-0.022033480739274473,-0.023064664930335987,0.05660192166472983,0.27924653278677897,0.052167914388827466,-0.22029090756744205,-0.02436688091690262,-0.016930167042625694,0.04042536706289503,0.22369204113687907,0.15849549830968845,-0.1683339031551164,-0.02033322002744356,-0.021897950813202498,0.021033959173697134,0.27047807968166204,0.17585101856284274,-0.04526176946179067,-0.022968591076833394,-0.018652358655476937,0.05192390516189498,0.22904964765480162,0.06576400976693991,-0.22746080104165867,-0.021130399398125627,-0.02860849316282059,0.06123433495826755,0.27924653278677897,0.052167914388827466,-0.22029090756744205,-0.03016784557082239,-0.020520983918774497,0.07389272589662349,0.3731783356551868,0.24245705712729398,-0.07180273111180857,-0.024152846278217996,-0.0195547607888949,0.04193289859132345,0.3463873299592674,0.21267728610089198,-0.06209346847440488,-0.01970469933468726,-0.024304606916699913,0.021242282516292118,0.27047807968166204,0.17585101856284274,-0.04526176946179067,-0.02787134180984878,-0.018666597385646133,0.06119661676850232,0.3662552692714536,0.20451504589866812,-0.10154434580887048,-0.03314238293818984,-0.020699291870353874,0.08611047883770719,0.3731783356551868,0.24245705712729398,-0.07180273111180857,-0.02092272067214109,-0.02234652421338465,0.025160424694443333,0.27047807968166204,0.17585101856284274,-0.04526176946179067,-0.024101958572918046,-0.026855711897966685,0.05820995985531495,0.22175085931561206,0.2866215752895723,0.03969108835276364,-0.02160331661992301,-0.030900418624618,0.039117309132543195,0.2331158092814252,0.243651962278428,0.11185422721706989,-0.01909822428758727,-0.030110970490484723,0.022588946021849243,0.18025706733191552,0.27136840571647186,0.011636161771495759,-0.023115867608969234,-0.02749800213146671,0.05018406286205624,0.21192294158921518,0.28654384350910195,0.06267938661479977,-0.025473691784715424,-0.0251075333192001,0.0668616723189563,0.22175085931561206,0.2866215752895723,0.03969108835276364,-0.03167698932801547,-0.019065441273882055,0.07175120403352835,0.36815269821292657,0.2730400432507694,-0.07474703384199595,-0.023053412643366723,-0.024782677358215408,0.04120890073413891,0.35660051331686654,0.24853771074734682,0.018775845761401507,-0.019476460927100054,-0.02752867311763856,0.022052955607818316,0.27047807968166204,0.17585101856284274,-0.04526176946179067,-0.028237130486282135,-0.019881077916846176,0.05890901275859644,0.35275264894007313,0.27060577586006257,-0.04639708113900514,-0.03545672901209234,-0.01761473998356931,0.08372479217260985,0.36815269821292657,0.2730400432507694,-0.07474703384199595,-0.02056529832331035,-0.009380096307523123,0.04444835163772792,0.5073450425448904,-0.1570262685792202,-0.13523887518991926,-0.02026413471152819,-0.02192151843703362,0.02088035115653641,0.2750749488736982,-0.11925481804810023,-0.13422397691113597,-0.021261205202651325,-0.015618313283228278,0.029813898712487297,0.40596714149607194,-0.101657863372784,-0.05974044720358586,-0.01923268236892822,-0.0015898391232845954,0.056940553754577544,0.5073450425448904,-0.1570262685792202,-0.13523887518991926,700,-0.017719202893915285,-0.02511592509009758,0.00837761327628548,0.27047807968166204,0.17585101856284274,-0.04526176946179067,Static,Right
F,22,26,26,27,0.0,0.0,0.0,0.0,0.0,0.0,-0.02472011916017262,-0.02738386779406053,-0.01944420367910869,0.11082296845068107,-0.11394975407184572,0.030733200924315977,-0.01876857318081816,-0.022723753428378755,-0.014485575232212127,-0.023875938233679523,-0.10924597033025224,-0.04517386619531775,-0.018276306944763617,-0.02040260011017257,-0.00812465304650568,-0.0496194350576294,-0.07487154981239291,-0.10013791658748798,-0.022104001547484826,-0.02434517938557272,-0.018381888994951686,0.06449481745846875,-0.11835493949200863,0.015249765512398664,-0.027250911393663715,-0.031119223910690795,-0.01970172165459793,0.11082296845068107,-0.11394975407184572,0.030733200924315977,-0.021045083983246317,-0.02176591664834536,-0.023160393443461477,-0.05959262932646228,-0.09049025267932784,-0.08775892987966452,-0.02067079183543326,-0.020953011753527276,-0.012393285556391085,-0.10045414716088728,-0.07754927297639247,-0.09230073878464323,-0.019753820474075746,-0.01902531280241522,-0.006495766938533178,-0.0496194350576294,-0.07487154981239291,-0.10013791658748798,-0.020050119669063615,-0.02147389365744555,-0.019250527506684056,-0.06290697407640912,-0.09677618960450392,-0.07553789946370172,-0.021490073183599953,-0.022141312467302787,-0.026391616973281552,-0.05959262932646228,-0.09049025267932784,-0.08775892987966452,-0.019567253969830212,-0.019371636486275635,-0.007114180818107939,-0.0496194350576294,-0.07487154981239291,-0.10013791658748798,-0.02654606295750301,-0.01739143604524537,-0.010534672853185371,-0.018691780357930475,-0.04843768260543185,-0.11243930209147936,-0.025552373653778795,-0.01712478924371213,-0.00885722957890318,-0.008979985287470408,-0.018774328403453222,-0.12067466282014873,-0.022754382501675767,-0.016826158832424137,-0.004666551033684978,0.01418927317220163,-0.08623669914222029,-0.10230606260360534,-0.025686908927845566,-0.0173061037017212,-0.00962993710981488,0.010770653844272,-0.04766641674869012,-0.11308813730804049,-0.02661709844203925,-0.017646810673602888,-0.01183750047514219,-0.018691780357930475,-0.04843768260543185,-0.11243930209147936,-0.022140636126048427,-0.02083379595974547,-0.01844819172602985,-0.06211904378753163,-0.09045174779320497,-0.09134412348364429,-0.023096555073451635,-0.019052885340642416,-0.010641025092648275,-0.07958919586241657,-0.05593155305292602,-0.11450324699250526,-0.021522734044172688,-0.017576456228187997,-0.005011523602803418,-0.0496194350576294,-0.07487154981239291,-0.10013791658748798,-0.021781286075442323,-0.020266281184724216,-0.01506886835433647,-0.051349732733336484,-0.08772281535067267,-0.09706871300290343,-0.022080332997915182,-0.02149171192409684,-0.021574506228324186,-0.06211904378753163,-0.09045174779320497,-0.09134412348364429,-0.016551778960163573,-0.02373691872257874,-0.014960297771023203,0.009319796462805773,0.03555558820737939,-0.07045509448981976,-0.017960777176015182,-0.021050915110499717,-0.009330109921051363,-0.09779197034056306,0.059801106873866354,-0.0542419067649046,-0.01701187002865757,-0.023353855455154452,-0.01335012778167868,-0.03323256377656558,0.022790429947074167,-0.07392353531679087,-0.01554023784528188,-0.023163684946890927,-0.015425574521130879,0.009319796462805773,0.03555558820737939,-0.07045509448981976,733,-0.018434457460057656,-0.01777704494534832,-0.0018067326611487396,-0.0496194350576294,-0.07487154981239291,-0.10013791658748798,Static,Right
F,22,27,27,28,0.0,0.0,0.0,0.0,0.0,0.0,0.011463366847311297,0.030563470237054247,0.05172118194104295,0.17974908422213165,-0.08505729075981126,-0.1462517166192955,0.013733500788105714,0.03555196076673998,0.048028163747375896,0.08282467097030932,0.011726566710940573,-0.17923787326277138,0.009397079351359975,0.031882318206205545,0.041462112478014214,0.03947085749255218,0.13263027913413714,-0.14390195410039283,0.012894321199119969,0.03422662059559998,0.05082490485084035,0.14549050752699114,-0.07485573114885177,-0.16223957087119584,0.010002824371434427,0.02648872415589426,0.052815048946123,0.17974908422213165,-0.08505729075981126,-0.1462517166192955,0.010532013908045704,0.0325492393984742,0.06336598269366384,0.18911854928411026,0.1041573978892706,-0.1621560511353159,0.012818097079991412,0.033121222402934275,0.05135863192414606,0.1318635338933849,0.09969080904924073,-0.15644439878946484,0.008482591307068514,0.029901405628405476,0.04365537597232266,0.03947085749255218,0.13263027913413714,-0.14390195410039283,0.012066214302862857,0.03362683131546276,0.05848303217922872,0.1745280740206093,0.06963731907857108,-0.17279889838990115,0.008933573897862862,0.03228889062210834,0.0687171982128182,0.18911854928411026,0.1041573978892706,-0.1621560511353159,0.009794016533905658,0.030938419308351305,0.04609409016427729,0.03947085749255218,0.13263027913413714,-0.14390195410039283,0.01177562630231712,0.02782614955623983,0.061887014049203166,0.04786293551239052,0.16256273102106922,-0.1169811748000791,0.008501399277074337,0.02652250706876855,0.05340841583215995,0.04259991365402635,0.18221940842480758,-0.07282316835452321,0.006771557953865702,0.026466662304577022,0.047086179041877466,0.022286167803628434,0.14054321806118822,-0.140046258436204,0.010676813208371603,0.02757512675507429,0.05869581010623192,0.029482436411069103,0.16319511805281298,-0.11231543925034342,0.012665796155794254,0.028558136717925602,0.06560136080466313,0.04786293551239052,0.16256273102106922,-0.1169811748000791,0.013105926594731448,0.03262289676755424,0.06310456056684481,0.1116526170372408,0.1280623289533589,-0.1627971302006169,0.010876190769480105,0.029949467295371367,0.05287161001548289,0.055373307600215506,0.16019824089783719,-0.11494967535556053,0.0075956947162600305,0.027832072023640058,0.046367784082178044,0.03947085749255218,0.13263027913413714,-0.14390195410039283,0.013108911993419828,0.03202198353170568,0.05878806116633553,0.09621312119105738,0.1308010065054041,-0.15237536914867225,0.012776436053719963,0.03341818089631153,0.06743444515876014,0.1116526170372408,0.1280623289533589,-0.1627971302006169,0.015639135768197098,0.037253272262619944,0.038794032479028094,0.010698773209453564,0.09516936724230819,-0.17665407960111496,0.009231578397008574,0.03232404795770548,0.03920702304546057,0.10372537691873225,0.11764471949877452,-0.1582404431204934,0.012942641631474293,0.03592586545978272,0.039048575581528695,0.032079560732083415,0.08277239154461179,-0.18256301577733244,0.017684452489508697,0.038229883356597154,0.037571639285846184,0.010698773209453564,0.09516936724230819,-0.17665407960111496,768,0.0067740028630400234,0.02868080107369701,0.040799270628176273,0.03947085749255218,0.13263027913413714,-0.14390195410039283,Static,Right
F,22,28,28,29,0.0,0.0,0.0,0.0,0.0,0.0,0.02222312065933682,0.0052634166862133335,0.01753736612457959,-0.44387244102220863,0.4931080662696473,0.11462778807167626,-0.0047374441632233545,-0.021779778321146644,0.015247357839317138,-0.25119013241211063,0.3464698298315556,0.4082658568424744,-0.014256409516013323,-0.024583900474826406,0.016586929983327284,-0.1444867816073021,0.11768114096758317,0.5277481582912028,0.011267911657186701,-0.00931828001144666,0.014828539800206436,-0.357705563840596,0.490673437653629,0.18370259633359828,0.03282087652055664,0.020342414932176606,0.018938513015613133,-0.44387244102220863,0.4931080662696473,0.11462778807167626,0.03491697007688664,-0.013465692143643317,-0.003375984634460905,-0.28326538694022346,0.21010494980659652,0.4755889554687881,0.003781033697899946,-0.026238931000820004,0.003459478243768759,-0.31787512753485664,0.2045550032769023,0.5013938582185737,-0.008057011816833356,-0.027560499329339974,0.008475503872207295,-0.1444867816073021,0.11768114096758317,0.5277481582912028,0.02220520025732329,-0.020120691837206578,-0.0023801946566777863,-0.29868625853992276,0.2935361652611511,0.4486459469329456,0.04491370644835991,-0.009957103798909989,-0.00544057142233452,-0.28326538694022346,0.21010494980659652,0.4755889554687881,-0.006930057563856584,-0.02958152561400651,0.004652081473146178,-0.1444867816073021,0.11768114096758317,0.5277481582912028,0.03705987543263994,-0.030329712386103096,-0.015888256511559215,-0.1942882769060978,0.08781599823919342,0.5047640852614402,0.022036110737753252,-0.027063526500019974,-0.008448105667245106,-0.2801436276127368,-0.008948746011722917,0.5177484163378068,0.004817462893903312,-0.02984814324974991,-0.002658204948624563,-0.32057549761520465,0.03773438571983102,0.45733512777689667,0.0303490178478166,-0.030196261117193392,-0.014560525057094586,-0.25583339362543983,0.08457653552863693,0.48299344399941607,0.04239434277126989,-0.030510518711169853,-0.017047527059689985,-0.1942882769060978,0.08781599823919342,0.5047640852614402,0.033361181561629975,-0.02507900335652645,-0.009787636276570302,-0.16380108287007153,0.18120585315307516,0.5139646657234901,0.01308214240431,-0.027281361365816593,-0.0035447268280364122,-0.2560116336823522,0.059392046178568234,0.537125088582891,-0.0002718391336233026,-0.030229307311480075,-0.000285942356117082,-0.1444867816073021,0.11768114096758317,0.5277481582912028,0.02445948511513999,-0.027842145717766678,-0.00942527933863364,-0.22255019323069547,0.17126982464561444,0.508074493485467,0.03986767565052002,-0.023001349427643553,-0.009565916282226278,-0.16380108287007153,0.18120585315307516,0.5139646657234901,-0.01892608534625668,-0.01677062753390663,0.03381717819153637,0.13836909676617593,-0.06007102331433417,0.5274857987831377,-0.016099291198113267,-0.020709741625612992,0.023554938234012387,0.14452933638981502,-0.17566592092784597,0.5053537365788983,-0.020033415008623313,-0.018255331359946534,0.03154986887924924,0.06867326508173956,0.008719689267090904,0.543470110773392,-0.019571530316703438,-0.01507748343298336,0.03798535036811006,0.13836909676617593,-0.06007102331433417,0.5274857987831377,798,-0.017643710650336535,-0.03286282968180303,0.005818544864686724,-0.1444867816073021,0.11768114096758317,0.5277481582912028,Static,Right
F,22,29,29,30,0.0,0.0,0.0,0.0,0.0,0.0,0.007013364048425706,-0.02087677243598866,0.006183969697940294,0.2397097649643198,-0.06736259889904925,0.017237661442545335,0.012133920939362927,-0.012910286934528552,0.001634065261532254,0.15333833461513605,-0.07256235639305768,-0.04033634409754663,0.01608338082847997,-0.011992841794354444,0.0006420224515484628,0.06516835696814224,-0.05108052952670727,-0.0716278593953809,0.008426857867288555,-0.016445741428671473,0.004501641074731018,0.20758748815202055,-0.07504550488982939,-0.0008290811190448189,0.005775469908602842,-0.025513184700385824,0.007967801790509394,0.2397097649643198,-0.06736259889904925,0.017237661442545335,0.002194890212505718,-0.0151531183720371,0.00613121593328842,0.14827528391758876,-0.06359195641370731,-0.052921825129941875,0.01106689059013723,-0.01158773111841713,0.002613988911746664,0.13420295137542335,-0.07327556636459817,-0.061589523822831505,0.01536183362005164,-0.011067700728919678,0.001347227895468328,0.06516835696814224,-0.05108052952670727,-0.0716278593953809,0.005678677856671434,-0.013297260929059949,0.004741415756537314,0.1455491210460965,-0.08100391275714558,-0.04498493235910664,-0.0010592747340885374,-0.01626892352691712,0.007494573896174997,0.14827528391758876,-0.06359195641370731,-0.052921825129941875,0.014494848434662852,-0.010587825417605716,0.0019468716273277505,0.06516835696814224,-0.05108052952670727,-0.0716278593953809,0.005739053049711504,-0.009922037701883013,0.004279296237893639,0.08120534355738954,-0.037616415364031604,-0.0629777833126021,0.009953164812577147,-0.010596900744005716,0.003457915976122304,0.08845298161095169,-0.030577854862023884,-0.07116431054035487,0.013881709208065831,-0.009978762533220092,0.0024638430899741976,0.09714897500665484,-0.01855882567714701,-0.046813006491766125,0.007458112780148599,-0.009963653265697151,0.004116294961912088,0.08343572582550918,-0.0370565612894798,-0.055200597025194656,0.00400415620573438,-0.009912415764060123,0.004488868569974002,0.08120534355738954,-0.037616415364031604,-0.0629777833126021,0.005608519075348492,-0.011834121460442971,0.0031675754502754846,0.05563132263709242,-0.06108443698918566,-0.06585772964020097,0.010377715202545728,-0.010965476269117208,0.003130919196330564,0.0614713847953572,-0.04685669668538224,-0.07748655244059616,0.014422537084028521,-0.010067546200388624,0.0022187315076685923,0.06516835696814224,-0.05108052952670727,-0.0716278593953809,0.007613407927380151,-0.011168155108011472,0.003330454060899799,0.06163823817149608,-0.060069440292938724,-0.06409922079152412,0.003925801915871474,-0.01240238920130836,0.0029734329784941002,0.05563132263709242,-0.06108443698918566,-0.06585772964020097,0.013762110899997154,-0.015112868649437198,0.0003016925643116261,0.0005146787982275104,-0.05661405642785051,-0.09967833647564536,0.016559794256828617,-0.01307716154606012,-0.00012765301487448032,-0.05683496321020561,-0.02801218202925779,-0.10521796910183231,0.015525581971271445,-0.014558913039260135,-0.0006767700603942717,0.003434986292071442,-0.06700074288536281,-0.09322115239406104,0.012915642851494338,-0.015386362877345738,0.0011119399186822422,0.0005146787982275104,-0.05661405642785051,-0.09967833647564536,833,0.01795127520856865,-0.009586549730680363,0.0012801099287886258,0.06516835696814224,-0.05108052952670727,-0.0716278593953809,Static,Right
F,22,30,30,31,0.0,0.0,0.0,0.0,0.0,0.0,-0.02436897418873096,0.014860234678290483,0.0035076467046360835,0.5963339543044884,-0.2630539119045957,-0.08151694320410596,-0.012500479434799995,0.031923613186888064,-0.002079796447907692,0.24976902345867022,-0.17822513329534512,-0.25368282532277175,-0.010040501283078545,0.032652282165966565,-0.0015762160666029262,0.03803226690578918,-0.06804663639686649,-0.3172275755526919,-0.019832365526907095,0.025359342907492817,0.0012989112157722538,0.46605625103720144,-0.2679090093490106,-0.13398794504332942,-0.02855751948667619,0.0029516938736976286,0.006619038517126027,0.5963339543044884,-0.2630539119045957,-0.08151694320410596,-0.03380108376283092,0.026222578003080907,0.010271563448283581,0.33603102235956117,-0.12465762442643886,-0.2866883648762186,-0.01610679498266428,0.033617863444002326,0.003065370834247413,0.2760258377143236,-0.13237054840315088,-0.3018922280533545,-0.01298517187914293,0.033782543852464084,0.0022622923729911245,0.03803226690578918,-0.06804663639686649,-0.3172275755526919,-0.026366769103680906,0.030328015317695103,0.007669182028738467,0.31025800059035147,-0.18397702535804014,-0.2677770250234113,-0.0406462469962952,0.023959695571492894,0.013665488959037275,0.33603102235956117,-0.12465762442643886,-0.2866883648762186,-0.012943413182416723,0.03489554058569281,0.004087997072746294,0.03803226690578918,-0.06804663639686649,-0.3172275755526919,-0.029315562972521414,0.03552116288827856,0.012372218942194963,0.19796567598049705,-0.023632340197852895,-0.3169942118943727,-0.024591720120152375,0.034358422694866636,0.008662377017335883,0.12142991266506907,0.040517412126993176,-0.3067151770092267,-0.018484968766864326,0.03530421978926436,0.007585926010555694,0.14876927147698288,-0.039162662102088054,-0.2882213292023921,-0.026613366462145228,0.03542833103890241,0.011307909179464592,0.15958811978265194,-0.021118005707406948,-0.2997729342651534,-0.03270890790792855,0.03580879951484527,0.014120334481721149,0.19796567598049705,-0.023632340197852895,-0.3169942118943727,-0.028875710971909427,0.033266044089681,0.010044053174368397,0.19654217765401907,-0.09137501564081414,-0.32060433562156226,-0.020355844595783348,0.03420144123896666,0.006258893729419557,0.13596495982269655,-0.016063400958124963,-0.3217290530796355,-0.016267519847959506,0.03535745555013107,0.006592386255510084,0.03803226690578918,-0.06804663639686649,-0.3172275755526919,-0.02434291416106192,0.03450494889474046,0.008835544223242548,0.18689080460144217,-0.0852801149281849,-0.31039971480728695,-0.03313694240486666,0.032229843176176026,0.011504515100802753,0.19654217765401907,-0.09137501564081414,-0.32060433562156226,-0.006779962549804731,0.026376595080426127,-0.017221789011485564,-0.20099306710582468,0.11524760625269996,-0.3670860803282252,-0.009193888031778575,0.03084529767674987,-0.00542853156889516,-0.15801122064157427,0.1809786529708269,-0.3434980545278466,-0.006298723321769027,0.028891435009399974,-0.011466258487968773,-0.20487064022438586,0.04186534177428958,-0.39960943910638946,-0.005966691221440471,0.024573792659909496,-0.021904271594757087,-0.20099306710582468,0.11524760625269996,-0.3670860803282252,875,-0.009804500817188139,0.03618135383532861,0.005132167249740792,0.03803226690578918,-0.06804663639686649,-0.3172275755526919,Static,Right
F,22,31,31,32,0.0,0.0,0.0,0.0,0.0,0.0,-0.030225813078151274,-0.046744048609541386,0.014828688946009236,0.007812612484405209,0.12985449984239555,0.18114567010586696,-0.03183608709578536,-0.04687151423281947,0.012024134740531099,0.024204822033232515,-0.0032654261008672005,0.22174804561086545,-0.02220340700681706,-0.0443367886018364,0.01120937167258142,0.07969759033426058,-0.10954731106668374,0.19370374866335824,-0.0322857757453024,-0.047401891010753594,0.012760397430228831,0.02100352505586005,0.11024001279987436,0.19277140455539693,-0.027998383063163428,-0.04587824566427788,0.01661494711762702,0.007812612484405209,0.12985449984239555,0.18114567010586696,-0.03383264459922192,-0.045738481722195065,0.004090178702669144,-0.021582044250783607,-0.06801457908591656,0.21383115332163552,-0.030235615300238987,-0.04423182994892435,0.007271748822426575,0.018978484619105677,-0.08283534225787344,0.2082348182666021,-0.020884100140090286,-0.04230816258174144,0.008275879877594218,0.07969759033426058,-0.10954731106668374,0.19370374866335824,-0.033475644187824366,-0.04568111754247553,0.00541949123449996,-0.025325778291710063,-0.03830113619246188,0.22092845083182658,-0.03472021468085608,-0.04621023894692432,0.0020789733212422386,-0.021582044250783607,-0.06801457908591656,0.21383115332163552,-0.02362127524890978,-0.0419423223009707,0.0074081346940310655,0.07969759033426058,-0.10954731106668374,0.19370374866335824,-0.027183541391731795,-0.03941164003334137,-0.0032012865366684747,-0.03333561141028701,-0.10544392987785851,0.2077486400019312,-0.021874379645160966,-0.03913552583174386,0.0023893105756854233,0.054434296292859966,-0.15791733559106486,0.16382167055785665,-0.017690004966861,-0.03855338095753423,0.004417303506855608,0.05887392323892526,-0.07185669801458763,0.21741070631131568,-0.02641175822877808,-0.039224834639221995,-0.0008847647736297014,-0.021565914937217524,-0.10735794510670812,0.20419748818921138,-0.02792048561424633,-0.03993196766473167,-0.005971560245114802,-0.03333561141028701,-0.10544392987785851,0.2077486400019312,-0.033755788983617044,-0.04376662868137805,0.0008701586509227203,0.03530990535725891,-0.06983185830777833,0.2059328583502814,-0.026487284176704845,-0.04165674635711218,0.004424280198169703,0.05802009521342884,-0.1286388086788391,0.17914659767458485,-0.01923254128732926,-0.039501372821446154,0.0053615216338504055,0.07969759033426058,-0.10954731106668374,0.19370374866335824,-0.03189536102539259,-0.042989617409178,0.0020468729066515584,0.026770411800945325,-0.07547366583324876,0.20574960148044813,-0.035676972652841435,-0.044614835608107126,-0.0002871669925118583,0.03530990535725891,-0.06983185830777833,0.2059328583502814,-0.033924829082924365,-0.05459088208022185,0.014436412061441651,-0.06785166817127902,-0.1708312579648989,0.09564125906163705,-0.021452881219748803,-0.04615372706436565,0.013107513157817047,-0.11600428792005035,-0.1852440920117153,0.058319940335488846,-0.02737859283870486,-0.05102259602410231,0.014481451736936256,-0.0921071930748078,-0.1782422104787326,0.1023863485364542,-0.038070380412331656,-0.05713702785569504,0.015857892130817595,-0.06785166817127902,-0.1708312579648989,0.09564125906163705,916,-0.016982388176178084,-0.039664462257012,0.007576865212619353,0.07969759033426058,-0.10954731106668374,0.19370374866335824,Static,Right
F,22,32,32,33,0.0,0.0,0.0,0.0,0.0,0.0,-0.031135412940069888,-0.032896063842395115,-0.0113817200956143,0.08995963164579804,-0.2500137965599399,-0.17304454710555828,-0.022224186367020043,-0.0246225719462151,-0.00955754600584226,0.08875337465464322,-0.1050666666556539,-0.2946871892441336,-0.02797452516726256,-0.027569412068637455,-0.011274575077910319,-0.03670727010816054,0.06367089314128521,-0.3124012624077241,-0.026647316364852548,-0.028260612417515065,-0.009114757826703141,0.10257741019551166,-0.23459219155157615,-0.20270147584585377,-0.035613029038872555,-0.03678236177678018,-0.013670699519249844,0.08995963164579804,-0.2500137965599399,-0.17304454710555828,-0.02575507877463755,-0.026108569493667584,-0.002010938513262454,0.03361576463000209,0.007838755327716204,-0.32002189214437804,-0.025637965033177605,-0.025928307343247536,-0.0026169893921276824,-0.009778008291221276,0.029306285580412896,-0.31934561376130866,-0.031355281433772454,-0.028699196175447556,-0.0059785284693747555,-0.03670727010816054,0.06367089314128521,-0.3124012624077241,-0.024419688466122573,-0.025369994850607498,-0.0020489111734731153,0.0345877318978876,-0.03587291330405343,-0.31885217681074074,-0.026075605393427553,-0.02615646553047265,-0.0008450641887980409,0.03361576463000209,0.007838755327716204,-0.32002189214437804,-0.0290816691578775,-0.02714487422266267,-0.002789390699473043,-0.03670727010816054,0.06367089314128521,-0.3124012624077241,-0.034218401782644986,-0.02933639440835268,0.009482645795312623,-0.06893728902718013,0.06030055114819978,-0.3033870620671739,-0.03741415511482507,-0.03016686386067511,0.004540507052897,0.021284232051626998,0.13319880793206093,-0.28845928813526517,-0.03712539913370498,-0.030013188796107537,0.0015947262574977947,0.029853527998429195,0.05090044256270466,-0.31536284978720025,-0.03542741783675748,-0.029424212266535035,0.0085420362221922,-0.02701407863545947,0.06291321807506928,-0.30745352420776273,-0.03179746909777014,-0.029171780287687528,0.010225710537140073,-0.06893728902718013,0.06030055114819978,-0.3033870620671739,-0.028846553528887618,-0.027038266579687605,0.0037689891114439725,-0.009513371387013874,-0.009432929301076736,-0.3168974241639433,-0.031182433384370028,-0.027927409632845044,0.0015552169308805128,-0.012551917835363498,0.07833547247538784,-0.3068043025569797,-0.03458025650136503,-0.029130212696925187,0.00020996373005510756,-0.03670727010816054,0.06367089314128521,-0.3124012624077241,-0.028655253654855162,-0.02699448599363009,0.003632567569152041,0.007375613713737356,-0.0011024853863443756,-0.3170615499157551,-0.028534891884010042,-0.026899229701222698,0.0038982848362192975,-0.009513371387013874,-0.009432929301076736,-0.3168974241639433,-0.016621762146084986,-0.026978750960137514,-0.028544819396469967,-0.08379631236877755,0.1944127482332775,-0.3821774724895924,-0.027580050295452543,-0.028265533036587725,-0.01691540715915155,-0.07936153652225009,0.27381618117510576,-0.33429836480307645,-0.020789316688830047,-0.027610303107477672,-0.024488690765327215,-0.057803855586147895,0.14699960125925765,-0.40679467960009497,-0.012925370886267471,-0.026536230649310082,-0.03328488713996303,-0.08379631236877755,0.1944127482332775,-0.3821774724895924,956,-0.03254974558134754,-0.02835923186848525,-0.003017872698547758,-0.03670727010816054,0.06367089314128521,-0.3124012624077241,Static,Right
F,22,33,33,34,0.0,0.0,0.0,0.0,0.0,0.0,-0.022389686585659072,-0.00902587931778629,-0.04068697409942041,-0.17539112378127447,-0.28497782932228655,0.02973855776184184,-0.012507387397029519,-0.006722028496502226,-0.02741424684957192,-0.07700455716888913,-0.2448821378424009,-0.13400187397875196,-0.0077904030483454244,-0.0029881097147749953,-0.02043103701957935,-0.018282330429526567,-0.17406805680570436,-0.24700404563377606,-0.017859417861118207,-0.009086356129611357,-0.0348798206674648,-0.1328334673499357,-0.28268995501712413,0.00865211904040598,-0.026919916545456706,-0.007802211498365861,-0.04630886714914407,-0.17539112378127447,-0.28497782932228655,0.02973855776184184,-0.029857986844488604,-0.009566914089640928,-0.031089468205975784,0.09717012890782102,-0.22915938221229104,-0.20172497409221796,-0.01629097006915,-0.003111706943740925,-0.023546844547747924,0.05600347430685184,-0.22107810695403726,-0.22092518925075913,-0.010716476669613596,-0.0002807578481045764,-0.017412910546715774,-0.018282330429526567,-0.17406805680570436,-0.24700404563377606,-0.02401768998636134,-0.0065641144392727,-0.02793829749325105,0.08144163363340472,-0.25993646544086363,-0.1711676368965868,-0.03489432492269998,-0.011612329552968098,-0.03336662830985419,0.09717012890782102,-0.22915938221229104,-0.20172497409221796,-0.011367432192095366,-2.1836506972735062e-05,-0.017378137536558858,-0.018282330429526567,-0.17406805680570436,-0.24700404563377606,-0.033168702931440856,0.0025950355671773223,-0.022057501086524097,0.18076301274143725,-0.20272233948747148,-0.29021370265833624,-0.024106986763793192,0.0026744193227887054,-0.0179966733393728,0.07248371410631153,-0.1379666540337501,-0.31918388422952426,-0.016369746901688662,0.003785452832086371,-0.013636346983800217,0.12186724671640312,-0.16058658135940682,-0.2263584126949874,-0.02819892374794549,0.0027631714395272735,-0.020240804359940662,0.17763759648669233,-0.20023526453832913,-0.27443827686671635,-0.03840811887657036,0.0021912992106908166,-0.02371799531329022,0.18076301274143725,-0.20272233948747148,-0.29021370265833624,-0.03666695248832491,-0.0038086748083635716,-0.0212233625804336,0.23949084266218104,-0.2088988328927514,-0.24387786172955586,-0.020293646808986387,-0.00010872176023180236,-0.020640518156449347,0.1718005190668875,-0.15366147710351746,-0.27839141536609185,-0.014157335180240836,0.002807517241661304,-0.01429056624775714,-0.018282330429526567,-0.17406805680570436,-0.24700404563377606,-0.028969629564836376,-0.001224670416695438,-0.020869219135487893,0.23775746944008558,-0.20524867161528276,-0.2346669909785619,-0.04364953673328634,-0.006110828104788478,-0.021321912418350103,0.23949084266218104,-0.2088988328927514,-0.24387786172955586,-0.004044598902934109,-0.012274536287661456,-0.038814893027178075,-0.2860367083049393,0.12559096029491926,-0.2558179984111922,-0.006711368281593185,-0.005119758539156754,-0.023208926646720765,-0.24037525696229048,0.180032878263248,-0.23397235498869,-0.003896250164190907,-0.009150882452754552,-0.03134300191149552,-0.23848863334971404,0.05834662897659115,-0.2982712047203108,-0.0035170406863886702,-0.015515542075093168,-0.04549252825029751,-0.2860367083049393,0.12559096029491926,-0.2558179984111922,1000,-0.006421048758352289,0.0030570932821365544,-0.011179276606027265,-0.018282330429526567,-0.17406805680570436,-0.24700404563377606,Static,Right
F,22,34,34,35,0.0,0.0,0.0,0.0,1.734723475976808e-18,0.0,0.009862987422299754,-0.030145188274638347,0.1534748855886137,0.2525523483141715,0.229469835716049,-0.09074766323486719,-0.006049471574009565,-0.023635773951409703,0.11369283607949042,0.20012791649609446,0.22953469924612638,0.04305637480615601,-0.0015100952347475451,-0.03277337271176685,0.0812539779310758,0.18904509720226345,0.1670394975268177,0.1696921595385459,0.0016616228829476325,-0.023839147943552474,0.1384291914408566,0.24373581407356903,0.22998770489330733,-0.08054675056714512,0.018265476531799996,-0.037276547971876316,0.16680406340341475,0.2525523483141715,0.229469835716049,-0.09074766323486719,-0.0013383894301714336,-0.028268701052299946,0.16013117512035,0.22115660799495343,0.24001371130639088,0.1389786667631585,9.68263065428903e-05,-0.029756238486590557,0.10757498159110962,0.25474403856188876,0.20552197602665975,0.1499664367356117,0.003621297037152114,-0.037876473852290427,0.07606427280863848,0.18904509720226345,0.1670394975268177,0.1696921595385459,-0.0022927348116428114,-0.027371763494004987,0.13887898154740053,0.2477979807686216,0.23786614688915286,0.1058554055142741,-0.0017015303604237745,-0.02739775421552392,0.17804516066151102,0.22115660799495343,0.24001371130639088,0.1389786667631585,0.001463894447604772,-0.03536455997187131,0.08051068362163509,0.18904509720226345,0.1670394975268177,0.1696921595385459,0.02301951331220017,-0.04244803145064303,0.12163813612276503,0.1106973085871876,0.27441604748526754,0.24013852688400103,0.01829712930243338,-0.04706866377784306,0.09417477412719112,0.10993596449068922,0.19572544191780533,0.30284981359309937,0.013668858374171484,-0.04708595472502902,0.07090624660287621,0.05218044221858207,0.22570607927848485,0.19657589465938968,0.019998889782514198,-0.0433748869022716,0.10914394691699177,0.07551806334403646,0.2724720918703377,0.25139324409709346,0.02429930720857626,-0.03984311315361931,0.13533638282157576,0.1106973085871876,0.27441604748526754,0.24013852688400103,0.005151354932019014,-0.029763249989352543,0.14138534145466328,0.1927851493101913,0.24781832778772164,0.14378333311087502,0.00884509646983816,-0.038055805911757355,0.1012477715533429,0.18899993971401272,0.18033037672239682,0.21584047324831993,0.009415646185471296,-0.04346150612930988,0.07171598035206304,0.18904509720226345,0.1670394975268177,0.1696921595385459,0.005833062621709823,-0.03194665845830485,0.12305482930861777,0.1937330718092312,0.24174688774705974,0.1611461396576028,0.004002591484171487,-0.02690984046702436,0.15782241047527673,0.1927851493101913,0.24781832778772164,0.14378333311087502,-0.016149401833442937,-0.017875866856371353,0.12533341928684913,0.21433852751655988,-0.19751768440462933,0.08501736197847375,-0.0021929088310238248,-0.03153874975914803,0.08497950383816294,0.23791284386903405,-0.21740623046455712,0.04630299265832896,-0.01078918125363815,-0.02314250942192849,0.10517124742044881,0.2411574699667689,-0.14845139149628875,0.13047629141830042,-0.02115271538748097,-0.013784320263019111,0.1401179640876626,0.21433852751655988,-0.19751768440462933,0.08501736197847375,1021,0.002734303530781147,-0.04095881141831004,0.053488760530129534,0.18904509720226345,0.1670394975268177,0.1696921595385459,Static,Right
F,22,35,35,36,0.0,0.0,0.0,0.0,0.0,-3.469446951953615e-18,0.045237357276522776,0.060105578470408996,0.08885864772793156,-0.46422470969947033,0.1466169423124974,-0.45906964311532594,0.02962169176737725,0.04300106478412269,0.08424961665425372,-0.06821023048510493,0.39076244641916213,-0.25976114314633103,0.017630907447704413,0.0306322181503407,0.05805800673981292,0.17414531715924408,0.4831213213948061,0.0060000093679396915,0.04130472532565909,0.05047518072820906,0.09089222324749514,-0.37314728782357376,0.20246618930768057,-0.4210367319394507,0.04832816870248623,0.07037670095400436,0.08593191743716021,-0.46422470969947033,0.1466169423124974,-0.45906964311532594,0.058870447166731746,0.046535096007236224,0.10690217452164415,-0.17290425474106594,0.48599365342932277,-0.10011684519359654,0.03246555276012267,0.03363663259405445,0.08599244433416472,0.007097259782597983,0.5046526035223742,-0.0581016331971187,0.01936810728163183,0.023150870087086516,0.05866034574024524,0.17414531715924408,0.4831213213948061,0.0060000093679396915,0.04732255069199084,0.040718933155204466,0.10088492184840366,-0.15468998690565267,0.4823011381417037,-0.159700032299341,0.06979477031034535,0.05091139036513166,0.11304471702818573,-0.17290425474106594,0.48599365342932277,-0.10011684519359654,0.02211804721914992,0.025575090566677144,0.06462868972877243,0.17414531715924408,0.4831213213948061,0.0060000093679396915,0.04613775044131802,0.014520146996868138,0.10309142560444513,-0.019617391404441867,0.48611782750398563,0.09441601750396465,0.03457745488448639,0.011873149952690875,0.08212269749080507,0.06521085862059943,0.44439992702946846,0.20766062995255719,0.023064085535463515,0.010925953217004701,0.061089945248941215,-0.040209191283446674,0.51198383720132,0.005453027494487186,0.040962217096082054,0.014018870466704577,0.09443966263494602,-0.01529751345062361,0.4852393443567751,0.09710842578056779,0.0517777231337454,0.01624199147025927,0.11218758473149894,-0.019617391404441867,0.48611782750398563,0.09441601750396465,0.058915199934836286,0.034357279915731676,0.11031460064474369,-0.17752942627393709,0.5551014438472283,-0.03165830493643529,0.033978845686322555,0.02299184875695909,0.08495326110882766,0.030164701193557047,0.5468980649525002,0.11057394463936171,0.021880908223936384,0.015338023142377363,0.060496405349767114,0.17414531715924408,0.4831213213948061,0.0060000093679396915,0.04665370428483625,0.029252386621690888,0.10158509856085635,-0.17636266270123915,0.5577522887658166,-0.027181633348735326,0.06986785928212721,0.03951183848740917,0.11837989901961044,-0.17752942627393709,0.5551014438472283,-0.03165830493643529,0.02459526220554092,0.05293279428809091,0.079126998528959,0.3798931095535681,-0.013454618913454982,-0.11203328924334281,0.01636182554230907,0.033504933656827815,0.05649890965410782,0.49163908133997203,-0.008183447853233602,-0.10843886658142719,0.01960251944786818,0.04549633552619547,0.06720526947260526,0.42899114185703496,0.04929235042333843,-0.06195006079419836,0.027306640837981757,0.05886865017797725,0.08623216575874174,0.3798931095535681,-0.013454618913454982,-0.11203328924334281,1043,0.011818852829659084,0.017480225701500044,0.043181965728008344,0.17414531715924408,0.4831213213948061,0.0060000093679396915,Static,Right
F,22,36,36,37,0.0,0.0,0.0,0.0,0.0,0.0,-0.010525529574431827,-0.04202849144982254,-0.03398790044342734,0.1142835571306473,-0.5224288822625444,-0.002905752364379482,0.009974253481327253,-0.030369358168640812,-0.014208962564800982,-0.0710056913473426,-0.4201146660428485,-0.3094572617934387,0.02283599316202728,-0.026095942984336394,-0.01346272579987165,0.161146389870457,-0.1965912935411947,-0.4709610098472663,-0.001004967465440933,-0.035815009759772705,-0.026388102179331557,0.052040583700572976,-0.5214838385362192,-0.05754537657987009,-0.019878740257863518,-0.04836733728555447,-0.04004115167076001,0.1142835571306473,-0.5224288822625444,-0.002905752364379482,-0.025254399616918156,-0.0376658426412407,-0.009431060571895114,0.3111969029252478,-0.30873900584255576,-0.4042693173167871,0.002750219870227363,-0.024971780333645426,-0.005614922247510423,0.21493788031196684,-0.30422599459716837,-0.431850974914723,0.017380402122581982,-0.02234078552793635,-0.00732435084955442,0.161146389870457,-0.1965912935411947,-0.4709610098472663,-0.013090383727459054,-0.031219825901204507,-0.007614409503642332,0.2757080007800354,-0.37956474516255145,-0.3610851230854634,-0.03597773690072263,-0.041755405146036643,-0.009363081208345201,0.3111969029252478,-0.30873900584255576,-0.4042693173167871,0.015152897217263508,-0.020481534970336227,-0.004453188059600938,0.161146389870457,-0.1965912935411947,-0.4709610098472663,-0.028554045203677346,-0.018247648031699898,0.010547737447968483,0.44678975486260747,-0.10649019118445151,-0.4696907983066241,-0.010703779753045432,-0.02088556073077729,0.003366341585958607,0.2987370483036258,-0.02529530773256257,-0.46227478729531285,0.006762403046972803,-0.01793828585833148,0.0011732846372463674,0.3501364224014716,-0.10323403632810965,-0.3914139086535852,-0.01911271494479096,-0.018341656246818234,0.007893533077797785,0.4402546808733882,-0.10183721406984618,-0.4271860981090201,-0.03861419141848167,-0.017863863404459245,0.01376413432106885,0.44678975486260747,-0.10649019118445151,-0.4696907983066241,-0.03329789581554545,-0.027350155686872626,0.005970092969686581,0.424193201935055,-0.2575795270893696,-0.46496343297785864,-0.004373782736986085,-0.022421165952549955,-0.000419547281078019,0.3507156995250074,-0.15804619087855784,-0.4950384319940157,0.010787140220177422,-0.018255391489522453,-0.0004970710872631563,0.161146389870457,-0.1965912935411947,-0.4709610098472663,-0.01979291694805457,-0.023136670328609034,0.0038816068932084353,0.4357161801388423,-0.2501223040649993,-0.44593223513583913,-0.04529014145289094,-0.030938890358354492,0.008046064162981929,0.424193201935055,-0.2575795270893696,-0.46496343297785864,0.025639973800840887,-0.03942896607861839,-0.036549074406154805,-0.30985661056385,0.0834833543123777,-0.5392536884236103,0.02502860703899545,-0.030406270318668174,-0.019269642528258905,-0.256195569757135,0.18960966766524584,-0.5221737135028868,0.028306779982290888,-0.03496414705081816,-0.028909690259085918,-0.254258315923439,-0.017156642458897167,-0.578388944843536,0.025505227280154433,-0.04338253225755455,-0.04381330331300459,-0.30985661056385,0.0834833543123777,-0.5392536884236103,1065,0.0275991291358863,-0.015947225685299722,-0.0033086171314896935,0.161146389870457,-0.1965912935411947,-0.4709610098472663,Static,Right
F,22,37,37,38,0.0,0.0,0.0,0.0,-8.673617379884035e-19,0.0,0.022086660242254547,0.023137961020945345,-0.01710251515028469,0.06440551434848092,0.03217293987972151,-0.017062632146499074,0.017997967340581778,0.017883142698227217,-0.013378865072317557,-0.14270104927411148,0.045001482582139936,0.008080975219226929,0.011145097893650056,0.016604597250595165,-0.010259634480369586,-0.11278823658118596,0.048611912702334295,0.025797420351776987,0.021377520159040958,0.021517598859536375,-0.016886062840973617,-0.05644678327390503,0.0356137302567843,-0.01342005750286372,0.022642513416045253,0.022062963362240905,-0.015858084125300053,0.06440551434848092,0.03217293987972151,-0.017062632146499074,0.02457344631512725,0.019027812445827196,-0.015946043721631366,-0.12419119333803694,0.0315911307349809,0.013692792401906469,0.018740934006072636,0.016311600501136406,-0.013516992684466215,-0.0613580155502826,0.0402037019510238,0.01741727450788107,0.011514224846627135,0.015497832987695269,-0.010274199661731095,-0.11278823658118596,0.048611912702334295,0.025797420351776987,0.021831372589663584,0.017397548734036376,-0.014402462463985504,-0.11196805176937057,0.04137666829987201,0.008737512611341003,0.02739351994672265,0.020041528088604706,-0.017580926228782413,-0.12419119333803694,0.0315911307349809,0.013692792401906469,0.013212025279609022,0.01493075903696344,-0.010928537206023037,-0.11278823658118596,0.048611912702334295,0.025797420351776987,0.024738149744954578,0.0144867223297545,-0.015497885174154338,-0.16667421922312067,0.020098839398039654,0.01252428074873602,0.017746990745918356,0.015503672468004449,-0.013006069009716872,-0.12301943974531088,0.03127394204151885,0.011515212915243087,0.012281856969895323,0.014453913978463736,-0.010483736758301348,-0.12521277699114333,-0.0019728116361639163,-0.009393117955542369,0.02162969112447704,0.014506527893009111,-0.014280558995135873,-0.1529160687758202,0.019793704686521512,-0.002943439739453087,0.02839482582450448,0.014294935755813655,-0.016940095525244905,-0.16667421922312067,0.020098839398039654,0.01252428074873602,0.029293625413218186,0.017428157793149948,-0.017906210921807133,-0.24856768746119542,0.0437590384013798,0.032170765481289366,0.018564473512886353,0.01567571135044085,-0.013371617089505142,-0.12244250316375455,0.04892528257258919,0.027755208734379946,0.01214398859710455,0.01444841952928149,-0.01041296763811866,-0.11278823658118596,0.048611912702334295,0.025797420351776987,0.023763569569472565,0.015874077390022723,-0.015076208191199345,-0.21983400268800374,0.04539775853670568,0.018234089442578955,0.03498485087443186,0.0187309796208815,-0.02098489173540434,-0.24856768746119542,0.0437590384013798,0.032170765481289366,0.012704636378404568,0.019120739047127452,-0.010937617454790575,0.020539703203053476,0.0390730808013611,0.0768596263975935,0.01059820465166366,0.01796295876831362,-0.010204989323654325,0.019735811483429056,0.021001226754262102,0.08345702842006932,0.011267857145336327,0.01866852550689092,-0.0101335482864698,-0.002829601169292309,0.04718789644596696,0.07401093775168158,0.013627984220177209,0.01973816167318639,-0.011109722848454372,0.020539703203053476,0.0390730808013611,0.0768596263975935,1087,0.007636303734313521,0.0135653763760592,-0.008298872772099552,-0.11278823658118596,0.048611912702334295,0.025797420351776987,Static,Right
F,22,38,38,39,0.0,0.0,0.0,0.0,0.0,0.0,0.007070774482804706,0.02893751088648637,-0.009999146979593063,0.02583083195919753,-0.00703876910568279,-0.014086583394435508,0.004366741152431844,0.023875799378827223,-0.004020959042939538,-0.15681336267825063,0.012005745973739115,-0.010372767649811857,-0.0015975508841682617,0.023134139259254772,-2.908364508568227e-05,-0.11194795600272403,0.025750271759207174,-0.007191466758285887,0.007061092346590878,0.027205503568722682,-0.008739736327271907,-0.0808808386846084,-0.002780324994435608,-0.01283734099594927,0.006940993458845588,0.028357106114113528,-0.009755327113349206,0.02583083195919753,-0.00703876910568279,-0.014086583394435508,0.008905151157554528,0.024735305740781633,-0.007541702680481774,-0.11785271443682978,0.0024646840577044198,-0.014019151391985058,0.004603627678095537,0.022750497864077245,-0.003635876607942105,-0.06408991355859327,0.012975051970136183,-0.012269194034747126,-0.0017386233442864057,0.022445192465963326,0.0004058472225408991,-0.11194795600272403,0.025750271759207174,-0.007191466758285887,0.0068723245892726905,0.023480961948104607,-0.005400203313526465,-0.10939026441875568,0.008712908156879601,-0.014719140851243316,0.011179228114009098,0.025547292478922505,-0.009678226011273158,-0.11785271443682978,0.0024646840577044198,-0.014019151391985058,-0.00013375790907263726,0.02187370043250008,-0.0002481413040221857,-0.11194795600272403,0.025750271759207174,-0.007191466758285887,0.008255041914150116,0.021756792312454563,-0.004887584110561819,-0.14112791935338645,0.002790193313607533,-0.02337211506336441,0.002469163327381813,0.02275170231464549,-0.0022959071036605036,-0.11016357752355184,0.021583731718707595,-0.026231520555284073,-0.0018236150034770333,0.021932674473577107,0.0007837224785231263,-0.10606986627083113,-0.02185296809306426,-0.03886776819763284,0.005791240669336667,0.021832884446172728,-0.003614991490695367,-0.1281082512378696,0.0028780396688380065,-0.0366248861230656,0.011246338585513577,0.021613716192909124,-0.006389736120518654,-0.14112791935338645,0.002790193313607533,-0.02337211506336441,0.012621279444313703,0.023685640933586417,-0.007935874942201335,-0.22004081433221545,0.01630654203843561,4.073510694292914e-05,0.0037900033268044656,0.022622342041999973,-0.0030180757162096483,-0.1092142774954035,0.02959226468461511,-0.008899011933638177,-0.0015961480532229466,0.021766837945504713,0.0007553624424788173,-0.11194795600272403,0.025750271759207174,-0.007191466758285887,0.008073028603059163,0.022584273526031717,-0.004956083637410529,-0.1937139818312733,0.018530414843433766,-0.012833021473169882,0.01735509844144531,0.02473097749558693,-0.011042680600320027,-0.22004081433221545,0.01630654203843561,4.073510694292914e-05,0.0005219276756408625,0.024389747805645328,-0.003321949086842516,-0.015828432404198962,0.056736275388097786,0.04209866082265204,-0.0021085352794727673,0.024086752402095336,-0.00033242482567399136,-0.009673095231341643,0.045319222546408765,0.051805167636058955,-0.0009417871968181485,0.02429765011093175,-0.001439816814940985,-0.03433879862800552,0.0557516858732701,0.03366264166516836,0.0014761860123544475,0.02452532115578178,-0.004473395795040465,-0.015828432404198962,0.056736275388097786,0.04209866082265204,1109,-0.004869328778904498,0.020955110895545154,0.003157377206327883,-0.11194795600272403,0.025750271759207174,-0.007191466758285887,Static,Right
F,22,39,39,40,0.0,0.0,0.0,0.0,0.0,0.0,-0.019592321347850238,-0.01877880846594087,0.005578711981828057,0.28630944262045493,-0.2930687653563562,-0.09908728692974202,-0.007679764246022697,-0.005591362642763691,0.008255514316690181,0.08079190771432121,-0.18230511649937442,-0.2709522075973691,-0.006672281508045426,-0.005924722287209159,0.00614934948633203,0.06078019481747581,-0.00256434057343092,-0.32364534961551505,-0.014105686368127304,-0.010254397597800027,0.006451152864176609,0.263046948694735,-0.2896311843831775,-0.1428879837266269,-0.02485592171583629,-0.026957825154354503,0.004797791649741535,0.28630944262045493,-0.2930687653563562,-0.09908728692974202,-0.019539953985131798,-0.008904308467831681,0.013030062819030002,0.13034719138116058,-0.08895737130339261,-0.3092644789009935,-0.011837939821495417,-0.005062584188840886,0.01480026481730107,0.02905904570453898,-0.07567241763014894,-0.31617013403731453,-0.00985049549362719,-0.005744779371403976,0.010586363316921291,0.06078019481747581,-0.00256434057343092,-0.32364534961551505,-0.014986136547354511,-0.006423101203281895,0.01342115216440816,0.11216642719393803,-0.13656490116812045,-0.2947012374318997,-0.023343998796772705,-0.010299372061454468,0.013955200339141566,0.13034719138116058,-0.08895737130339261,-0.3092644789009935,-0.00951555059784543,-0.0046658470449411,0.013084092686241574,0.06078019481747581,-0.00256434057343092,-0.32364534961551505,-0.024612876030913753,-0.005612994237695492,0.031284892738829916,0.16839271709566006,0.10678340700966749,-0.2984108356577906,-0.022106165043177296,-0.007554253416045454,0.02090333156804966,0.13207539203093616,0.16233273409103266,-0.25682729953505257,-0.016270015767559008,-0.00642515595425953,0.01674395684611331,0.14458407361650966,0.029970914508302766,-0.294336034390086,-0.022646908544286404,-0.00579365144355912,0.027530358767733028,0.1628950061669035,0.10981972784890821,-0.2810895533458874,-0.02667163549676808,-0.004917821911613691,0.035630357896145645,0.16839271709566006,0.10678340700966749,-0.2984108356577906,-0.03198294696608649,-0.007704729308222815,0.028658555833058433,0.3916823209514078,-0.0634763144544187,-0.3444047585678174,-0.01689409545644097,-0.006046381264086351,0.018455044638500506,0.19586286833708633,0.006849503223988417,-0.32397340144720377,-0.01373490513812268,-0.0057188535969821186,0.015487971570148449,0.06078019481747581,-0.00256434057343092,-0.32364534961551505,-0.023094073532250046,-0.005357750333854571,0.0237135610890499,0.3605769537577579,-0.058877585530298544,-0.3216062665121234,-0.040677068444690864,-0.009632450345409263,0.033982542792074466,0.3916823209514078,-0.0634763144544187,-0.3444047585678174,-0.0004953118994363376,-0.004518461369908886,0.000977405337138081,0.03924612949582978,0.05553195914933322,-0.3281720366771066,-0.005893030615131823,-0.0070266173584316695,0.0020883257214963273,-0.03634525042787111,0.1387405101777139,-0.3018727461060262,-0.0024366495422000057,-0.006528391191158969,-0.001455829695472632,0.0950273046397779,0.037920834268365844,-0.32426393593342,0.0012825811422273194,-0.003190489354518137,0.0008537714864178327,0.03924612949582978,0.05553195914933322,-0.3281720366771066,1131,-0.007240012451358964,-0.004253556463036148,0.011409094558371328,0.06078019481747581,-0.00256434057343092,-0.32364534961551505,Static,Right
F,22,40,40,41,0.0,0.0,0.0,0.0,0.0,-3.469446951953614e-18,-0.025755537490322524,-0.0357889307040772,-0.009946944895980208,0.10916076423045336,0.20253812520314018,0.10615035843868853,-0.030437332620831804,-0.03526215675855442,-0.01951279388653661,0.08745029579824415,0.0960119955114781,0.19834373439987768,-0.029987896740790915,-0.03408484070303608,-0.016569454166872395,-0.04277369010023688,-0.02992745452975754,0.2133562387955101,-0.029004924024677227,-0.03541111529892263,-0.014436899708549058,0.10260670962161489,0.1876189928863795,0.12107391668570716,-0.022353054098663554,-0.0365696154219954,-0.00581828092473131,0.10916076423045336,0.20253812520314018,0.10615035843868853,-0.027535849963854536,-0.034584377428886474,-0.024689423329772187,-0.0406946133784593,-0.005758893054803992,0.21696634253635996,-0.027923007740581915,-0.034880488232331815,-0.023950638300064154,0.0045214718764312895,-0.019131409168275517,0.2162011538459691,-0.027955380309377362,-0.033696520032600014,-0.01959581436782672,-0.04277369010023688,-0.02992745452975754,0.2133562387955101,-0.02865319417371363,-0.035205343149972694,-0.024396935392644394,-0.03710211389498305,0.024991049818063254,0.2157252490841243,-0.02695368180536815,-0.03439515155713632,-0.02573518341947803,-0.0406946133784593,-0.005758893054803992,0.21696634253635996,-0.028436053492395516,-0.03459108155095426,-0.021679920074790783,-0.04277369010023688,-0.02992745452975754,0.2133562387955101,-0.020896501533990818,-0.033213842068290755,-0.035750962105444324,-0.0666734111740423,-0.10096840973424065,0.18968314004532924,-0.02111151832692724,-0.03184973779789991,-0.02779009889691312,-0.08350317414991955,-0.13640274405124486,0.15811638765760255,-0.023927669982350172,-0.03247148159955864,-0.0239495640665943,-0.08514371529619102,-0.04939600107832883,0.19635113741212679,-0.02144041589394089,-0.03304700014782726,-0.03288747853106488,-0.0839710515894806,-0.1029315620633332,0.18123793821829678,-0.02082081812945904,-0.033706650717095214,-0.03869693653531359,-0.0666734111740423,-0.10096840973424065,0.18968314004532924,-0.02238592325749987,-0.03394752176104099,-0.032263013446781084,-0.14051752589683628,-0.014068362596764127,0.22463426652888166,-0.02461604646599552,-0.03356478927765446,-0.026326531699536145,-0.043981761061686955,-0.06798546760767747,0.20203842627325008,-0.025537417502840706,-0.03320174181165854,-0.023047907218712537,-0.04277369010023688,-0.02992745452975754,0.2133562387955101,-0.02493025835169547,-0.03447926554362271,-0.029573124654730866,-0.1289065472512446,-0.0185328159975376,0.21508905595492253,-0.019840395524436238,-0.033644413272141196,-0.03509081487487234,-0.14051752589683628,-0.014068362596764127,0.22463426652888166,-0.03301279938219996,-0.034906254010209255,-0.01282326542722331,-0.018820347860781256,-0.03044031774740943,0.2209454077031263,-0.03040121740914083,-0.033554083013136775,-0.013647514440977648,0.0005964057503377897,-0.07646808740126923,0.20760220819168695,-0.032445190148236325,-0.03434311570313656,-0.012159820578649434,-0.026657720987319534,-0.01199567140484282,0.21969109185496477,-0.03401447326090438,-0.035626158021222744,-0.01268464892666005,-0.018820347860781256,-0.03044031774740943,0.2209454077031263,1153,-0.028950898998132035,-0.03425992661963629,-0.019426967300816868,-0.04277369010023688,-0.02992745452975754,0.2133562387955101,Static,Right
F,22,41,41,42,0.0,0.0,0.0,2.775557561562892e-17,1.734723475976807e-18,0.0,-0.005219514881486363,-0.014527230942813761,-0.0027542612464247574,-0.09548869477320637,-0.07195955785017026,-0.035352049155903786,-0.003626407499668184,-0.015881322366145388,0.001411307879435733,-0.030489973763937143,-0.035565526772146104,-0.06513725572245842,-0.007886206314868154,-0.017214237553231735,0.0022881268000041178,-0.0578341847148699,0.03542084086721234,-0.07661751273422823,-0.004160458415836433,-0.015849954045236415,-0.00038731537621320084,-0.09056078737346362,-0.06519924038002455,-0.037845251393454495,-0.006390447997718204,-0.013084117203381786,-0.0048615058903825545,-0.09548869477320637,-0.07195955785017026,-0.035352049155903786,-0.000932946257549991,-0.015381123783404517,0.0009088521410107531,-0.05661537378871604,0.009283064384746345,-0.08552341249754156,-0.00422987382037717,-0.016949020139840936,0.0032045332795307183,-0.04699069017347938,0.021518552851222526,-0.08184844944277195,-0.008718232819895345,-0.017931526844845582,0.003762243807333493,-0.0578341847148699,0.03542084086721234,-0.07661751273422823,-0.0021836782955499956,-0.01623820605166358,0.0023159700826255463,-0.06917017339025666,0.0034739915847348227,-0.08467559077068249,0.0003048863040000229,-0.015011384421049653,0.00015189742975551068,-0.05661537378871604,0.009283064384746345,-0.08552341249754156,-0.007472646994740765,-0.01774981912708179,0.004346372639962844,-0.0578341847148699,0.03542084086721234,-0.07661751273422823,-0.0033734769182318727,-0.01853090243810453,0.005785396704485488,-0.11097117148569431,0.033589018563721776,-0.07415026973854164,-0.00794878435057285,-0.018335986635063726,0.0053264449564277005,-0.04504459171130507,0.05824097252566329,-0.072060715919773,-0.01006804933952716,-0.01868263325135441,0.0057241090538895315,-0.04321210109565296,0.010581469787819153,-0.09213080300603158,-0.005646607620654478,-0.01853093255681816,0.00610447002777852,-0.10072415420322038,0.0343288732064744,-0.08419224135142891,-0.0006546046740136958,-0.018588572193586627,0.00525846988097292,-0.11097117148569431,0.033589018563721776,-0.07415026973854164,-0.0015455418670364538,-0.016760670489354496,0.003989206020932331,-0.06539099730215849,0.019094362160692636,-0.07844260065751775,-0.005921915110645356,-0.01766634188505914,0.004392612112113045,-0.04173343380387739,0.04457492380697961,-0.07361980358356716,-0.009393054262768414,-0.018497956803718203,0.005338981403373901,-0.0578341847148699,0.03542084086721234,-0.07661751273422823,-0.0034147435952499605,-0.017269119516945406,0.004698182373426911,-0.06882145555826145,0.0218953448998249,-0.08135492427326263,0.00010923750969533827,-0.016280352003535982,0.003477147890484414,-0.06539099730215849,0.019094362160692636,-0.07844260065751775,-0.0020565735959000644,-0.01597160643151362,-0.005648856816813975,-0.06353261170414591,0.11974114173275319,-0.08535598937807634,-0.007997993144449997,-0.016851727516181927,0.0007642642659995544,-0.017642118958728605,0.12926770879445088,-0.06365656320967995,-0.004655843299704558,-0.015936272936127455,-0.002163439442721579,-0.0663980062053205,0.10015651193819652,-0.10419630101796419,-5.3574519654562435e-05,-0.015967825389440905,-0.008644949624068338,-0.06353261170414591,0.11974114173275319,-0.08535598937807634,1175,-0.010619574172295464,-0.01864751337005016,0.005483166376645351,-0.0578341847148699,0.03542084086721234,-0.07661751273422823,Static,Right
F,22,42,42,43,0.0,0.0,0.0,0.0,0.0,0.0,-0.002195269945504685,-0.002800897245427189,-0.005272704566186302,-0.1672221100493167,-0.022178606359032633,-0.09040352452842296,-0.004941349642372718,-0.009123193299445498,-0.0004061053185728193,-0.10525167923937268,0.04095144469179969,-0.07454065205653816,-0.014977777321072694,-0.012120625755959598,0.0008478070803780655,-0.12710071135749948,0.10300445930172028,-0.04830923295824996,-0.002242313772759031,-0.006307557601109045,-0.0027900403562006915,-0.16514164374953427,-0.007765311424969625,-0.08357911682722782,-0.0024185810748863657,0.0005422754740045585,-0.007516216400950524,-0.1672221100493167,-0.022178606359032633,-0.09040352452842296,0.005493750254727281,-0.007414479527740836,-0.0016504318808184901,-0.13405397217753764,0.07219479087169653,-0.07473193680227513,-0.004766386019149993,-0.011952701760377198,0.0011878284020499547,-0.12090485514878775,0.09076310105317965,-0.06449163363744903,-0.015385577548745262,-0.014224727431799939,0.0020994501022664185,-0.12710071135749948,0.10300445930172028,-0.04830923295824996,0.0016432116007773386,-0.009622448490822761,-0.00010500797504511062,-0.14186472010982298,0.07303359017551962,-0.08187042398556806,0.009247225128204528,-0.005984794683495684,-0.002540323989249938,-0.13405397217753764,0.07219479087169653,-0.07473193680227513,-0.012670719945572824,-0.014325815105931923,0.0025951958747272275,-0.12710071135749948,0.10300445930172028,-0.04830923295824996,0.001240381947031972,-0.01625101954933179,0.0032353909310404837,-0.20142794529295072,0.07732699166037878,-0.0534719541786198,-0.008700668737136425,-0.015439470840768174,0.0032243278901581077,-0.13121648621969612,0.10520871673509852,-0.042277582879695554,-0.015647622410013613,-0.016600206534659132,0.0038970299208235717,-0.13853018022283783,0.04356200609400104,-0.08947611091012152,-0.0032342583526773186,-0.01621767136150452,0.003795507728559569,-0.1939383848480435,0.07751572743610394,-0.07204720316220369,0.0063341571971544785,-0.01626111353428618,0.00272411286089175,-0.20142794529295072,0.07732699166037878,-0.0534719541786198,0.004201960373181938,-0.011725521465777107,0.0016845452921894599,-0.1307319807640858,0.07392047978106335,-0.05651307936483939,-0.006275090331836417,-0.0138659847253772,0.002283630113195856,-0.11446459945997241,0.09854106300921642,-0.04064384684695388,-0.015277057496327224,-0.01603614102479557,0.0036495215428084455,-0.12710071135749948,0.10300445930172028,-0.04830923295824996,-5.0775511815925835e-06,-0.013101854120713591,0.002364726363645646,-0.13774639410811115,0.07695853017683237,-0.061941801406486766,0.007968151945372712,-0.010609285964513862,0.0012533983786043956,-0.1307319807640858,0.07392047978106335,-0.05651307936483939,-0.004678377505304543,-0.006220208754313667,-0.007324007904548693,-0.010829173554451245,0.19409929730833242,-0.04301045487886092,-0.01560569400205457,-0.010565836643799944,-0.000624157519113488,0.03296889585888469,0.19267378515765768,-0.005423561850472195,-0.010220069215259088,-0.007832945671563061,-0.0037064777012192724,-0.0328572029893367,0.1855911661876797,-0.0638630242616008,-0.0007385322494091304,-0.004853675031777211,-0.010419539810377092,-0.010829173554451245,0.19409929730833242,-0.04301045487886092,1197,-0.020576614960531713,-0.016681475356063923,0.004044414018989308,-0.12710071135749948,0.10300445930172028,-0.04830923295824996,Static,Right
F,22,43,43,44,0.0,0.0,0.0,0.0,1.734723475976807e-18,0.0,-0.014813421094682727,0.02039586130191307,0.03809868416817486,0.16453382273360365,0.1954927997586219,0.026377328975749893,-0.01912598052986964,0.023395766118591392,0.02472579764059216,0.16707714510558666,0.13376571512290303,0.12452361098260764,-0.013848535032426057,0.023069098206748337,0.01802855089681701,0.12858395033048298,0.026381589396041613,0.1820878765865958,-0.01783261213190872,0.022262789465691372,0.03283550084055191,0.17327780043232355,0.18652505239509617,0.03761863195451715,-0.011621161916487212,0.0185112233784392,0.04262637078484474,0.16453382273360365,0.1954927997586219,0.026377328975749893,-0.018797562763082688,0.022738719336730474,0.03261496147787656,0.1256957046665972,0.09913490475505433,0.17558071955425897,-0.01691031617944799,0.023303888972947915,0.0211616942449191,0.1310568131676462,0.07287834175006097,0.17803360968040116,-0.011802044933178367,0.02292953653353029,0.0152672347336649,0.12858395033048298,0.026381589396041613,0.1820878765865958,-0.0185191152642566,0.023328238460561018,0.02752636973426499,0.14374649549840915,0.11015606944826789,0.16035190569299926,-0.019561205709760963,0.022626308460295667,0.0364540441011164,0.1256957046665972,0.09913490475505433,0.17558071955425897,-0.013582220925708544,0.02319970741537397,0.015396953137234305,0.12858395033048298,0.026381589396041613,0.1820878765865958,-0.010623655884960882,0.0227253495503827,0.018800218948400522,0.011892667445139848,0.0667860029425204,0.220369879892057,-0.008886211562743425,0.0219757374725828,0.015946625910071194,0.07628201677962351,0.0034332752450612443,0.22535803752983605,-0.008056957403591468,0.022291515223025932,0.011944216864065847,0.051176654893300165,0.0723114429285288,0.2062713478497615,-0.010742988209456817,0.02262577885297405,0.017307756248006536,0.0301929182765079,0.06467690115886553,0.2231564461784092,-0.010340502071586929,0.022918882214526252,0.019984151948607826,0.011892667445139848,0.0667860029425204,0.220369879892057,-0.014067133474304435,0.023615327401121784,0.023032904626026477,0.024862725090864814,0.0838150122858765,0.18143637351896896,-0.013167039002412985,0.0227330833323827,0.01841366147325279,0.06348115759367635,0.026341905258409046,0.19712734412172178,-0.009744557644647824,0.022586108346069687,0.012507045332042282,0.12858395033048298,0.026381589396041613,0.1820878765865958,-0.014521858846260902,0.02324284687354784,0.02076923375259485,0.035354104541323574,0.07862141376013813,0.18432983652649462,-0.013537351368330378,0.024125617361834897,0.02479458847872668,0.024862725090864814,0.0838150122858765,0.18143637351896896,-0.024280506648113067,0.022664180446682884,0.03312258231924264,0.04698733593839303,-0.22041597045588623,0.1511357374667065,-0.01386376680048697,0.02281966730620013,0.020431735059121846,0.09725906613419469,-0.2478194956595613,0.10117322935715238,-0.019579290639669622,0.022827638636182698,0.027187823598992026,0.11479702660527692,-0.18667882745978812,0.17981092217822142,-0.028366843467943628,0.02165031804378269,0.03712690366525715,0.04698733593839303,-0.22041597045588623,0.1511357374667065,1220,-0.010299240538526181,0.023133544394034835,0.009614673925469393,0.12858395033048298,0.026381589396041613,0.1820878765865958,Static,Right
F,22,44,44,45,0.0,0.0,0.0,0.0,0.0,0.0,0.019393496335772777,0.05115169719361363,0.007380432249818015,-0.14411601505755417,0.25848903478167073,-0.13053323939424286,0.002617637611654539,0.03662340687247727,0.0031457069534098036,-0.16768454329075927,0.2945627783050671,0.05891122962366251,-0.01474025447879549,0.0322585330204273,0.0071424298023910265,-0.23945410190566566,0.16988161448882255,0.18719010661216184,0.014041209950713516,0.04520038107660904,0.004864596924568739,-0.14164585797425136,0.27494345174488505,-0.09580057985919542,0.024391138686777503,0.05637317865845449,0.009585291640248645,-0.14411601505755417,0.25848903478167073,-0.13053323939424286,0.02905066341565452,0.04120551005730914,-0.0028759160567715077,-0.274938509543823,0.18284194622224018,0.13822420864918053,0.006413432452168229,0.03137439963957264,0.00023305471303055884,-0.241360332897354,0.19610366560497833,0.15579870791518438,-0.012406088617563562,0.02861544817733627,0.0052890549303372825,-0.23945410190566566,0.16988161448882255,0.18719010661216184,0.02033398814744089,0.03639810733101808,-0.0020584835188403525,-0.2407279200424513,0.21739820222003775,0.11242428718152334,0.03754744309705908,0.044276015861436785,-0.004482639005199857,-0.274938509543823,0.18284194622224018,0.13822420864918053,-0.008364446232609225,0.02715088507602264,0.0035769410181725565,-0.23945410190566566,0.16988161448882255,0.18719010661216184,0.024950312154858982,0.024470537207640645,-0.009209629314764356,-0.33854337842411514,0.03716977335910752,0.1453452048695279,0.008893483287763683,0.02742223381541362,-0.0017340724721148766,-0.3063049081953851,0.03511810111216291,0.1446287354685009,-0.007432228448331666,0.024704129087981835,0.002481261848957803,-0.32916498176966313,0.0535166399705283,0.10074741626742213,0.018027648728613746,0.024641588160118088,-0.006310942314611968,-0.3290047541943357,0.035399641058688126,0.11295162634138826,0.032593850781349964,0.023954830610799775,-0.01249028963011922,-0.33854337842411514,0.03716977335910752,0.1453452048695279,0.030190808143377174,0.03179628026983632,-0.008533765102657952,-0.33775028968214116,0.12662959835390927,0.18015783896155801,0.008298356237618014,0.028881997404422693,-0.0010962271388490678,-0.28920177359460897,0.10282932028332435,0.19009842361589727,-0.009004478498199976,0.02501769050151355,0.003112559268905995,-0.23945410190566566,0.16988161448882255,0.18719010661216184,0.02090852394302724,0.029101022652281823,-0.005714722183671543,-0.314570106489668,0.12534869568775284,0.16269857511507207,0.03913936742816352,0.03410714929195921,-0.011699011856459102,-0.33775028968214116,0.12662959835390927,0.18015783896155801,-0.0019651139681545935,0.04496152522738609,0.005518383321031288,0.06031622665855253,0.22812900648851797,0.23643913927363305,-0.016572028117599984,0.03617808412784074,0.008838654886610491,0.12804710939144096,0.1696802479012732,0.2749406294719725,-0.01085427974156364,0.04138916254562681,0.00833058518033936,0.03377906225308778,0.2613581545930075,0.21790821225814244,0.0030447505344408073,0.04765537566974084,0.0031638890699872916,0.06031622665855253,0.22812900648851797,0.23643913927363305,1242,-0.023140793452258827,0.022909764333314042,0.0068789490142187795,-0.23945410190566566,0.16988161448882255,0.18719010661216184,Static,Right
F,22,45,45,46,0.0,0.0,0.0,0.0,0.0,0.0,0.023288878820963678,0.0013644570644682536,0.005644285955505837,-0.023116747653286283,0.22139623862789498,-0.1554708703031552,0.010208116171895435,-0.00687304989410451,-0.0025615898934920464,-0.05373237740242622,0.2735696927101958,0.008215057840827295,-0.002225960014240877,-0.011590214523905028,-0.004801180732077011,-0.1224260027969666,0.18847205943258002,0.14067466536675116,0.018946260350654644,-0.0013647544414181808,0.0021416914746083264,-0.02380011343799578,0.23700814361207975,-0.13056948391340656,0.027371564306617975,0.0035043958812818006,0.008626215121056276,-0.023116747653286283,0.22139623862789498,-0.1554708703031552,0.030001107178222696,-0.004416868572813559,-0.0005503910103510362,-0.16034027756915573,0.20282454535359587,0.09398773332783499,0.013286477978931812,-0.011743488019522649,-0.004392179189367413,-0.12439997694556491,0.20822388190831115,0.1102019237963046,-0.00038179521311384736,-0.015095510272872877,-0.006139687494764097,-0.1224260027969666,0.18847205943258002,0.14067466536675116,0.023472241672681766,-0.007736315751409052,-0.002295059528794151,-0.12522472770036874,0.22302228493811027,0.06565755324066526,0.03635631349727721,-0.0020564625118592666,0.00042926739165051047,-0.16034027756915573,0.20282454535359587,0.09398773332783499,0.002481475173813689,-0.01563062147558159,-0.006197075202284503,-0.1224260027969666,0.18847205943258002,0.14067466536675116,0.027171964078545267,-0.019430050298236093,-0.008629597384285866,-0.21916843566600988,0.08747499085123585,0.12562046520668205,0.01579648671413179,-0.017859645964386408,-0.006819847583035396,-0.1882870535945865,0.07599471287181549,0.13942947062538205,0.0036933088505862054,-0.01960542323751844,-0.00777344629611754,-0.22111931251652756,0.11921418473783484,0.08502540870898077,0.022203418086063534,-0.019318562084272673,-0.008054121917660067,-0.21228313988117342,0.08609369117256781,0.10518241558559062,0.03255446019431821,-0.019564458278813562,-0.009450078268918347,-0.21916843566600988,0.08747499085123585,0.12562046520668205,0.030653323502427273,-0.012031720803790797,-0.005798912095569562,-0.21741490492450752,0.1589410663208914,0.12958734284195275,0.014987588235300183,-0.015111497702600023,-0.005730828222969245,-0.1662233148656612,0.13597902019706937,0.15586214454445005,0.002370350217745545,-0.018694212991654885,-0.007421844472014916,-0.1224260027969666,0.18847205943258002,0.14067466536675116,0.023920379730281795,-0.014178939869236353,-0.0058864667467603245,-0.19138249844112482,0.15785599371369166,0.1200543471413614,0.03726705274600915,-0.010015841023036771,-0.006199763683149203,-0.21741490492450752,0.1589410663208914,0.12958734284195275,0.00728877730549997,0.00014725113036829406,-0.0023358775435451777,0.09645211314886792,0.15324214351482404,0.14404662742861377,-0.0036250953037454776,-0.00867554112057224,-0.003778844561418008,0.16453716484811734,0.11429543416855113,0.17015613480068703,0.0007019888031363239,-0.003367240249704298,-0.0023480660600821465,0.089574573140343,0.1857145726484976,0.13873446581908314,0.011034697135522954,0.0027739795526772384,-0.0027405088833002086,0.09645211314886792,0.15324214351482404,0.14404662742861377,1264,-0.008274862180709113,-0.01957504488492741,-0.008025378100462437,-0.1224260027969666,0.18847205943258002,0.14067466536675116,Static,Right
F,22,46,46,47,0.0,0.0,0.0,0.0,0.0,0.0,-0.01054180290815645,-0.024472951324117576,-0.023750772519718497,0.23071183240847934,-0.04845898227558781,0.14524190376960341,-0.0038974259407869856,-0.015827353493113126,-0.025753427721078803,0.1163106126043587,-0.1304514471477794,0.074651165053677,0.00693245492600868,-0.011320565117099949,-0.023521952038322445,0.11077660619624936,-0.16039631597729673,-0.0002110545182335931,-0.009142327180221836,-0.020062472548808778,-0.025133776721374162,0.1826022526908315,-0.06857326441558134,0.12896188732002226,-0.011648210561347965,-0.029479022609169615,-0.021864155058308733,0.23071183240847934,-0.04845898227558781,0.14524190376960341,-0.017392771637360922,-0.017265498566991506,-0.02779710177735567,0.08674917051044458,-0.14156330882702556,0.040057529669290735,-0.004961771236521712,-0.011921127377569623,-0.026606896501777784,0.12179596583487619,-0.15455547172984258,0.0241898311414459,0.006800668648704409,-0.008456081506899978,-0.02435022563374274,0.11077660619624936,-0.16039631597729673,-0.0002110545182335931,-0.013027459788052184,-0.01499553872265228,-0.02716570678187517,0.10190756534276393,-0.14360294919579783,0.055222011016777005,-0.02123564879779135,-0.018692801637491468,-0.02895734358040915,0.08674917051044458,-0.14156330882702556,0.040057529669290735,0.004024946555173747,-0.008802292480208952,-0.025601013001366486,0.11077660619624936,-0.16039631597729673,-0.0002110545182335931,-0.012574532475773767,-0.005655185410017617,-0.029998169121030985,0.09416141636894317,-0.13636924330324088,0.009169483244446084,-0.0029332789343870245,-0.006352985429786938,-0.027187681168443993,0.13838174659801605,-0.14923234249509695,-0.028991594137049416,0.005813060716026174,-0.005142398944852062,-0.025849280771218466,0.16029387635092476,-0.10174425783624678,0.04396341754966098,-0.009118496152778306,-0.005670491525469619,-0.028711932470103764,0.115525799363362,-0.1363174754843507,0.01841463478102651,-0.015901934907095874,-0.005969460441534855,-0.03163697530560366,0.09416141636894317,-0.13636924330324088,0.009169483244446084,-0.01719137498592617,-0.011806382944308934,-0.02939814510838127,0.09202799161482644,-0.14556760757283332,0.017502610048676634,-0.004387892591495621,-0.008935027579039174,-0.026977967236199944,0.13762102760263387,-0.15739991908904966,-0.01950468367707765,0.005905223066369637,-0.006034176431782424,-0.025716743920965294,0.11077660619624936,-0.16039631597729673,-0.0002110545182335931,-0.01259652032782615,-0.010197588238673979,-0.028167804806095507,0.11193437563594896,-0.14716317905961615,0.018867257933728954,-0.02095716341526529,-0.013264136941652061,-0.030840980766804218,0.09202799161482644,-0.14556760757283332,0.017502610048676634,-0.008617197214052203,-0.019393342320856616,-0.011959840777226666,0.04040795366969186,-0.3013739340010517,0.07846093724048066,0.007619301442365285,-0.012970002564213216,-0.02192759694906161,-0.06296997161921727,-0.2989327256910567,0.02456261244262993,-0.0005146159604564745,-0.017286956208361164,-0.01757142258157733,0.05430574792827362,-0.2857555311289927,0.11367777176297438,-0.014227469372413084,-0.021013096518982633,-0.006886068328353298,0.04040795366969186,-0.3013739340010517,0.07846093724048066,1287,0.012965302699473978,-0.005651843918795612,-0.024515791915270486,0.11077660619624936,-0.16039631597729673,-0.0002110545182335931,Static,Right
F,22,47,47,48,0.0,0.0,0.0,0.0,0.0,0.0,-0.01706205497065473,-0.0030292240808317333,-0.011036933768236588,0.09223088890928381,-0.21522723549491327,-0.03973434207620712,-0.009977073366545419,0.000520141342927169,-0.0015855771691088765,-0.08475188082383942,-0.14449444898620853,-0.1623535683503409,-0.005119519493668174,0.002078695432154466,-0.0020520588884949506,0.07802170932576412,-0.05958117722623088,-0.2074117485720547,-0.01304444591541815,-0.0001685490464590664,-0.007986437567954316,0.0340217755908406,-0.2109500406887137,-0.06494874543954797,-0.021105609104831693,-0.0067120011062955474,-0.013109192013214446,0.09223088890928381,-0.21522723549491327,-0.03973434207620712,-0.021644834755663617,-0.0013051314341773594,0.002872668828535205,0.098042077603837,-0.07356722009082893,-0.189206997294909,-0.013166908374313634,0.0024189637696045312,0.0024282994258767935,0.07523032200482246,-0.06890872789621255,-0.1969516400728434,-0.007265200020918053,0.0033965776911318774,0.0005693601358234465,0.07802170932576412,-0.05958117722623088,-0.2074117485720547,-0.017748837406540912,0.0007561249863137113,0.002927854863135876,0.09653197548671053,-0.10504697788804626,-0.17885286124582248,-0.02474757610991819,-0.002433377836409171,0.0033984138503685294,0.098042077603837,-0.07356722009082893,-0.189206997294909,-0.008141828029681764,0.003928792666786321,0.0017935751363551396,0.07802170932576412,-0.05958117722623088,-0.2074117485720547,-0.024583486490682052,0.004741706803372795,0.013135030758786897,0.1678798754312343,0.03558315182006719,-0.1877450290851984,-0.019254356822749792,0.003056378067959057,0.006389611864685759,0.1339202146522109,0.06455068682412819,-0.16818789515119653,-0.011985845905327176,0.004270156496195449,0.004133574680017815,0.1497297703398967,-0.017909657228529653,-0.17291397961099714,-0.021672929767608887,0.004620250856677286,0.01061639322069454,0.16455867772782654,0.037252407659678806,-0.1711554713989961,-0.02760436608126365,0.005274740145245465,0.016034156803386546,0.1678798754312343,0.03558315182006719,-0.1877450290851984,-0.027332600732445474,0.0022212126169182393,0.012886238166544387,0.2540823530511157,-0.032979551293038534,-0.21601906501855545,-0.016346133802154734,0.003007756125899999,0.004768634174090454,0.15631496381885987,0.007839877578541092,-0.20180184494826536,-0.010178039207913629,0.004351256863454406,0.0033611977130426096,0.07802170932576412,-0.05958117722623088,-0.2074117485720547,-0.021397257397141167,0.003704018179659213,0.009307775444782937,0.23554020222661973,-0.030465853779430178,-0.2010079194691986,-0.03310357936320456,0.0010973305665183792,0.01669232555447727,0.2540823530511157,-0.032979551293038534,-0.21601906501855545,-0.011565855190990926,-0.0026468662729773633,-0.0004292044115899498,-0.007985064669889446,-0.1272054618755695,-0.15675192454067544,-0.004379688637845511,0.0007037688276911611,-0.004123317930674024,-0.045269877049724634,-0.08757308124060417,-0.17658596048288427,-0.007146159905895431,-0.0014615113301953053,-0.0033271134028577468,0.024184526256036034,-0.14112865379969614,-0.1425187621392634,-0.014164566332441064,-0.003664853528490909,0.0013715551396993712,-0.007985064669889446,-0.1272054618755695,-0.15675192454067544,1309,-0.003118679379527566,0.005504710112740942,0.001081657579164098,0.07802170932576412,-0.05958117722623088,-0.2074117485720547,Static,Right
F,22,48,48,49,0.0,0.0,0.0,0.0,0.0,0.0,0.0268579315825684,0.00494614986489999,0.012784627910350498,0.3865695748488198,-0.06279275226330554,-0.07953869748210143,0.02853759071440906,0.011890987667340933,0.009532336696318772,0.010745434005055968,-0.0016897715468180202,-0.1207591945136014,0.01929549553635907,0.011105982441468336,0.015543434241609004,-0.15121888592857857,0.04201144187144685,-0.1180226665604902,0.02832310137395001,0.011685989213718183,0.00983390414728683,0.2795530966841281,-0.06253493205144904,-0.10257769299840354,0.025608361168709067,-0.003587040336254507,0.016455229379735967,0.3865695748488198,-0.06279275226330554,-0.07953869748210143,0.030102019026145423,0.011323891036409371,0.009819013715681916,-0.05275364401142711,0.002005866667815163,-0.12477991820814015,0.027511524234522668,0.010377770819309039,0.012360092840204348,-0.059570679877179004,0.014894175670818932,-0.12512783605192773,0.01829088939390892,0.010036272417254664,0.01742579812407964,-0.15121888592857857,0.04201144187144685,-0.1180226665604902,0.029714968085040896,0.011062096127913671,0.010788906775777141,-0.03401400027004514,-0.011866356431820182,-0.1258565778297762,0.03119237751488182,0.011678569831641273,0.009047535725367501,-0.05275364401142711,0.002005866667815163,-0.12477991820814015,0.020874690925436434,0.009115137448049973,0.016827849630612887,-0.15121888592857857,0.04201144187144685,-0.1180226665604902,0.03026699335185473,0.008678784118213502,0.017607717076163876,-0.16935546410858285,0.08246610193727494,-0.12515882798666444,0.02081787632133618,0.009408396376372738,0.016370468108759213,-0.1245107172045186,0.12590009134709343,-0.10687964689936136,0.01608955858025912,0.008549294324154428,0.019554216465527213,-0.11587640518162191,-0.02038132448662303,-0.15710303863299252,0.02644721889595452,0.008690842181886366,0.01763952076954979,-0.15453958829018966,0.08329209722239417,-0.14031311969749347,0.034792048008436556,0.008680681448727478,0.01751358542401411,-0.16935546410858285,0.08246610193727494,-0.12515882798666444,0.030374823743000073,0.010890542973190847,0.015281480964864709,-0.06636777179159017,0.037936292107748085,-0.1268243893380981,0.02457707949619565,0.00971569482853634,0.014471169412840552,-0.06759900292496497,0.07707343841049796,-0.11434210695252849,0.017198863884122517,0.008595349080127301,0.01904475061212131,-0.15121888592857857,0.04201144187144685,-0.1180226665604902,0.028748073293086377,0.010353712161813607,0.015049212067789386,-0.04207537391512225,0.04160878375325524,-0.12973524492090685,0.03232306109491364,0.011515984776341092,0.015185524375331914,-0.06636777179159017,0.037936292107748085,-0.1268243893380981,0.028876705495077228,0.01696202185760924,0.008927674039172436,0.06548607405210587,0.17387469272837766,-0.019692544827294926,0.018616185223090897,0.01273880190878635,0.014438995367490893,0.0212954568217982,0.17435824739918757,0.020516776205185314,0.023435235165668124,0.01502318894317712,0.01141750132573438,0.0005712578178846838,0.17373205275452502,-0.03159928733976497,0.03295698521645008,0.019381206289427258,0.007581990006300608,0.06548607405210587,0.17387469272837766,-0.019692544827294926,1331,0.01423637571352737,0.007870120356609242,0.021337464652634593,-0.15121888592857857,0.04201144187144685,-0.1180226665604902,Static,Right
F,22,49,49,50,0.0,0.0,0.0,0.0,0.0,0.0,0.02922634246576477,-0.0033088592855435406,-0.0008194908363664448,0.0682994061343768,0.2589787906138122,0.1087097082585798,0.021466585987660738,-0.006063047440695653,-0.009125216893494582,0.016360504162092372,0.14017253402930452,0.2393267178080744,0.023669004279312896,-0.005220998769065232,-0.00928524757723541,0.015466180537940835,-0.006591646279969165,0.27901547814432703,0.025080417291834637,-0.0042121929970695806,-0.005470026185773498,0.06442469365492037,0.24408260400461784,0.13266017749073292,0.03353576298359971,-0.002867472570347719,0.003323685078061414,0.0682994061343768,0.2589787906138122,0.1087097082585798,0.02975885495140418,-0.00391831686893485,-0.014248500453520852,-0.0438659010058458,0.054664901488895835,0.2717085168458208,0.0247309434170433,-0.006083274962978176,-0.014652572971060873,-0.05281582051145848,0.03930761828261552,0.27653180021879165,0.026516683683317215,-0.005104863440608574,-0.01333452035645844,0.015466180537940835,-0.006591646279969165,0.27901547814432703,0.027388195986334588,-0.00510422972522617,-0.015203422472233304,-0.039500607851522304,0.09272840846898735,0.26276043976180097,0.03130207255526064,-0.003334234099583063,-0.014255153344143314,-0.0438659010058458,0.054664901488895835,0.2717085168458208,0.025364690183265107,-0.006008137764156308,-0.015385430860142772,0.015466180537940835,-0.006591646279969165,0.27901547814432703,0.03383760898751273,-0.005394343619843348,-0.02608426358339519,-0.03862735244855379,-0.06183049677593356,0.271304438591855,0.034326210299860646,-0.00443567931009994,-0.020405215865333854,-0.0480045296123179,-0.12104366186499954,0.24731057205002913,0.03178483910409971,-0.004874491231242975,-0.018997615323650685,-0.06183259779789368,-0.005834369838404861,0.27258976497036624,0.03333283639174769,-0.0052500650410478205,-0.024314660981642387,-0.06142271958029511,-0.06411302888649616,0.2658180887960728,0.03369321050968236,-0.005680060560234991,-0.027932542695939797,-0.03862735244855379,-0.06183049677593356,0.271304438591855,0.030287576464425908,-0.006046388415273833,-0.02172183612517492,0.0005224678872824953,0.009247715295746974,0.27919102092602016,0.02931853026344329,-0.0053988624137695,-0.017988062218534752,-0.057162550847610266,-0.06223143754399438,0.27200509587895016,0.0295635426196694,-0.005291029580517013,-0.01789634339394395,0.015466180537940835,-0.006591646279969165,0.27901547814432703,0.02954143594086514,-0.006266304573195675,-0.02119607605508109,-0.034307247928807766,0.002783691363356602,0.27913103771266473,0.030240662795873636,-0.00615334894876989,-0.021927397979466978,0.0005224678872824953,0.009247715295746974,0.27919102092602016,0.014858548238073957,-0.004087617432156548,0.006428317702635046,0.1507610426576917,-0.1818758584442529,0.30931771130990465,0.023142491645065107,-0.004424121970930768,-0.005282470341512257,0.08180122035540544,-0.23629390571139813,0.27399233163605397,0.017694941730352087,-0.004656376927708447,0.0010327868652756742,0.11977260544142625,-0.12877605176592694,0.342174066250071,0.012194758181665119,-0.003324717251782606,0.011825980187642669,0.1507610426576917,-0.1818758584442529,0.30931771130990465,1354,0.026001514215469406,-0.0059898806318654275,-0.01614143841016407,0.015466180537940835,-0.006591646279969165,0.27901547814432703,Static,Right
F,22,50,50,51,0.0,0.0,0.0,0.0,8.673617379884037e-19,0.0,-0.00043802432048157104,0.0068350536553137,0.05463489013857988,0.22251047842275568,0.09849425040528742,-0.012465609902021033,0.000907544702809104,0.01835625566926843,0.036438576797481075,0.317620145187827,0.06915071454146517,0.02865903128891135,0.009993058035454656,0.01677876127071404,0.022688051084432854,0.23343152611920154,0.04768401183223252,0.07217755380432313,-0.0019009394185272737,0.012815705754186493,0.048776936299162764,0.29919227510132435,0.08998810672252622,-0.015638802848762907,0.0012661960989137169,0.0027424297476180627,0.05878639319216378,0.22251047842275568,0.09849425040528742,-0.012465609902021033,-0.008154418433254618,0.01450516831610476,0.05226830252267332,0.2309266555964442,0.06857187412141531,0.07522600080494822,0.0018544382948500805,0.018349503990068333,0.034775560181686226,0.26665381530957133,0.039520376681674164,0.07293091402853058,0.011069372202500214,0.016514663802345616,0.021303877537240334,0.23343152611920154,0.04768401183223252,0.07217755380432313,-0.005058354617831851,0.016661171331127513,0.04554973200070368,0.2424743739113,0.05978171881856743,0.0645190271966202,-0.011531758172095518,0.013486159433800304,0.05795601458166511,0.2309266555964442,0.06857187412141531,0.07522600080494822,0.00849151260300462,0.018231763449727396,0.023737466629249034,0.23343152611920154,0.04768401183223252,0.07217755380432313,0.0018430468643228395,0.016415288319836643,0.039276607816940784,0.168045698478223,0.10990081737464653,0.13064231067775167,0.008326792108509331,0.014041002048572762,0.030148053300881706,0.1961164153252327,0.0541461635369917,0.15355367309159013,0.013107362535731876,0.015206892303522809,0.02032733235110822,0.16531100491351214,0.13663738877300802,0.12663445683898736,0.004030551183122734,0.016112002617391086,0.03524196552556285,0.1700947152543639,0.10903737287538477,0.14822631796720045,-0.0005732801361774425,0.017069446741295867,0.04341280714832357,0.168045698478223,0.10990081737464653,0.13064231067775167,-0.007318136578359172,0.017324193026409158,0.04761768888671811,0.22682590752828222,0.08572093919492835,0.06360622942605752,0.004690607811381821,0.016519109538772888,0.032710878190441314,0.26332309965661244,0.04057367207559328,0.09415892938018806,0.012040028308863665,0.0163269574106997,0.020527036840886574,0.23343152611920154,0.04768401183223252,0.07217755380432313,-0.003079347024281711,0.017966526684591092,0.041186546903377634,0.24548831190195244,0.08145387769521259,0.07856961145126287,-0.010975289368454677,0.017173979671518687,0.053024263865742875,0.22682590752828222,0.08572093919492835,0.06360622942605752,0.001173353213513519,0.016357322735081854,0.03775794121397264,0.1231185432972643,-0.21352655336630819,-0.05180262410522572,0.010635890798359181,0.015340886441363687,0.02327538729465048,0.09155385727270658,-0.19525107428466923,-0.08856875082468596,0.005951073419868226,0.015769758066363687,0.029503786845817476,0.16247596665934136,-0.1928037570552771,-0.013911441996699473,-0.002239689018131867,0.016752781278213766,0.04357597802746017,0.1231185432972643,-0.21352655336630819,-0.05180262410522572,1376,0.015083189747377372,0.0181118326311958,0.01269872817039569,0.23343152611920154,0.04768401183223252,0.07217755380432313,Static,Right
F,22,51,51,52,0.0,0.0,0.0,0.0,0.0,0.0,0.003970479173626057,0.028310187592999837,-0.03433482560364382,-0.288666049146256,0.16275530949370418,0.1022615263450377,-0.00438290997726955,0.01561201151259558,-0.027980625822087143,-0.2268302398684485,0.07919709560723048,0.19991231415513447,-0.005492411658782571,0.017739350513351647,-0.019677441442482044,-0.13286340678772615,-0.08055616650697997,0.20489409793931868,0.0009686570404390025,0.021209569794769435,-0.03317691151788946,-0.2694127307188088,0.15941973412642682,0.13343202102647772,0.006768304582360795,0.0352521986335434,-0.035401575986560296,-0.288666049146256,0.16275530949370418,0.1022615263450377,0.004518848426086931,0.019198802509517224,-0.040769308584726056,-0.1269247164076529,-0.017297772114132342,0.20463478139785712,-0.0023409954270348496,0.01657147216123033,-0.03213680014089442,-0.17681865796067683,-0.01859699976589854,0.2070094314807466,-0.0040527333295696105,0.01870983786796955,-0.022250045866686153,-0.13286340678772615,-0.08055616650697997,0.20489409793931868,0.0020726763678130477,0.017704332984939068,-0.038471151747803786,-0.1291970145276324,0.019157259296313837,0.20581389100192948,0.006432615801117319,0.019751442304378013,-0.04355690449298283,-0.1269247164076529,-0.017297772114132342,0.20463478139785712,-0.00404166324333032,0.017499238561156465,-0.025075495418459742,-0.13286340678772615,-0.08055616650697997,0.20489409793931868,0.004414076502486977,0.020015879441651976,-0.04757864447129954,-0.19566043407210587,-0.1854658583026537,0.15985422800808696,0.0025864127029476603,0.022384813971047735,-0.03452218477253101,-0.1570835412512754,-0.20091222574759676,0.10228347975147346,-0.0008464492444652937,0.021486764941891015,-0.026173381598908228,-0.14156073185078277,-0.13209033502533077,0.1692817339533114,0.0028759597566738863,0.020362820662508614,-0.04232706179675971,-0.18817808753274542,-0.186873451922427,0.139620611290819,0.0060874383190739675,0.019015425031734583,-0.053437458848839436,-0.19566043407210587,-0.1854658583026537,0.15985422800808696,0.002034697843378274,0.016977615879265207,-0.045824475220769344,-0.10481578429358984,-0.09700171321524088,0.2144450522331578,0.00011753092006089491,0.01918389220032595,-0.0339646084709472,-0.14738858428074517,-0.13829654879814696,0.17559333693188675,-0.002124586040295473,0.020075776366239133,-0.0253268870713432,-0.13286340678772615,-0.08055616650697997,0.20489409793931868,0.0011954045604476659,0.017179369954060813,-0.041681060425448155,-0.11663095157117294,-0.10092022217337084,0.2054825178493288,0.0026432020412348136,0.016489574816725493,-0.04955479396190073,-0.10481578429358984,-0.09700171321524088,0.2144450522331578,-0.007280323445847718,0.013749745017339205,-0.023696548140917165,-0.08661747872441361,0.03001532687557174,0.2209725619265291,-0.0058218030833651555,0.018201281707569905,-0.01738418965135201,-0.09809440600794372,-0.016796197256535233,0.21975216190799002,-0.006971002449721711,0.015620281299626022,-0.01908135820984865,-0.1387593153753914,0.030171372246519793,0.20390790090577623,-0.007600985428195641,0.012487330702708615,-0.02564778432196051,-0.08661747872441361,0.03001532687557174,0.2209725619265291,1399,-0.005739246391373833,0.01837008978629971,-0.018037273192786862,-0.13286340678772615,-0.08055616650697997,0.20489409793931868,Static,Right
F,22,52,52,53,0.0,0.0,0.0,0.0,0.0,0.0,0.013921631888049835,-0.04077124182749081,-0.020235590632822695,0.14840981237493955,-0.06242416392664538,0.01197962676148168,0.01787586914971365,-0.03564747442072277,-0.020941743252145748,0.05398820228956249,-0.05915805502702967,-0.03601604525882252,0.014289019869199896,-0.0341790238487358,-0.013019133491506194,-0.11425496811163195,-0.048130164273600576,-0.07403031741594417,0.015302337500418248,-0.037756770600286337,-0.02057207363925025,0.10107259268464248,-0.06641251513314952,-0.0009968428915547434,0.01267999438289543,-0.04450764394974999,-0.019345038086401596,0.14840981237493955,-0.06242416392664538,0.01197962676148168,0.012379271608645444,-0.03732762487322277,-0.026330349765667078,0.01903471813811299,-0.10518095305059377,-0.05932821258245867,0.016800973799336344,-0.03506184992036817,-0.01945529155305596,-0.0358290321165237,-0.10001340526040703,-0.06523920669777629,0.013353397981518349,-0.03359329032756405,-0.011859990173529445,-0.11425496811163195,-0.048130164273600576,-0.07403031741594417,0.014619005829572729,-0.03627121605500905,-0.02390586256515395,-0.002371143275066882,-0.11198825735560243,-0.043967420462808576,0.01015657532885001,-0.03815496159259513,-0.028013393495408923,0.01903471813811299,-0.10518095305059377,-0.05932821258245867,0.014490238290008818,-0.034484246421318324,-0.013135828393485087,-0.11425496811163195,-0.048130164273600576,-0.07403031741594417,0.013146687223340902,-0.03327504033214092,-0.022724165657267405,-0.08343305161350786,-0.11253462936658948,-0.11166535131433268,0.012289891504895387,-0.03203023638481365,-0.016226958252704943,-0.08304040790359606,-0.07367116489862312,-0.13660703243108338,0.01138679411840477,-0.03243076153038603,-0.010804644152272539,-0.060158901506510085,-0.08873601093899788,-0.09678376573516037,0.013114265407690754,-0.033134990386295436,-0.01972981620556892,-0.06521553156508325,-0.11187831184232913,-0.11983367246203704,0.013731027214954492,-0.03385738791889535,-0.025924135608794772,-0.08343305161350786,-0.11253462936658948,-0.11166535131433268,0.0187526153836317,-0.035177427254440945,-0.028376854550406835,-0.12029830859849734,-0.1005597230534789,-0.06403912548391177,0.01474509156369068,-0.03366981396143632,-0.017899084708245964,-0.13823837545691534,-0.06666378981041779,-0.09413022972971744,0.01228115751780911,-0.03310191192767226,-0.010991361562977118,-0.11425496811163195,-0.048130164273600576,-0.07403031741594417,0.017567807705877445,-0.035009780335254544,-0.02380185783582262,-0.12429223484411853,-0.09764215967268679,-0.07332405364613288,0.019862645976854602,-0.03553883031510425,-0.032375209861172496,-0.12029830859849734,-0.1005597230534789,-0.06403912548391177,0.018738192543736296,-0.03385989077313645,-0.01883186404097205,0.04358874493786873,0.08348876994928373,-0.0059037334197825355,0.014119525732868149,-0.033737033691286694,-0.013599070437272667,-0.06747584887957825,0.09364935528178171,0.020022798094458068,0.01619983183629546,-0.03454534072448625,-0.01718610278960746,-0.012882908006716312,0.08170272812653678,-0.01092414692160074,0.020841491598840824,-0.032456477517027224,-0.019303230666726418,0.04358874493786873,0.08348876994928373,-0.0059037334197825355,1421,0.012179485187449969,-0.03390660381583653,-0.006816432532999708,-0.11425496811163195,-0.048130164273600576,-0.07403031741594417,Static,Right
F,22,53,53,54,0.0,0.0,0.0,0.0,0.0,0.0,-0.04010052178855455,0.013936648792218074,0.024793650543477878,-0.026149612752219463,-0.22119995885165464,-0.13740329791552305,-0.03314895824566363,0.01828961921510461,0.02915084461284732,0.029941726598024684,-0.09522472403350965,-0.24400519568982476,-0.02653480567239077,0.016919056371867726,0.01960675493727711,0.1808117726396334,0.008324782938410014,-0.24656094355210317,-0.03633205612839549,0.016156077508045468,0.0278956939254272,0.013106190235984,-0.2059164403462168,-0.1602251934301324,-0.043887068874695394,0.01286624652048184,0.021463411398591287,-0.026149612752219463,-0.22119995885165464,-0.13740329791552305,-0.04251955405955906,0.016628374872213657,0.04042205099241688,0.1490442127010753,0.00381450487624784,-0.2434878464354263,-0.03633722012204075,0.019229713489236373,0.034054711765805885,0.11903422755655421,0.009515169152626585,-0.2441887354927423,-0.02921765008294541,0.01723947733402742,0.0232354195409199,0.1808117726396334,0.008324782938410014,-0.24656094355210317,-0.03957889887257272,0.0183377482844272,0.038359277749276,0.12930151435960852,-0.03724308290316403,-0.24063645582511164,-0.04513110049714089,0.01575546820799559,0.04346653260478557,0.1490442127010753,0.00381450487624784,-0.2434878464354263,-0.03035904388134519,0.0197155711930638,0.027293263093207752,0.1808117726396334,0.008324782938410014,-0.24656094355210317,-0.04819403217755018,0.01843135192182273,0.04958259218369601,0.21390017971861783,0.12348781359006178,-0.19330525541791269,-0.042015082220131596,0.015551191398072735,0.037156327011297105,0.2265691124488955,0.14227232602985335,-0.15636077560933176,-0.03386483680774105,0.017179883912440443,0.028874124254835633,0.22377036447561197,0.08674157912486544,-0.18939838692556968,-0.045331428296790766,0.0181577082110363,0.04487108781574137,0.2191990850741203,0.12519171030637852,-0.17110994133635957,-0.051029388352186324,0.01932689666679074,0.05462625353324187,0.21390017971861783,0.12348781359006178,-0.19330525541791269,-0.04724173988890447,0.018655017829831973,0.04804575300634319,0.22313685270646144,0.03233974692139583,-0.2546197544570209,-0.039355814497781756,0.017781744414322717,0.036232090582273654,0.1876786962410299,0.08097023538735439,-0.22389906890482209,-0.032119067145022745,0.01823108375547715,0.0278425445542831,0.1808117726396334,0.008324782938410014,-0.24656094355210317,-0.043354458273081875,0.019369180981190857,0.043594357045471765,0.20633142294307374,0.036235269527320244,-0.2395609754149127,-0.05123373038199549,0.018188544083218277,0.05261147157390148,0.22313685270646144,0.03233974692139583,-0.2546197544570209,-0.02855891670594537,0.010827838810672927,0.012692808852967932,-0.14764134307908003,-0.04609834256874552,-0.37795402822109886,-0.02523343059609086,0.014335252670682135,0.015269917330736184,-0.06728301720071718,0.028619410353672662,-0.38801793429829484,-0.02499017563996817,0.012892212566368048,0.013170677885199199,-0.06139898726675325,-0.09750928588340844,-0.3852868240732269,-0.030227417745718136,0.008321324870209064,0.010485920646434813,-0.14764134307908003,-0.04609834256874552,-0.37795402822109886,1443,-0.024342093796609145,0.02032252813474553,0.020580881342804117,0.1808117726396334,0.008324782938410014,-0.24656094355210317,Static,Right
F,22,54,54,55,0.0,0.0,0.0,0.0,0.0,0.0,-0.032698296937439225,-0.04356071653326964,0.03027840595082574,0.40234327065043163,0.08759529143455914,0.007647996746129196,-0.031271528841491425,-0.032051593704382764,0.014762897987746104,0.2730613786318655,0.05233946095027006,0.032331850245257615,-0.03081825871714363,-0.03273794499551743,0.011534064266226687,0.04681713330274492,0.04051337050545921,0.052465893409257704,-0.033730717397573926,-0.03654551190882623,0.024234634967952497,0.36604800727072423,0.07527309079923367,-0.0029485083032518575,-0.03139547151770864,-0.05105547284638728,0.0358805701012009,0.40234327065043163,0.08759529143455914,0.007647996746129196,-0.031352490330956634,-0.033164183676678546,0.020156584975848674,0.12042188514263437,0.058090089301314304,0.04414213902574098,-0.030477244100165394,-0.032766100874895794,0.013811543928978046,0.053067115025570794,0.04559595107433974,0.047827454465091714,-0.030010443384526374,-0.033274033411065516,0.010622703883677219,0.04681713330274492,0.04051337050545921,0.052465893409257704,-0.030633445920043634,-0.03249423005427835,0.016866997869969733,0.10812243290150182,0.05557160197302362,0.0376709298695027,-0.03256421717583054,-0.03347061051266151,0.023313989276965437,0.12042188514263437,0.058090089301314304,0.04414213902574098,-0.030308052340995813,-0.033287138125060935,0.01076048402030069,0.04681713330274492,0.04051337050545921,0.052465893409257704,-0.027096780725347706,-0.03419064731833048,0.014736396501163578,0.04616230584204253,0.06639949574531324,0.07145167411465471,-0.028117024564565374,-0.03460476752842619,0.012099715517734196,0.024878879984648734,0.045036212819966975,0.08475280825789157,-0.028681841588678293,-0.03457526669434775,0.009520761238089087,0.010349282624237404,0.05480472036627084,0.0588206327332833,-0.027913217506756557,-0.0342257601278523,0.013627157059287482,-0.00692030993935025,0.06582909803812512,0.0737673594919998,-0.02738417516836529,-0.03388374525902185,0.016478427671942332,0.04616230584204253,0.06639949574531324,0.07145167411465471,-0.030577284495204467,-0.033862895269430725,0.015119111798892096,0.13740663014118346,0.023807309049040815,0.04035582710907387,-0.02938177365132621,-0.033623799186778394,0.012971606594312781,-0.006101704102689432,0.008458635243871715,0.055629289165558315,-0.029243783771513137,-0.034192293742730674,0.009655507218795706,0.04681713330274492,0.04051337050545921,0.052465893409257704,-0.02893059728519161,-0.03352713718330876,0.01303238404724794,0.09347563457391615,0.02165531071130941,0.04958055912447199,-0.03292027760644791,-0.034176666586000194,0.017532892844763222,0.13740663014118346,0.023807309049040815,0.04035582710907387,-0.03495888584896099,-0.03044693540420449,0.02118780860691803,0.07383895057657293,-0.10811236041515077,0.07787589375179439,-0.031044963772065372,-0.032362322311291464,0.012533896555835016,0.08842016077214396,-0.12068933995944643,0.05535928559527546,-0.03347150322932625,-0.03134499934373488,0.016759296392009078,0.11110185927722374,-0.08161441510065333,0.09829726724973846,-0.03658446552141306,-0.03011406824523923,0.024149112381261276,0.07383895057657293,-0.10811236041515077,0.07787589375179439,1466,-0.03013559307245205,-0.033865036611486994,0.007686254270674097,0.04681713330274492,0.04051337050545921,0.052465893409257704,Static,Right
F,22,55,55,56,0.0,0.0,0.0,0.0,0.0,0.0,-0.020058737283663593,-0.019709439476204637,0.007460317195890296,0.07841633289822685,-0.03611225369263345,0.06151660921982933,-0.01552711405007728,-0.013861783589990974,0.00542149405210518,0.09488665933187418,-0.0710320769092062,0.020226838614467214,-0.01433744024377734,-0.01310729454350468,0.006157997044804357,0.012282939845254135,-0.019796947084074954,-0.019397049388230336,-0.019099190869681794,-0.017128066099645404,0.006880620563213958,0.09418801492097444,-0.04530204785758108,0.05279718679886393,-0.020783076223877484,-0.021742472325077172,0.007814605918492068,0.07841633289822685,-0.03611225369263345,0.06151660921982933,-0.013515640827322744,-0.012452857914936284,-0.0015651985857401116,-0.07021738775580064,-0.04631400978512116,-0.015654217724512493,-0.015918608915140856,-0.01332233115779092,0.005740143467345612,-0.09281574242145796,-0.0366752437788842,-0.015375448064291435,-0.014470527699831748,-0.012727134759436178,0.006213600822646543,0.012282939845254135,-0.019796947084074954,-0.019397049388230336,-0.014214044642854508,-0.013091873920554553,0.0012862953591102383,-0.08868189019413387,-0.04125864316488196,-0.00790973417015449,-0.012931071782022744,-0.012364723022940938,-0.0038581461053455134,-0.07021738775580064,-0.04631400978512116,-0.015654217724512493,-0.01474645355460467,-0.01290152550802737,0.006000271867521868,0.012282939845254135,-0.019796947084074954,-0.019397049388230336,-0.016913353578695375,-0.012483146232500216,0.006319148415400756,-0.04027247789392699,-0.003703310455839623,-0.011015931222144174,-0.016358765812536254,-0.012671798130299929,0.006127435937303638,0.020266713074779022,-0.0019767652736344767,-0.01681694997673755,-0.015020519249631659,-0.012510664343313603,0.006243560928807658,0.023935960246686556,-0.012726213890740055,-0.013511454802692975,-0.01697288759911371,-0.012523541489213622,0.006478396360226618,-0.006680504354053081,-0.003602120920460749,-0.013287459116501272,-0.016039042002854352,-0.01260634354979994,0.00578012784108688,-0.04027247789392699,-0.003703310455839623,-0.011015931222144174,-0.011075742804540946,-0.013415990622304395,-0.00025262065766271834,-0.05277640111845071,-0.032872080514781174,-0.013927032612287095,-0.01617717104569538,-0.013010516677031807,0.005969262837355019,-0.12406467453548116,-0.01748184634776041,-0.023076098151324886,-0.014810166157318207,-0.012571883227345778,0.006181550225757932,0.012282939845254135,-0.019796947084074954,-0.019397049388230336,-0.012481958409004403,-0.013684284439395554,0.0020460945909315425,-0.08360044688002555,-0.031605201158374875,-0.01736392045377491,-0.010452939197322776,-0.013500478770541132,-0.0017944155459758222,-0.05277640111845071,-0.032872080514781174,-0.013927032612287095,-0.01807385164774087,-0.01309110566398177,0.012739018563543616,0.11187510194581168,-0.09412453272476058,0.018919832372296455,-0.014246236263331838,-0.013179977543204989,0.006363728331919151,0.005009236414529235,-0.08363374189777867,0.009661253885683105,-0.01654375737024993,-0.013962972319976985,0.008285041777436853,0.10165942549557253,-0.07501797318444726,0.04119366098488728,-0.01909761507254098,-0.011971622427290867,0.01643346535018266,0.11187510194581168,-0.09412453272476058,0.018919832372296455,1488,-0.013572692819413775,-0.012498262835227364,0.006218498210071431,0.012282939845254135,-0.019796947084074954,-0.019397049388230336,Static,Right
F,22,56,56,57,0.0,0.0,0.0,0.0,0.0,0.0,-0.0030440742052682164,-0.012530017269022713,-0.10713445014955,-0.3972858404788015,-0.332542399740787,0.045792878173229655,0.004676709606109089,-0.022272857774686277,-0.07737729889009158,-0.37797870269943823,-0.2734061271151376,-0.13429327628886362,-0.006037355693099898,-0.01971053535899051,-0.057439850614230556,-0.33722391842788907,-0.12935685793739743,-0.27687780776970133,0.0024445205641181293,-0.018999972063622732,-0.0959247745653055,-0.4348096345288948,-0.3222217756214469,0.031785883265538085,-0.008883834587345181,-0.006625850348199995,-0.11645109716864145,-0.3972858404788015,-0.332542399740787,0.045792878173229655,0.007636752478045483,-0.01872743712949068,-0.10277565821694237,-0.3161680875929746,-0.24044272823879462,-0.25974927119600044,0.0008097453531226295,-0.020837458761845368,-0.071849994017863,-0.3598562669896102,-0.18501765290693487,-0.26398456789550306,-0.009835844553609193,-0.018321981802822542,-0.052666136292277115,-0.33722391842788907,-0.12935685793739743,-0.27687780776970133,0.005869647331254532,-0.020648679835004565,-0.0897328743311316,-0.37897525046767394,-0.2436250497420586,-0.22193051468499825,0.009701811031772726,-0.01836004730684034,-0.11293554195498166,-0.3161680875929746,-0.24044272823879462,-0.25974927119600044,-0.006284091196740834,-0.01950870588108194,-0.0544118069836583,-0.33722391842788907,-0.12935685793739743,-0.27687780776970133,-0.007663588314168449,-0.016353002713481772,-0.07627797368960448,-0.3156872133069488,-0.24581664712817378,-0.3609031716830918,-0.014068739704672789,-0.01335029022640465,-0.06159304649151381,-0.23319322943745935,-0.124657213879109,-0.42321346703417256,-0.016573071471409108,-0.014316921957631767,-0.047229183361772335,-0.16623575539346366,-0.24862520399691238,-0.3429665540773306,-0.010205174800690832,-0.015862844240309048,-0.06893781783943119,-0.2633813306097724,-0.24318177349264486,-0.3913963347278082,-0.003563130137981815,-0.017793684080240835,-0.08441379490546497,-0.3156872133069488,-0.24581664712817378,-0.3609031716830918,0.008185615579318298,-0.02069343849264083,-0.09526272105452409,-0.39323468166220593,-0.273838528767803,-0.2456350680435705,-0.006033550183249949,-0.017404066256022734,-0.06681198477377757,-0.40411013325299633,-0.15611008962577355,-0.33011781363323434,-0.013515819566295427,-0.016099273121972475,-0.04804719972043515,-0.33722391842788907,-0.12935685793739743,-0.27687780776970133,0.003116286042554516,-0.02071336003538171,-0.08207106677434026,-0.4209690893319919,-0.2625571487974152,-0.2748737097485388,0.012646300269209102,-0.02136922469137243,-0.10657371332726959,-0.39323468166220593,-0.273838528767803,-0.2456350680435705,0.01243819377512712,-0.025135102527568162,-0.09557430818991773,-0.2878388297974998,0.44412265247842575,-0.21658276208100133,-0.0059205575972954404,-0.01958782670507264,-0.061682395458910286,-0.3124119189212183,0.4799531619230429,-0.12609959827090642,0.004592431598677243,-0.022685857686700242,-0.07841895566953767,-0.38632892239337074,0.35798328878943253,-0.2969298546820652,0.019322261749881817,-0.02613574860039997,-0.10780508768436342,-0.2878388297974998,0.44412265247842575,-0.21658276208100133,1510,-0.013424923827409016,-0.018164673866690774,-0.03693253917806794,-0.33722391842788907,-0.12935685793739743,-0.27687780776970133,Static,Right
F,22,57,57,58,0.0,0.0,0.0,0.0,0.0,0.0,-0.016044219642556402,-0.0028196679332782126,-0.022654393877429523,0.2014386980806612,-0.24493798794145127,0.04267380298886534,-0.005199101554578251,0.00659666384802611,-0.016387496817678197,0.019604719989728375,-0.2212561302608756,-0.12524199371782613,0.0004492443142216742,0.010406489161082697,-0.009967705432188164,0.0019674617871649996,-0.1687363718968088,-0.22839105304940072,-0.0115407380145174,0.0027588112421391186,-0.02081720484266854,0.15677593249783076,-0.25282554575732996,0.007100058576391281,-0.02025015523589159,-0.008702489752473891,-0.0238225228345795,0.2014386980806612,-0.24493798794145127,0.04267380298886534,-0.020749146748313133,0.004509953397486947,-0.021476125097583086,0.13565014147315604,-0.2082554154032476,-0.18820406885195431,-0.008958987495508742,0.010355894405786955,-0.012706297656778512,-0.006486670824540255,-0.2010736170761184,-0.20325749277439553,-0.002428868506495567,0.013169473961500004,-0.007085843378462176,0.0019674617871649996,-0.1687363718968088,-0.22839105304940072,-0.014704549011378281,0.007584056747882633,-0.018847112327836094,0.0983751866691786,-0.2383012413805783,-0.15837654621339353,-0.02639370857178703,0.002287414972891175,-0.02290582447251752,0.13565014147315604,-0.2082554154032476,-0.18820406885195431,-0.0033516356555522296,0.01344984653183494,-0.007068386735700426,0.0019674617871649996,-0.1687363718968088,-0.22839105304940072,-0.02480794924553481,0.016703482984221984,-0.007804657327064935,0.21169471331533102,-0.11725556720198017,-0.2554304369985819,-0.016318066380343686,0.016136272796647883,-0.0075037888279431,0.0881492243948813,-0.066875433249236,-0.2602342385707424,-0.007971101389982829,0.017258095937708398,-0.0035343456421170804,0.13235157527971603,-0.1480890921464951,-0.2032135627180784,-0.0197345461485523,0.0166438645628044,-0.007812368603177758,0.2154069189588096,-0.11516017327509417,-0.23545401231945326,-0.030035698590187142,0.01669312272151296,-0.007627277715155639,0.21169471331533102,-0.11725556720198017,-0.2554304369985819,-0.02178308410158705,0.009915603682082457,-0.014309631050103322,0.19310544007753275,-0.178242929377585,-0.22460099590156316,-0.012801839168486949,0.013379011984956592,-0.009955316974474382,-0.00071963903672163,-0.11508772360211608,-0.25041878061880385,-0.005854717572378235,0.016246583159839276,-0.004206158593147645,0.0019674617871649996,-0.1687363718968088,-0.22839105304940072,-0.015579974735413083,0.012118398552617407,-0.013368745263355021,0.16892134915293203,-0.1738341464004865,-0.21720202721873041,-0.02775911451986103,0.00790197920283939,-0.014596408830138453,0.19310544007753275,-0.178242929377585,-0.22460099590156316,0.0037897415921305296,0.0026062391139129648,-0.02400911402819877,-0.036905833509665704,0.07798790977154749,-0.25101194858290055,0.0015775003036696137,0.008167230457748073,-0.012575069236083276,-0.2200943734503139,0.1439939556478323,-0.21837893256796478,0.003744157342830476,0.00413461541333066,-0.020021018193744192,-0.11876322724325925,0.03228218132683195,-0.26424292383347925,0.005313004478139043,0.0027920736538826233,-0.025806090893575575,-0.036905833509665704,0.07798790977154749,-0.25101194858290055,1533,0.0022991333815913996,0.016545964073260956,-0.0014296902364739142,0.0019674617871649996,-0.1687363718968088,-0.22839105304940072,Static,Right
F,22,58,58,59,0.0,0.0,0.0,0.0,0.0,0.0,0.006517885908700004,0.07520160637946816,0.06985451741814414,0.25583424544432815,0.3547979525393154,0.046966174358887086,-0.003043433532950028,0.07846055303954075,0.046226658789841044,0.255602713942598,0.2410471326708912,0.23542226979602063,0.0004720053719726935,0.07570921302220858,0.03468303618215068,0.1334829186020437,0.10591818704982485,0.33482204713168884,0.00027543638340907077,0.07713957458684086,0.060708441371257894,0.23390907491297558,0.3407174561224238,0.07246111221841964,0.012987485852413818,0.0723820074634453,0.07816118165087692,0.25583424544432815,0.3547979525393154,0.046966174358887086,0.00043397512433182437,0.07629345592571789,0.06081613364490458,0.23164849148556246,0.18950531032878318,0.3111580879365169,0.0019037710519046833,0.07636849029479542,0.039439503661145285,0.20408716921214795,0.14331819194085846,0.3218759513183207,0.0044870167040500595,0.07409549255561369,0.02973093901688244,0.1334829186020437,0.10591818704982485,0.33482204713168884,0.0001833264596454132,0.076863708345559,0.0512864911678426,0.22713891950646065,0.21139125420444616,0.28625347188890166,-0.0009830994125363747,0.07615932839524515,0.06877668670100175,0.23164849148556246,0.18950531032878318,0.3111580879365169,0.0028064824134362994,0.07459039909893629,0.029957542072749945,0.1334829186020437,0.10591818704982485,0.33482204713168884,0.018852538772618117,0.07267191876462256,0.03455430092717181,0.010402829186563852,0.15107069085788552,0.38466144018095455,0.01624407991912293,0.07205934409130457,0.03006465606598318,0.030694126251549797,0.05223472197219604,0.4058411709566642,0.012383455390268378,0.07172382118750951,0.023691738593254644,-0.018635011788144435,0.14383558985238767,0.3464044528794529,0.01639495764218183,0.07252710510929994,0.03208810589023929,-0.04194849791617556,0.14813561350418375,0.38414900355644876,0.020037479918395305,0.07324789041313623,0.03749053836116483,0.010402829186563852,0.15107069085788552,0.38466144018095455,0.013045261730522699,0.0766573800639274,0.04184317648293529,0.04916782736126246,0.18248982423394816,0.32092162321550016,0.008818828017409132,0.07422121148840448,0.03445689793754084,0.013375686390198493,0.0831651301083095,0.36187777254834735,0.009052928153563707,0.0725764232788819,0.024897798064494252,0.1334829186020437,0.10591818704982485,0.33482204713168884,0.010589080936936363,0.07526368162972275,0.037476066709547874,0.01794739713706873,0.17303370998912732,0.3285372769087012,0.014376090505772817,0.07790599549209963,0.0459829768092092,0.04916782736126246,0.18248982423394816,0.32092162321550016,-0.005557040865313595,0.08228183407002701,0.057014089270738914,0.30472222443555314,-0.1725468847763572,0.21403036632971922,-2.04355688636864e-06,0.07638839912245456,0.03856530847654276,0.17455576613762994,-0.2052791955256185,0.18947348939060707,-0.004449214363490931,0.07889945828114499,0.046943113399954835,0.262008741991336,-0.10592990109151319,0.26425059119391603,-0.006945807727936292,0.08587041661104992,0.06590591179153357,0.30472222443555314,-0.1725468847763572,0.21403036632971922,1555,0.003705670822590651,0.07287176505470915,0.020499760379496305,0.1334829186020437,0.10591818704982485,0.33482204713168884,Static,Right
F,22,59,59,60,0.0,0.0,0.0,0.0,0.0,0.0,0.005146279022856376,-0.019956911306991277,-0.040941966063465354,-0.03361093122195162,-0.2427758854403351,0.009618815257243934,0.01262699319836081,-0.01849749907669112,-0.028090849843798976,-0.13497422664491712,-0.1917587550228536,-0.13567471021905106,0.019583775421808725,-0.01432816865843018,-0.022054609720938683,0.024022712627257716,-0.17806627281485332,-0.21798217520626717,0.00926070506162172,-0.018837286627365113,-0.03654848657985206,-0.0538445137935938,-0.2407854919680327,-0.014468248871951667,0.0010221397387259988,-0.02101829585139556,-0.04462664301668243,-0.03361093122195162,-0.2427758854403351,0.009618815257243934,-0.0011412856594130677,-0.019539385926452095,-0.033797855690329656,0.12525757284348532,-0.1960685891229712,-0.18136207691455256,0.008916953765447724,-0.014458467722708637,-0.024612377353786907,-0.021409223661475584,-0.18604144967708372,-0.19315953954317538,0.016897405624434626,-0.011312607363160945,-0.019472790211865484,0.024022712627257716,-0.17806627281485332,-0.21798217520626717,0.004032109545965175,-0.016928099544573718,-0.030808475323896536,0.06467342308326314,-0.22248351767775965,-0.15097044326795622,-0.006397339781247787,-0.021609436473095194,-0.03518358832427941,0.12525757284348532,-0.1960685891229712,-0.18136207691455256,0.015613987186787007,-0.01111393288435645,-0.019509077259109307,0.024022712627257716,-0.17806627281485332,-0.21798217520626717,-0.007320783249908701,-0.008062370385147732,-0.022790937984703857,0.13095880463479584,-0.17413503824384682,-0.23971813474860165,0.0022640648404216764,-0.008481854853678233,-0.01977103742363106,0.1079821078226933,-0.12480370806724271,-0.2706920341920514,0.011530697920317119,-0.007193805759539509,-0.016288957818430323,0.15231563997657244,-0.14794538216563016,-0.18652189563952432,-0.002628673536873894,-0.00794512881973042,-0.021263862301911747,0.1615675934642445,-0.17192869066130373,-0.22683021487531219,-0.011581865349952198,-0.00838778915835194,-0.02459708491966596,0.13095880463479584,-0.17413503824384682,-0.23971813474860165,-0.008094708043399988,-0.015378076201500104,-0.02605102627956811,0.24192532267138278,-0.21330289375210856,-0.21207062510135086,0.005388201865499719,-0.011311139081595622,-0.02207042459452572,0.07496173311117943,-0.15763406676479297,-0.2473937790963074,0.013548843483095492,-0.00818420614885262,-0.016868060477295374,0.024022712627257716,-0.17806627281485332,-0.21798217520626717,-0.0007816587718303792,-0.012824957458247774,-0.02488451277732808,0.1977816914629184,-0.20949934448872207,-0.2027166635948989,-0.015534280374243377,-0.017889176686017565,-0.026287179818603536,0.24192532267138278,-0.21330289375210856,-0.21207062510135086,0.025548502182073794,-0.020705016074799677,-0.03632671302443837,-0.0669198349050527,0.11876116348087273,-0.24981209574108587,0.020676495851117263,-0.016581568959491557,-0.02419026257381885,-0.20502655611464446,0.18660867263504066,-0.21060834350346266,0.02412823900254331,-0.01979196269799969,-0.03213976697409141,-0.10609306179966127,0.07626645576730422,-0.2686177077060195,0.02760163147439555,-0.02063059056879556,-0.03932303457537065,-0.0669198349050527,0.11876116348087273,-0.24981209574108587,1578,0.022310961128078288,-0.0077694003679089334,-0.014405780197860284,0.024022712627257716,-0.17806627281485332,-0.21798217520626717,Static,Right
F,22,60,60,61,0.0,0.0,0.0,0.0,0.0,0.0,-0.009957600042168238,-0.03166756070171362,0.012333650372059963,0.013150368335552571,0.014271995158171246,-0.015940609600410664,-0.008736379956640908,-0.028712900041681807,0.007178798536049508,0.12365813613094048,0.014521750186337312,-0.0071918468204698145,-0.002211282657795595,-0.02972963479836832,-0.002725835660781871,0.17637381976463617,0.038297476734213416,0.014090024146417593,-0.010222778014386407,-0.031091306442640864,0.011651421426367426,0.0327468328031635,0.014874729290746534,-0.01565805737979018,-0.009693435216849936,-0.031863668540936314,0.012739831769954916,0.013150368335552571,0.014271995158171246,-0.015940609600410664,-0.014539884635754518,-0.031038352387886166,0.019225180086295847,0.18199829284744212,0.06231703237652154,0.01169950532721136,-0.00850117919214542,-0.028732712674568152,0.006764642932308409,0.16742697699274878,0.044222954806868144,0.01289587514267915,-0.0017314632860999037,-0.029930603782267824,-0.0032998213228501738,0.17637381976463617,0.038297476734213416,0.014090024146417593,-0.012345517189804483,-0.029440374606295505,0.014135914016878302,0.1795406345286437,0.05008332819259628,0.0040521415379967335,-0.017014470247209066,-0.03180976289076386,0.02396375274437749,0.18199829284744212,0.06231703237652154,0.01169950532721136,-0.0035231805731046712,-0.028795732747268158,-0.0014811573977994846,0.17637381976463617,0.038297476734213416,0.014090024146417593,-0.010640209313081586,-0.030460096659227144,0.011102562571537532,0.14381027924873097,0.07284568939209385,0.05529554475740394,-0.005023054718931865,-0.032288463163249945,0.004186333875721978,0.15657352229583366,0.04067141954681189,0.07159936218503965,-0.0009861425211588682,-0.0312972705323814,-0.003523113181277704,0.13523313686820132,0.10622063164775027,0.056576321161828674,-0.008653459263640879,-0.03067201555177722,0.008165028003427225,0.13923848906695957,0.07261060669259382,0.06982092766542743,-0.012956377661577078,-0.02993850442560908,0.01424888737141829,0.14381027924873097,0.07284568939209385,0.05529554475740394,-0.014385224794968104,-0.029492627913072486,0.015949056253267133,0.1724479051445531,0.062219667639330976,0.00591904180959749,-0.00704728623254516,-0.03023323810417265,0.005743503997626429,0.16330987720210519,0.04159789546394622,0.03180028025319349,-0.0014743878148046202,-0.03035734779936357,-0.0035639335086182443,0.17637381976463617,0.038297476734213416,0.014090024146417593,-0.011559785591136325,-0.029090987082718175,0.011485221641261362,0.1676778025769189,0.06002036048192537,0.01794672325014012,-0.017196884456731894,-0.029693967397736214,0.020057079802268403,0.1724479051445531,0.062219667639330976,0.00591904180959749,-0.009385076029372826,-0.028465568778672738,0.011747119034097047,0.21289763585074703,-0.1876196220699657,-0.04487415478104559,-0.0018061242731636786,-0.03057699886756814,-0.00243280210608023,0.09096449963727596,-0.16593851691693418,-0.07084564999714137,-0.005805100942377225,-0.02988873913147287,0.0031143073266550517,0.19041579286912036,-0.16031384589665745,-0.0023008818944189545,-0.011557849330181724,-0.026407931817490876,0.018950860472178244,0.21289763585074703,-0.1876196220699657,-0.04487415478104559,1600,0.0014581357181727617,-0.028893933108063177,-0.009810656814076852,0.17637381976463617,0.038297476734213416,0.014090024146417593,Static,Right
F,22,61,61,62,0.0,0.0,0.0,0.0,0.0,0.0,-0.041169213524973595,-0.02243380629958668,-0.05613717217462732,0.05774099424173567,-0.3669544970596206,-0.07437090371971712,-0.02500062323658683,-0.01682467760523338,-0.032077725016407106,-0.14440585952752258,-0.23821959017400451,-0.28043139780519616,-0.02720621143000677,-0.015260862358352693,-0.021424842679159443,-0.10125860790019318,-0.10655823922246399,-0.37297386835626795,-0.03175930133824017,-0.018225616073746835,-0.04713596967199301,-0.02619868330133968,-0.3560298585589409,-0.11413454690354555,-0.05051306932118726,-0.028256746523460247,-0.06283723109676143,0.05774099424173567,-0.3669544970596206,-0.07437090371971712,-0.039063647795800245,-0.017359548213940222,-0.04526648218885887,-0.06894038125702702,-0.20602535329280752,-0.346596730317986,-0.03277051561026698,-0.013752329294706732,-0.02143104276397907,-0.11110192898807128,-0.16605546494327394,-0.3569536220359729,-0.034492126187127034,-0.013128182783014024,-0.012645002622054525,-0.10125860790019318,-0.10655823922246399,-0.37297386835626795,-0.03525238938691354,-0.016048351565520074,-0.03448617263404826,-0.11684328518618017,-0.23936447961319693,-0.314903204044391,-0.0418698948878136,-0.018695321827506488,-0.05254247328843458,-0.06894038125702702,-0.20602535329280752,-0.346596730317986,-0.03245293259609356,-0.011155051457413133,-0.009791472217653667,-0.10125860790019318,-0.10655823922246399,-0.37297386835626795,-0.0575847714316873,-0.008697594397020189,-0.008810024799995285,0.04808611312501724,-0.09387142910478487,-0.406571647133087,-0.054157442339580183,-0.008738190347166821,-0.007695919406332754,0.00854121634923546,0.0043991607103373385,-0.41280337771739684,-0.046766335412387,-0.007866376142419931,-0.0006939173153604713,0.05778266643625464,-0.1296153717240071,-0.37516709416581684,-0.05431190414962028,-0.008600333444340063,-0.007259887960967965,0.0692572250293364,-0.09035611474711933,-0.4016332566354646,-0.060046621480093876,-0.008992625177860262,-0.010245101269386854,0.04808611312501724,-0.09387142910478487,-0.406571647133087,-0.041236767709620266,-0.014103781003420393,-0.027839462038577824,-0.03894275422282301,-0.1746229368077908,-0.3603800222007349,-0.043118247769560566,-0.011211548062040128,-0.014028919026173035,-0.11368854792959923,-0.055472171219070034,-0.3943241304943867,-0.04161496921655358,-0.008722660993693067,-0.0026054955486317444,-0.10125860790019318,-0.10655823922246399,-0.37297386835626795,-0.03967339046325391,-0.012698469279060246,-0.020754492333578352,-0.067954823483222,-0.16284327677425325,-0.3663742755188876,-0.043185122463820134,-0.01577613483248022,-0.03314217535826228,-0.03894275422282301,-0.1746229368077908,-0.3603800222007349,-0.012226139919833342,-0.031276253410753685,-0.06973549885512102,-0.27794796217325046,0.24160938112338637,-0.4683612459646444,-0.025122770511520134,-0.018789531454333052,-0.031201833834841337,-0.32187139371988416,0.34130417303321053,-0.40838075609454266,-0.014881035639153453,-0.025705044017227008,-0.05169037990952693,-0.32945343923862763,0.14053773853362925,-0.5223359162593084,-0.007397063208600167,-0.03444164418130689,-0.08285695084911263,-0.27794796217325046,0.24160938112338637,-0.4683612459646444,1615,-0.03213531626542682,-0.008557767157440185,0.0018481008211853362,-0.10125860790019318,-0.10655823922246399,-0.37297386835626795,Static,Right
F,22,62,62,63,0.0,0.0,0.0,0.0,0.0,0.0,-0.002361980731550165,-0.0007907520893201535,0.0013223899037795295,-0.010508625858412233,0.00358184314676419,-0.019458349449642955,-0.0034875841803999924,-0.0020901386086100825,0.0013611746489117214,-0.011264631238501212,0.01524852123403115,-0.012383072465952875,-0.005473111579789783,-0.0027504132650207876,0.0009943792984079538,-0.012445077335507341,0.018441821826279892,-0.003106532240835273,-0.0025637173452601448,-0.0013099263998799296,0.0012929617787704728,-0.011567502712218356,0.006032160076256253,-0.01833619452001202,-0.0022082307677598312,-0.0004346384434198571,0.001173922726982467,-0.010508625858412233,0.00358184314676419,-0.019458349449642955,-0.0011278355523300007,-0.001706158455099664,0.00185926622717769,-0.014154913114282101,0.015827618895336674,-0.0075056776609164445,-0.0033281526289299893,-0.0026669606395100776,0.001627502006990021,-0.012743400091138456,0.017652867134776543,-0.005909069997431798,-0.005326166983680293,-0.003232389554039258,0.0012276673106936798,-0.012445077335507341,0.018441821826279892,-0.003106532240835273,-0.0018328780846201664,-0.0021407560910399036,0.0017600127036609943,-0.013161177835716716,0.015767972114059586,-0.009420872750994366,-0.00032262283213013693,-0.0014278382020810319,0.0018967794131907727,-0.014154913114282101,0.015827618895336674,-0.0075056776609164445,-0.004915684321419446,-0.0033036659553502237,0.001270460948099571,-0.012445077335507341,0.018441821826279892,-0.003106532240835273,-0.0021006104127897756,-0.003921263293889945,0.0022823486773293467,-0.016575559405029562,0.014544653180307753,-0.003596184340878944,-0.0037677947161605906,-0.0037288655181297974,0.0017697732898114256,-0.014925727281414947,0.016735531165205576,-0.00014957411445942265,-0.005286500941480139,-0.003964020351590599,0.0014362943674794946,-0.017324578853300986,0.011924480200894134,-0.008068011300312417,-0.0027058104837100723,-0.003835445558979935,0.0020680875017831096,-0.01630571613957686,0.014471048964429988,-0.0052188542242179,-0.0013365188121700056,-0.003786891576399578,0.0024306744120794455,-0.016575559405029562,0.014544653180307753,-0.003596184340878944,-0.0012278656916300107,-0.002707252719089806,0.002074133314194924,-0.015607244163098073,0.015344244544420467,-0.004773475716003482,-0.0034661767993202056,-0.0032257501585499612,0.001726331032853022,-0.014236442738683474,0.017514283085976953,-0.0009572634645344948,-0.0052896166999799555,-0.0037860882692794494,0.0013927388714474174,-0.012445077335507341,0.018441821826279892,-0.003106532240835273,-0.0021057601778298723,-0.0030222899730796672,0.0019244016827790738,-0.015426934784894755,0.01563442082569062,-0.005191592507383068,-0.00041797639841016605,-0.0024072068920591417,0.0022100043771233735,-0.015607244163098073,0.015344244544420467,-0.004773475716003482,-0.0036816872336000554,-0.0009672620990698591,0.0009009050217001483,0.013496051036409601,0.01813758741671864,-0.0012240880108245812,-0.00554559094658995,-0.0023553359494304905,0.0008581968397480814,0.01350897808331749,0.017518966051873495,0.003241982671836978,-0.004731497187349973,-0.0015776713343393354,0.0007780028012493994,0.010166183587462938,0.019979582325691102,-0.001367880397131682,-0.0029877330060899794,-0.0004494419441100624,0.0008522988654557909,0.013496051036409601,0.01813758741671864,-0.0012240880108245812,1625,-0.0065063138331801435,-0.003955130454599828,0.0011365207868374572,-0.012445077335507341,0.018441821826279892,-0.003106532240835273,Static,Right
F,22,63,63,64,0.0,0.0,0.0,0.0,0.0,0.0,-0.02070006195683842,-0.0037399350308921506,-0.02873181554914532,0.07694431555236322,-0.37525000998006564,-0.059308196115878245,-0.0121126685272539,-0.0007090170776693249,-0.01522813746463342,-0.16246903107082256,-0.25161539187403803,-0.27503696963158736,-0.013116404346284903,0.0004007451895690018,-0.008537194570552811,-0.12017087605539423,-0.1307532618291639,-0.3770350397246732,-0.015712303158192303,-0.0013504483932769683,-0.023852298848415703,-0.01861642405120774,-0.3658904860840636,-0.10150933955003875,-0.025795317716615432,-0.00717964542011543,-0.03216269207357615,0.07694431555236322,-0.37525000998006564,-0.059308196115878245,-0.01980311925032324,-0.0008520681676386452,-0.02417421640493336,-0.08549688669392241,-0.2341044614939445,-0.3461394265552474,-0.01630641485633863,0.001160962418323113,-0.00974754086049334,-0.1321477050174135,-0.1918902924531894,-0.3580400448071123,-0.01719101021671516,0.0018377117588839424,-0.0038598751472615996,-0.12017087605539423,-0.1307532618291639,-0.3770350397246732,-0.01783236624690775,-0.00010485744276926743,-0.017708625887432654,-0.1393901590654305,-0.2655172030221473,-0.31092831804439836,-0.02135457777624622,-0.0016590749025222403,-0.028576473137267005,-0.08549688669392241,-0.2341044614939445,-0.3461394265552474,-0.01613621480749289,0.002918884611668919,-0.002423669748008469,-0.12017087605539423,-0.1307532618291639,-0.3770350397246732,-0.03003232659532348,0.004661331825022978,-0.00406611992663191,0.04595462225459894,-0.12513745098570161,-0.4186042481036464,-0.0279027564334925,0.004731530826176927,-0.0022310033075017,-0.00344248236449579,-0.021980927085452052,-0.4313760623830022,-0.02378873625104644,0.005269324071307277,0.002468257569025016,0.05190110491485523,-0.1593703746456175,-0.3814856828352925,-0.02821323219861601,0.004638374338815374,-0.002764161541849548,0.0653203906428324,-0.12158774598007838,-0.41432527441741873,-0.03157412180660033,0.004328832703538125,-0.005344972205509589,0.04595462225459894,-0.12513745098570161,-0.4186042481036464,-0.02095698268470019,0.0010495428345153554,-0.014699085741130616,-0.04588299437336509,-0.20310429133181246,-0.3618182266640709,-0.022009949845469192,0.0030034386542461826,-0.005779810169163198,-0.13548566746827384,-0.08004686806160059,-0.4039620283676894,-0.021098621049723404,0.004569745154399965,0.0015848909541384569,-0.12017087605539423,-0.1307532618291639,-0.3770350397246732,-0.020114822154746175,0.0019225476369383041,-0.010317906154676018,-0.08200389122053063,-0.1909108876466668,-0.36917978784684596,-0.022213804074276977,4.391002362248208e-05,-0.018071926013449664,-0.04588299437336509,-0.20310429133181246,-0.3618182266640709,-0.004514122644577021,-0.009600316256661525,-0.036861821876984696,-0.3286356941295809,0.2681958755448963,-0.4896087478389926,-0.011902046557246197,-0.0016997605854154802,-0.013902468841100062,-0.3701103694364097,0.3719633570971933,-0.4242818594267924,-0.0059446623633769135,-0.006037655537292633,-0.025887714284121444,-0.3875381938696777,0.15584394132495114,-0.5518187557349844,-0.001771141858538589,-0.011713014929053944,-0.04482144186806216,-0.3286356941295809,0.2681958755448963,-0.4896087478389926,1638,-0.015883215828231132,0.004580290546945268,0.004860524232101903,-0.12017087605539423,-0.1307532618291639,-0.3770350397246732,Static,Right
F,22,64,64,65,0.0,0.0,0.0,0.0,0.0,0.0,0.009731235916558362,0.0025829182027081246,0.06056344838594828,-0.07271648676506513,0.10135219571875294,-0.24880850650683758,0.002537066535133314,-0.00042428623099986524,0.04816697512473318,0.134768519928397,0.22508322238109588,-0.1335465465005546,-0.0041192264956082005,-0.010182686768774726,0.02457218839468457,0.1717997925391392,0.3424649810794848,0.022243266580150665,0.0072651422593997894,0.0005674035325582804,0.05875583128887395,-0.027482232969166513,0.12893819531664144,-0.23358076193668623,0.011934062186183179,0.005101282902583421,0.06149168098622254,-0.07271648676506513,0.10135219571875294,-0.24880850650683758,0.014219370057916654,-0.0026949899508416295,0.07872674938204365,0.2183158452288064,0.35921098877008006,-0.04891997735668189,0.005000436162100152,-0.007652490826833371,0.04921870376620632,0.1571037291001121,0.34386624131929233,-0.01957377955438839,-0.0024215258563666867,-0.015996822078957737,0.024699443365717513,0.1717997925391392,0.3424649810794848,0.022243266580150665,0.011213852642833288,-0.003618337657391709,0.06644946400938724,0.20899482607081168,0.3360563514466,-0.09002278595906288,0.01610158173337499,-0.0014257350627334025,0.09071017248996516,0.2183158452288064,0.35921098877008006,-0.04891997735668189,-0.0009733092231582512,-0.013951672877274614,0.029722972003126652,0.1717997925391392,0.3424649810794848,0.022243266580150665,0.01638396778388371,-0.022815124203133395,0.06606612126697677,0.03529409175494076,0.4048266424792601,0.10495585651442069,0.008362604136608394,-0.025522379170441884,0.044961952948785425,0.08891501770167413,0.3601133634811364,0.1997019334379043,0.0009543681960000782,-0.025999576916616238,0.026145954530034262,0.008741232590025436,0.3820703758180157,0.034311807433712864,0.012961695857733683,-0.023252994632558234,0.05717976805518401,0.044004998291556824,0.4041200802531825,0.11237953890388602,0.020275221435292114,-0.021045484264907877,0.07534798861432798,0.03529409175494076,0.4048266424792601,0.10495585651442069,0.014587243793241592,-0.008737631939808326,0.07611495345340162,0.1610429936074632,0.38538832960209574,-0.024427712798507525,0.0069190414522581935,-0.016383392177191626,0.04779466022754304,0.14484655674940217,0.36209977888555744,0.09682576207676531,-0.0002409303117665895,-0.022316225218408953,0.02565733709452657,0.1717997925391392,0.3424649810794848,0.022243266580150665,0.01173430720901683,-0.011192827069399794,0.06400605407598971,0.14845313685126418,0.3841882985522148,-0.002324048015756282,0.016714901631399874,-0.005876978958041507,0.08742004037039222,0.1610429936074632,0.38538832960209574,-0.024427712798507525,0.00838835244797511,0.012439546284674977,0.0427815933686746,0.47498199232691785,0.07223920822000547,-0.12938537757242952,-0.005021249411191656,-0.007980273772583325,0.02371656021640798,0.37283123336066354,0.09836437489408698,-0.08901699560014802,0.0003968973216998911,0.003481510199500323,0.03084281831733368,0.4113170776225994,0.13266241964864298,-0.07993401484499729,0.01394238545611667,0.021413295962033292,0.05174134987675119,0.47498199232691785,0.07223920822000547,-0.12938537757242952,1650,-0.007036797941024786,-0.020146228983757685,0.010270194034859653,0.1717997925391392,0.3424649810794848,0.022243266580150665,Static,Right
F,22,65,65,66,0.0,0.0,0.0,0.0,0.0,0.0,0.012207821493853124,0.029312425421319777,-0.011256231835632308,0.19726256526298389,0.16802472665805576,0.002603776848171317,0.007226088713386569,0.02919663080715982,-0.01796355143213176,0.01754431458562989,0.13188171924666248,0.09478574255067744,0.00224365105461984,0.0289235181852733,-0.013968727792708704,-0.13059237369727228,0.025759130088546592,0.13774184629654643,0.009952840658666778,0.030650107832246472,-0.015000970515677156,0.14413313944182313,0.16248303576984094,0.012451986069779854,0.014550702901539841,0.027020538997573024,-0.007528541055623554,0.19726256526298389,0.16802472665805576,0.002603776848171317,0.017674765021993166,0.031734801294819516,-0.022595302694731385,-0.08144215264272557,0.07675288982557826,0.11501956314426458,0.008844422517926573,0.028170506894373164,-0.019958855993658674,-0.17021654479754714,0.07732253757295834,0.12641587069843424,0.003368243604186684,0.028340855407213192,-0.015379523481062625,-0.13059237369727228,0.025759130088546592,0.13774184629654643,0.0148613615903999,0.030258289594219785,-0.02258951888604014,-0.09272393295252748,0.09798700810068978,0.10662578383900549,0.019832807522113086,0.03258536466440652,-0.02265195519531841,-0.08144215264272557,0.07675288982557826,0.11501956314426458,0.0044644952184332105,0.02733324680781307,-0.016882618409974487,-0.13059237369727228,0.025759130088546592,0.13774184629654643,0.015943001753419707,0.027846404180859735,-0.0245515928713874,-0.0696685794263572,-0.002992723075652864,0.10595990495212583,0.010970096769853575,0.029001565330799783,-0.021146704150180246,-0.16001430313431728,-0.01277967591019797,0.10944028410635417,0.005666910773833161,0.027988152581859965,-0.017457187709668386,-0.16295828008653723,-0.032676952768706496,0.09542384047070089,0.014247402355206544,0.02780540862772641,-0.023603768487171668,-0.1137206477335067,-0.0041020616697492055,0.09680372284763016,0.017013998788072922,0.02766372918541968,-0.02529271393903259,-0.0696685794263572,-0.002992723075652864,0.10595990495212583,0.018509415613219962,0.028852195820806597,-0.025675273519139535,-0.13008285385370424,0.040046704853173076,0.13406818613162652,0.010119987734473396,0.028407301147473127,-0.020813230086239785,-0.19313882703701143,0.017059071917235866,0.13523981893446813,0.004877431760466581,0.02760750087892038,-0.017055242464973037,-0.13059237369727228,0.025759130088546592,0.13774184629654643,0.015512717189906341,0.02796812655071294,-0.024338012647773043,-0.14426446369915935,0.03742924070778324,0.12769624425675452,0.021047917020546557,0.029519268054499722,-0.02674713492629688,-0.13008285385370424,0.040046704853173076,0.13406818613162652,0.0073153331193532055,0.03356424907369963,-0.013281642784494212,0.2231062225242536,0.11451061156649464,0.16176128684445534,0.001490760317913302,0.03030283963169967,-0.0124549833191137,0.03214421458238536,0.0811087869340883,0.20103699763264554,0.003457601069220059,0.031586648883692926,-0.013075586122386983,0.05444306784716144,0.14180389975180588,0.17104809623573522,0.010418749310080102,0.037086620302939785,-0.011190519171451844,0.2231062225242536,0.11451061156649464,0.16176128684445534,1665,8.420813453989007e-05,0.02653150174797999,-0.013893758566181982,-0.13059237369727228,0.025759130088546592,0.13774184629654643,Static,Right
F,22,66,66,67,0.0,0.0,0.0,2.775557561562892e-17,0.0,-3.0357660829594124e-18,-0.0148920014134867,-0.028748627259713538,-0.030245102831875658,-0.04774639701530272,-0.09803336603900308,-0.01504677152092964,-0.011688707569133372,-0.02806454656531366,-0.025874053195066842,-0.02001726098996249,-0.0677469938763788,-0.06922448343406129,-0.005046385493279909,-0.024628492162473585,-0.02408218555387917,0.09009281762742825,-0.09107765426956607,-0.09147811739513133,-0.013276461405846747,-0.028800393054973485,-0.028148151011775552,-0.04247849106744753,-0.0945771428992281,-0.023573936537602976,-0.0166268661684932,-0.0285493165039336,-0.03227702512248856,-0.04774639701530272,-0.09803336603900308,-0.01504677152092964,-0.022267426891513432,-0.02994837392574659,-0.02333335045832863,0.16746652164777492,-0.0686489959028567,-0.06797600912573167,-0.013504746358506861,-0.0256485842102869,-0.024588756510979408,0.05262403636200212,-0.07674486467297228,-0.07860793131986946,-0.00558343722120023,-0.022848078434373347,-0.023848950204345378,0.09009281762742825,-0.09107765426956607,-0.09147811739513133,-0.017442917362613452,-0.02724188624118023,-0.025218952742789454,0.17622527918469166,-0.09028816093657575,-0.06072656603502223,-0.026435829496853438,-0.031576772271000884,-0.021578635805482353,0.16746652164777492,-0.0686489959028567,-0.06797600912573167,-0.007232122930959975,-0.02355486358228702,-0.02475096571892652,0.09009281762742825,-0.09107765426956607,-0.09147811739513133,-0.023375022184840246,-0.022120856661420198,-0.020579691501891265,0.13734096185826006,-0.03582083584069758,-0.08524705610538223,-0.015112695472647158,-0.023144015791266768,-0.023323494496441263,0.12541614812771884,-0.029987760637902254,-0.08234179417834285,-0.007983719564939925,-0.021941403524107186,-0.023949242332399635,0.14041785367933843,-0.04454897341337157,-0.05550764922236167,-0.019039178880953554,-0.022112932496900155,-0.02199987665907358,0.21026273474283255,-0.03476360770407628,-0.0681407281669784,-0.026559446865566556,-0.021925779605853582,-0.01973149651130688,0.13734096185826006,-0.03582083584069758,-0.08524705610538223,-0.025530987226213674,-0.026634758110367165,-0.021428219673173498,0.2419167371883757,-0.08276524855781385,-0.09462792916610896,-0.014555448964000224,-0.02417100369278689,-0.02381168344702086,0.07790510285253265,-0.06515036039977146,-0.09869830211237614,-0.007196682673613111,-0.022251351880440653,-0.02422946282909526,0.09009281762742825,-0.09107765426956607,-0.09147811739513133,-0.018806910459939884,-0.024630290960680038,-0.023854408365971753,0.24953070689000847,-0.08264961392505586,-0.08305867354109142,-0.031665382357453475,-0.02831319589492657,-0.019315724747296866,0.2419167371883757,-0.08276524855781385,-0.09462792916610896,-0.014960501419226812,-0.024452743767780203,-0.006673336889647336,0.26465559141947304,-0.24836919087278603,0.056117450819732094,-0.004840911612280076,-0.0251809904701335,-0.02282672259656593,0.04320255251867363,-0.2290103016657459,0.021289096260067916,-0.010751836258893501,-0.026396136502493568,-0.017450071499347634,0.25701553590496473,-0.20049260123357263,0.10897224480815276,-0.018137680517113626,-0.022229444313073513,0.002197662809766424,0.26465559141947304,-0.24836919087278603,0.056117450819732094,1680,-0.0009566799493265838,-0.021522480825880846,-0.02488721033428655,0.09009281762742825,-0.09107765426956607,-0.09147811739513133,Static,Right
F,22,67,67,68,0.0,0.0,0.0,0.0,0.0,0.0,0.014960807643321625,0.01885416108179292,0.04167294958736559,0.10524933521412157,0.12363373846994603,-0.1168662133931148,0.011735872655192834,0.023363364444428686,0.0251760087434224,0.23851091234234828,0.15707279162295965,-0.027797369412382325,0.013507328534778639,0.01829110108404255,0.008984286914886262,0.16088279237633765,0.15409440659510765,0.06715515707723099,0.012673531620228481,0.020907817278628504,0.037254129946627294,0.142724537692511,0.13142324075707898,-0.10907488177739834,0.01736894262438552,0.017496348504378645,0.045028819185908085,0.10524933521412157,0.12363373846994603,-0.1168662133931148,0.010097988332221383,0.019751223755978407,0.04740263686595077,0.2574223491864046,0.18633231640588066,0.03686490016596285,0.013463810488628597,0.020593940931921448,0.02420729305267169,0.24418448937044135,0.1599580636119768,0.050934038536043696,0.014497526296542764,0.015846603737806674,0.008410633884506746,0.16088279237633765,0.15409440659510765,0.06715515707723099,0.010799551456657067,0.020906759715007005,0.038402754829556844,0.23232138659624588,0.17294076053645266,0.016737037590481955,0.008106019105785683,0.01933721492848593,0.05624465620035882,0.2574223491864046,0.18633231640588066,0.03686490016596285,0.013870732657293109,0.018090656385278823,0.01209823906518834,0.16088279237633765,0.15409440659510765,0.06715515707723099,0.017535552704557276,0.013871588177921656,0.031391372167697086,0.20492945543149388,0.18578638361555794,0.10784956461215306,0.01865996833104305,0.012054410734357163,0.02008541859204498,0.10636692852403001,0.1408889987957786,0.16073705335268618,0.017296371313442752,0.012347510812407097,0.00895035965837017,0.06118695624862271,0.20460074135477072,0.0923854910515214,0.018331805574464163,0.013569540824621416,0.026087425375798088,0.13450344904257644,0.18503440867673684,0.12576231274814678,0.01504932002784262,0.014958052848957275,0.03767192509763441,0.20492945543149388,0.18578638361555794,0.10784956461215306,0.012122836308078658,0.019968517674928868,0.04184544364251225,0.20829961004395048,0.20508621595653423,0.03944171347771192,0.01595992129777854,0.01643153603791435,0.022445156759357366,0.20434501751447223,0.16469391170315942,0.10790190369026445,0.016155887475164117,0.014171412803914377,0.00904056911549266,0.16088279237633765,0.15409440659510765,0.06715515707723099,0.013189135479556885,0.019298934938764223,0.03355626949195458,0.18789417315933649,0.2014405920061685,0.05854162996951346,0.01047655198103561,0.02087532514540023,0.04977396927059527,0.20829961004395048,0.20508621595653423,0.03944171347771192,0.015183336883992872,0.021961401924943114,0.012460977658600741,0.11518407175142012,-0.006285932604210883,-0.13968024257707412,0.013805585594871484,0.01774490569395047,0.007825909329279521,0.11084144970607569,0.013354816383500384,-0.13479724651593708,0.014913480776978563,0.02095589986277166,0.010265140909142854,0.06190559344629883,-0.008216550476728847,-0.12626500119291395,0.016115387557214558,0.02393563434576424,0.014990836028984563,0.11518407175142012,-0.006285932604210883,-0.13968024257707412,1694,0.014271942770128545,0.015680788004829093,2.7196575194280242e-05,0.16088279237633765,0.15409440659510765,0.06715515707723099,Static,Right
F,22,68,68,69,0.0,0.0,0.0,0.0,1.734723475976807e-18,0.0,0.0027195800851929092,0.022767761619985734,0.06119885860785183,-0.05202730829554672,0.2612804316403251,-0.16106235927271728,-0.010511736887678536,0.015357960990285666,0.04865590286844328,0.03070285358391375,0.30372879665764746,0.03377641940667268,-0.017256227002814317,0.00957452158938605,0.037995922373162926,0.023469890787574423,0.21840065214727206,0.19103691967085015,-0.0023516039229071074,0.019576390015521417,0.05698071626723211,-0.024247240000333913,0.2781032827995829,-0.12945846246966122,0.0074366746730213625,0.025801835866299912,0.06453174589227112,-0.05202730829554672,0.2612804316403251,-0.16106235927271728,0.004397890282142876,0.015958980433957166,0.06128007045846923,0.02845497049517987,0.26462873650452073,0.13662937957655877,-0.006673240660442904,0.010501735235585759,0.045739115352141486,0.0408790239275344,0.24856819396390484,0.16018853470377223,-0.014697237961264296,0.005974972077450135,0.03585854410336523,0.023469890787574423,0.21840065214727206,0.19103691967085015,-0.00031753590632854046,0.01387289859435005,0.05479697532145828,0.03572731352618001,0.2776710802555432,0.10416741738128267,0.008067796471550035,0.017594792904300476,0.06690051625888548,0.02845497049517987,0.26462873650452073,0.13662937957655877,-0.013408979409757124,0.006546560827157161,0.037245765000863455,0.023469890787574423,0.21840065214727206,0.19103691967085015,0.008069180997514025,0.0020401240150856774,0.04602974896404452,-0.026556367666749604,0.19274029318906885,0.21315024287561773,1.8284228307003602e-05,0.0019772822929499073,0.04056497352963472,-0.06569762483249879,0.1422522280347987,0.2562869283257748,-0.009216426217235492,0.0008057780452002427,0.033572104828829684,-0.11931666058519017,0.2046908297612193,0.16897094773770863,0.004395297741771506,0.0018968799882927894,0.043288271602758555,-0.08931935079509319,0.19075806099284276,0.20895036536367614,0.010496096619528557,0.0026000131381353426,0.04948083836980068,-0.026556367666749604,0.19274029318906885,0.21315024287561773,0.007093096771528463,0.010204943476006902,0.05276633451856531,-0.00010491144508076204,0.23985047986282562,0.16311311289899905,-0.003184690196621405,0.00618990942317857,0.04320941454506531,-0.03529898560041935,0.18491176615214344,0.22686271540085162,-0.01123756004719289,0.002409807027050187,0.03402825191204222,0.023469890787574423,0.21840065214727206,0.19103691967085015,0.002747328765507244,0.008193998354149929,0.04800240299142924,-0.03139077794390607,0.23475965707872165,0.1706563240939685,0.010291828635878476,0.012135195492900056,0.05742087819209289,-0.00010491144508076204,0.23985047986282562,0.16311311289899905,-0.012429762447621458,0.021798413419270975,0.05005840575732021,0.2855238911273626,0.030874792421586833,0.09567411979276812,-0.018345400571835698,0.01162839454952165,0.039306952766727445,0.21801487070212974,0.0066196110314965945,0.11285160805257544,-0.016654409534449986,0.017254642617870884,0.0441157705250954,0.2236567781160591,0.07926925779891793,0.12453903848501982,-0.009642729024607225,0.026508779270378598,0.05524033084874919,0.2855238911273626,0.030874792421586833,0.09567411979276812,1708,-0.020067392000907017,0.002463657121435804,0.028809272282135975,0.023469890787574423,0.21840065214727206,0.19103691967085015,Static,Right
F,22,69,69,70,0.0,0.0,0.0,0.0,0.0,0.0,0.003739187619078132,0.04161820659492859,0.10539051472508275,-0.06425182406957253,0.4032132738213596,-0.2186800524265083,-0.0156349172221857,0.03165031056176416,0.08557635993794832,0.07147722612105428,0.449123307746744,0.07362598826575244,-0.020902369244742872,0.02410753240500042,0.06749762996730019,0.11383057138818198,0.2935730416191437,0.3069594453733674,-0.0038619060749644028,0.03739313095282137,0.09861926348705569,-0.01163898797453101,0.4250769794493312,-0.1712339313440807,0.01106599263941419,0.04593581160478574,0.11066174921626432,-0.06425182406957253,0.4032132738213596,-0.2186800524265083,0.0025096600998499577,0.03174958352384287,0.10646343533362332,0.10648562224745727,0.3829293340788913,0.2339922682898584,-0.010063403715878562,0.025501970405257066,0.08047333941603643,0.13082831718674953,0.34985294075143647,0.26605813758738794,-0.01689311879014979,0.019280821291264634,0.0636171979236139,0.11383057138818198,0.2935730416191437,0.3069594453733674,-0.0032461669118571284,0.02946018265155011,0.09577319338460724,0.11990949857599888,0.40136746564056713,0.18666628278969688,0.006752822985078516,0.033607660929735494,0.11569630528122724,0.10648562224745727,0.3829293340788913,0.2339922682898584,-0.016191516605000057,0.020443796179756973,0.06592018437159836,0.11383057138818198,0.2935730416191437,0.3069594453733674,0.010379537610414356,0.014142699787585727,0.0806857767618502,0.039582179382064014,0.2814893668522545,0.3553902946321782,0.001997453268628592,0.013419315669042859,0.07148156274834412,-0.021309621715219895,0.18885053457108794,0.416363674797984,-0.008441253211828882,0.01241679272282905,0.05966016754875762,-0.10211763578933529,0.3076779943517021,0.29654829594854043,0.006076163412392936,0.013876535818314276,0.07619220008398377,-0.07525455573370511,0.27813744032694504,0.35589108896746147,0.012463573400250144,0.015137477220742957,0.0865684294864911,0.039582179382064014,0.2814893668522545,0.3553902946321782,0.008308871549007337,0.024773261178621622,0.09025036606420868,0.06384843233706111,0.33643551365695,0.26746683737595683,-0.0038585690345143823,0.019487175242178467,0.07597788031256175,-0.023444016643965237,0.24432944304324816,0.35950116976000773,-0.011765540439307274,0.014694916234570955,0.06043609744071519,0.11383057138818198,0.2935730416191437,0.3069594453733674,0.003127393785528578,0.022237736613714303,0.08291544456715769,-0.00039498632257575463,0.32745619076049814,0.28264987759637256,0.011442009429450166,0.027161269020299812,0.09770984399832093,0.06384843233706111,0.33643551365695,0.26746683737595683,-0.017708474918985532,0.040431346805957426,0.0903649928806799,0.4680837519055786,-0.047515530193379195,0.14023637786286416,-0.022085128336528575,0.026314865420470877,0.06984257468818043,0.3215302792367893,-0.07394835462518458,0.1487758933935998,-0.021966862227307142,0.03374427290870031,0.07861675799023361,0.38996277555746905,0.033236531062590675,0.19709973823747218,-0.015223256243657453,0.04721342584987845,0.1002227868950877,0.4680837519055786,-0.047515530193379195,0.14023637786286416,1722,-0.02238834209932868,0.015354194322020924,0.05129994102083332,0.11383057138818198,0.2935730416191437,0.3069594453733674,Static,Right
F,22,70,70,71,0.0,0.0,0.0,0.0,0.0,0.0,0.008436985637883778,0.04202943630563322,0.057289161430074995,-0.03109523906257703,0.17162592653054326,-0.02565523785627933,0.00027871948760827605,0.03804737697998333,0.04860575539099295,0.032521392810099484,0.15018067764606588,0.08440698575238141,0.0020091166770498294,0.03641027136210813,0.04175604991090798,0.06805427662006897,0.05730192343437027,0.15483216276079634,0.004716278671900173,0.040077443377708265,0.05402627907299946,-0.0024210850678472793,0.17348753280501023,-0.006150834431582799,0.011923708969250105,0.044249768212691595,0.05982338327746578,-0.03109523906257703,0.17162592653054326,-0.02565523785627933,0.00473094108752506,0.03790194709230839,0.0556892146916417,0.06673148217728339,0.10650705719501226,0.13879354571043234,0.0028420830983251003,0.03690307849515828,0.04516218406568995,0.07364343623404705,0.08733158886074582,0.1465094067540111,0.004126577586841328,0.03549656380749085,0.03925671509067323,0.06805427662006897,0.05730192343437027,0.15483216276079634,0.0034185887436167578,0.03764525042243326,0.05115454531905608,0.06945231506055594,0.1179803678940739,0.1250619876112817,0.005302938997791697,0.03819816888829191,0.05936450442555839,0.06673148217728339,0.10650705719501226,0.13879354571043234,0.003225120070800162,0.03587849561423325,0.039651316418300595,0.06805427662006897,0.05730192343437027,0.15483216276079634,0.010880672670991964,0.03452578012989983,0.04213239929412579,0.05215615111801538,0.058975517605601976,0.17235854451169413,0.010376800008808631,0.03429395998968355,0.04011957676809671,0.017988073834803837,0.012782238698446783,0.18263915922782387,0.008290765760925066,0.03411368965932496,0.03628422407489966,-0.006402520048307405,0.07651763670716129,0.16113463982359502,0.010062988930933003,0.03452572097148339,0.040898573416376705,-0.004201901805336778,0.05720023162503191,0.1750940952378924,0.010202507736108021,0.03486249076147492,0.04400850448731578,0.05215615111801538,0.058975517605601976,0.17235854451169413,0.00833530973601657,0.036601666959808064,0.04621008763820707,0.054849904472919944,0.08171820290394008,0.14528193969507053,0.006430032762266829,0.03558737924608327,0.042580337202257214,0.0013451091662448345,0.0341122548191963,0.16651782261976403,0.006522442660058612,0.03463214002991675,0.036881883022093095,0.06805427662006897,0.05730192343437027,0.15483216276079634,0.0073991849408166525,0.03597030908680824,0.043814776093091035,0.020346350237032778,0.07643923648197637,0.15128078847922158,0.008216442991824766,0.03697150786152502,0.048965238404706006,0.054849904472919944,0.08171820290394008,0.14528193969507053,-0.00017069283507504838,0.04006202010192486,0.05290755553933227,0.15850496580343973,-0.06626436620036998,0.08251543621004158,0.0017944059872500233,0.0366392800515413,0.04359053488031668,0.08187877780672298,-0.07880684749515604,0.07426808553377566,4.671344834171125e-05,0.03812635010895801,0.047569720928207916,0.1296844797489486,-0.03651526453532899,0.10555040903047666,-0.00037883805470833643,0.0423885129519167,0.057740176329798505,0.15850496580343973,-0.06626436620036998,0.08251543621004158,1734,0.0036017011205332224,0.03496296285067481,0.03418477323995081,0.06805427662006897,0.05730192343437027,0.15483216276079634,Static,Right
F,22,71,71,72,0.0,0.0,0.0,0.0,0.0,0.0,0.007574220369510509,-0.002434615339877632,-0.0022520196116506633,0.49182403829429006,0.010419172810249835,0.34952747918544,0.022050424493688676,0.021400210915910732,-0.01216199195320279,0.23938989550061937,-0.2149428600896617,0.2541024903541948,0.0340899117921443,0.0316800584570875,0.009075191024523603,-0.09245878456766618,-0.302319502387349,0.08775220362952788,0.00896930004581087,0.010278942967099854,-0.008924835415924252,0.41314174244739355,-0.039702713344839435,0.32563534128278826,0.007345537916488684,-0.01623263239652179,0.004844681426246374,0.49182403829429006,0.010419172810249835,0.34952747918544,-0.002315401348900008,0.018670673472821968,-0.03624984980851374,0.0836952188060081,-0.31986844802682,0.15925319601706894,0.021082878024633243,0.029605794840810704,-0.016219297278710108,0.0159372431834082,-0.33760519062941946,0.13068933479131933,0.033675717947533525,0.03823523413305569,0.007084672589690433,-0.09245878456766618,-0.302319502387349,0.08775220362952788,0.006575368573266518,0.022981584695543844,-0.029345342204062604,0.04380520215772675,-0.30197343747854555,0.19897607918801016,-0.011609402146211048,0.014963406204121621,-0.0428869274401007,0.0836952188060081,-0.31986844802682,0.15925319601706894,0.03061140748988848,0.03655120871152175,0.0016848661157241249,-0.09245878456766618,-0.302319502387349,0.08775220362952788,0.00898135864895505,0.046529009210244235,-0.03831918192411378,0.08796822327207474,-0.3800084072846929,0.009104879254136162,0.02378392725944351,0.04908702554882141,-0.015418839349961312,-0.04613157498664247,-0.3708579014521555,-0.07206216263351163,0.03294152636553335,0.04961226915260984,0.0031397427190629043,0.014179746336035378,-0.3157585070399646,0.08815949935848238,0.016327720254700195,0.04689110602507709,-0.029733012126719912,0.0809485668651399,-0.3801531570013132,0.01319355456949459,0.0008692080540005064,0.044950972521566164,-0.04743104632652125,0.08796822327207474,-0.3800084072846929,0.009104879254136162,0.007823855112177503,0.031056922409355262,-0.04162373050086593,-0.02549236329765981,-0.3014404692051606,0.12276821940608709,0.02196074020067735,0.039183512097310726,-0.01673311026427614,-0.05473466354955251,-0.32022514044,0.02710247908962284,0.03287197725988822,0.04569163530592194,0.004074605804322292,-0.09245878456766618,-0.302319502387349,0.08775220362952788,0.013384695158688696,0.03405970391776647,-0.031863033896128566,-0.03210302563010235,-0.30484656709276814,0.11065152751310516,0.0028139796035668665,0.027806865295199913,-0.05072495291215174,-0.02549236329765981,-0.3014404692051606,0.12276821940608709,0.024313964727499682,0.009426362795799715,-0.0092803327597768,-0.3035299346653985,-0.023742389620976873,0.11767239576787415,0.03524763768125496,0.028773040235611214,0.011375410551720753,-0.31972715003192115,-0.0447146521147338,0.10004495473030316,0.030722476576977322,0.017362488152355433,0.0027820209516020837,-0.321314482731097,-0.06923467405065917,0.08180189889591871,0.020336515267533276,0.002643426075622177,-0.01683569611230854,-0.3035299346653985,-0.023742389620976873,0.11767239576787415,1743,0.040148675647443975,0.04335131793251165,0.01953014174438974,-0.09245878456766618,-0.302319502387349,0.08775220362952788,Static,Right
F,22,72,72,73,0.0,0.0,0.0,0.0,0.0,0.0,0.00484515594027153,0.0030924433661000065,-0.08416437643092506,-0.24625390733973654,-0.3146032185618617,0.262281830104527,0.011999636477521612,-0.0005779107612356516,-0.06401658549213596,-0.3885672715416972,-0.3894420192115954,0.03879281026019043,0.010633543183857152,0.004766934659200599,-0.045661547295323256,-0.3286432021425396,-0.32624532752300717,-0.19015381151906796,0.008531079763314499,0.0005534158168071972,-0.07791317111488621,-0.3225152199982211,-0.33180924929868616,0.24121169413556678,0.0011775972147360387,0.004977584217078565,-0.08893739473139498,-0.24625390733973654,-0.3146032185618617,0.262281830104527,0.00725362442295012,0.001372409827849733,-0.0857698133760002,-0.18841686749649167,-0.397088977162897,-0.12884207746131499,0.009340880368950045,0.0031567118468429937,-0.06213358140504402,-0.36093617249486915,-0.358046216746703,-0.15208002302225976,0.008493160437342896,0.007839926682671748,-0.04386990436683798,-0.3286432021425396,-0.32624532752300717,-0.19015381151906796,0.009191084270735776,0.0016871200993786003,-0.07709526066074339,-0.26330724420821394,-0.39061254857661115,-0.07419050063612778,0.005307807252992984,0.0004383955640928228,-0.09295325427334462,-0.18841686749649167,-0.397088977162897,-0.12884207746131499,0.009286559281506877,0.00622285113644284,-0.04700355562133717,-0.3286432021425396,-0.32624532752300717,-0.19015381151906796,0.00013145469147142087,0.011590422955550036,-0.06839275354876455,-0.08693114628603965,-0.38953190883344013,-0.30776144558627877,0.001994123484135847,0.01369057570465725,-0.05622455455891705,-0.20253112971390055,-0.28364987506179395,-0.38302786141092643,0.004353255543078425,0.013378708981285984,-0.04260588054836217,-0.10510744250893134,-0.4270281546172291,-0.2393073469976052,0.0020810774796284066,0.011874207025085879,-0.06339539478162284,-0.047300618620180625,-0.3857649471564576,-0.3187607862404936,-0.0013156702087216221,0.010654710361878924,-0.07392482725294881,-0.08693114628603965,-0.38953190883344013,-0.30776144558627877,0.002860293435471515,0.003508884014364524,-0.0773189974179518,-0.10899629775292628,-0.4154934740659305,-0.15459906765143186,0.005827628755721598,0.008128112600142977,-0.05957151524157285,-0.23178937243840575,-0.33308510954813614,-0.27197229040796433,0.0061094855896144185,0.011146628497292643,-0.04278290950700917,-0.3286432021425396,-0.32624532752300717,-0.19015381151906796,0.005173381738242962,0.0051472513351856165,-0.06997029579000322,-0.12962641272608638,-0.40869371783308706,-0.17394111649765706,0.0006901132668000826,0.0016565780182064174,-0.08367838209327468,-0.10899629775292628,-0.4154934740659305,-0.15459906765143186,0.018932235412657435,-0.0024218041737427325,-0.0671417481820141,-0.1735546581756142,0.3331752326106798,-0.07972865992290017,0.01101699722527881,0.004124973093464195,-0.046576074928235504,-0.42210966384879395,0.3626912966619077,0.01032122176566489,0.015421938269293183,-0.0004510361241428931,-0.05730814590843893,-0.36838175359835545,0.26653777500294595,-0.135056278442798,0.02251974863478606,-0.002411744392992873,-0.07244977721633031,-0.1735546581756142,0.3331752326106798,-0.07972865992290017,1757,0.009229252614243138,0.009354669792164441,-0.03190144664251398,-0.3286432021425396,-0.32624532752300717,-0.19015381151906796,Static,Right
F,22,73,73,74,0.0,0.0,0.0,0.0,0.0,0.0,-0.0035130533600724466,-0.01816305021557268,-0.10272348001890887,-0.11849978986611179,-0.22929257073160034,0.13451071354546953,0.007084300634009012,-0.020075204572490752,-0.07887572912860862,-0.20603507499664128,-0.25301944722979386,-0.021686365866993726,0.007334360372254623,-0.014216475569591103,-0.060481363421207725,-0.14843345521710874,-0.18429531893311382,-0.15940081799622852,0.0018450614166179863,-0.019955353338545236,-0.09484765705986903,-0.16773759559066231,-0.23738891307629778,0.11597086891269667,-0.008797173869836774,-0.017167985381954257,-0.1088043732531017,-0.11849978986611179,-0.22929257073160034,0.13451071354546953,-0.001511526312263609,-0.01886846429799963,-0.10035426050234533,-0.06542094814922653,-0.22974791643066733,-0.12260613522567562,0.003301484662608998,-0.015717190180554376,-0.07559625137884216,-0.1748111846088729,-0.20627266163689856,-0.13671327005687772,0.004338897721117919,-0.010668325049845802,-0.05765496793657663,-0.14843345521710874,-0.18429531893311382,-0.15940081799622852,0.0019317638944727478,-0.017782599412227006,-0.09116297433267231,-0.11200299466664752,-0.23492666244622876,-0.09069139714586975,-0.004636334133281853,-0.02032370547612691,-0.10743215657599668,-0.06542094814922653,-0.22974791643066733,-0.12260613522567562,0.004824665476345557,-0.011982180504299535,-0.06033239318035257,-0.14843345521710874,-0.18429531893311382,-0.15940081799622852,-0.010639084308345328,-0.0064159949767361776,-0.07887491533091776,-0.0015401536087939448,-0.20075154676297818,-0.21654384498389745,-0.006499487029618041,-0.004838444023054447,-0.06814521466787289,-0.0675478644002064,-0.1360385098123343,-0.25217691053622693,-0.0017732933553088275,-0.004622710876827893,-0.05503544192972074,-0.01235483132941561,-0.22500208011839737,-0.17532630546686573,-0.007483787590663107,-0.006192546366954487,-0.07426753882729165,0.02495929333764806,-0.19838498325224832,-0.2176779452732432,-0.013189875083608906,-0.00744933045894576,-0.08372674656087395,-0.0015401536087939448,-0.20075154676297818,-0.21654384498389745,-0.007389326141445216,-0.015633748496718093,-0.08915851210714186,-0.013281026524157498,-0.23576590173676704,-0.14040451929032124,-0.001592815144690752,-0.01038922666641817,-0.07204830540964255,-0.09124462315166065,-0.17754597304539413,-0.202301870242772,0.0006924977909817765,-0.006923661015681097,-0.05540293951825284,-0.14843345521710874,-0.18429531893311382,-0.15940081799622852,-0.0034493420338003,-0.013527558736399723,-0.0819764820018252,-0.02564000168249429,-0.23061035465737453,-0.14852167053805515,-0.011081533563118346,-0.018028362272680832,-0.09525772470473468,-0.013281026524157498,-0.23576590173676704,-0.14040451929032124,0.016733103907699647,-0.02220522241491788,-0.0839060356111366,-0.06981912112643454,0.17487688247438823,-0.10899759813911346,0.007986526346063469,-0.01541139122893597,-0.0623121199830821,-0.23540246383532593,0.20858117114673616,-0.056307909441367765,0.013199766419645287,-0.02042613174372697,-0.07419345316794193,-0.18366451712078025,0.13582358792790206,-0.13519388533047164,0.020656274095390937,-0.021713364859099832,-0.08891454911351684,-0.06981912112643454,0.17487688247438823,-0.10899759813911346,1768,0.00625708608790004,-0.00825212086562702,-0.04507013048685374,-0.14843345521710874,-0.18429531893311382,-0.15940081799622852,Static,Right
F,22,74,74,75,0.0,0.0,0.0,0.0,0.0,0.0,-0.0017136852982357288,0.01619110900943586,-0.03322350763799003,-0.021951092800831632,-0.1296824045220454,0.13849012934709196,0.0047713976233999915,0.01939338739052142,-0.02799946789904962,0.025863351035565803,-0.18890037106273092,0.031799502358954415,0.008556593999871446,0.022367099816456987,-0.020762652733771342,-0.0734134424348577,-0.19106237416727528,-0.08177421719127047,0.00024969409196424423,0.016514074178550033,-0.030922857288823925,-0.03788211096612053,-0.14321376308638606,0.12485247424612006,-0.0035939130636570686,0.01575682271981409,-0.03488291384316179,-0.021951092800831632,-0.1296824045220454,0.13849012934709196,-0.007719753149092842,0.017576856954042732,-0.03455380208099352,0.08584932518442592,-0.22867865144543784,-0.03672574410811358,0.003118395195935616,0.022461507356635636,-0.027323517927514078,0.06592127108833254,-0.22819315169196736,-0.05378294255128078,0.006861802706721393,0.02478013935069271,-0.019557504971195204,-0.0734134424348577,-0.19106237416727528,-0.08177421719127047,-0.00396247812153575,0.019427342829300087,-0.031174069060744082,0.016619035478428384,-0.23272002604507708,-0.0035970936471540495,-0.011959853657371346,0.015805483225885566,-0.03689080069762696,0.08584932518442592,-0.22867865144543784,-0.03672574410811358,0.006185940033514139,0.025113513455399923,-0.020065297381279965,-0.0734134424348577,-0.19106237416727528,-0.08177421719127047,-0.006161338529856983,0.02821310966770708,-0.0335482017695795,0.12382936800174806,-0.27896232368782475,-0.14220361246558874,0.0001335502440000444,0.029222454349685702,-0.024698673624471243,-0.013431480348159155,-0.23685998514095952,-0.19861428769932207,0.004402109828078252,0.02958911433672905,-0.01798930323977851,0.034338716123907674,-0.20255244873913178,-0.08019729787573704,-0.0029487251283359835,0.028457428055899937,-0.029896042331956852,0.058945509208632084,-0.2774343895165378,-0.13651680549473738,-0.010476502893328495,0.0276204236324788,-0.036931290634070316,0.12382936800174806,-0.27896232368782475,-0.14220361246558874,-0.007269691360935732,0.022437909526606938,-0.034015134597973944,0.08472038089806014,-0.23225477170366046,-0.06297371136657776,0.0014978514155928944,0.025789417426657225,-0.026198931647343666,0.050356290054442025,-0.20917042907265485,-0.12449753254993831,0.005313172438814556,0.028271929698306757,-0.01808624982312298,-0.0734134424348577,-0.19106237416727528,-0.08177421719127047,-0.004003436305664156,0.02400260391102127,-0.030286737003365455,0.02368600682617501,-0.23042026544068092,-0.06482310423984794,-0.011044050572149865,0.020623379234821475,-0.03658653213691105,0.08472038089806014,-0.23225477170366046,-0.06297371136657776,0.014076452876607254,0.011276395233814213,-0.04462123621839267,-0.48262851354778535,0.2225979630984734,-0.21220002170254687,0.00957973304505001,0.020362575077393384,-0.022709952481020347,-0.3337708708939521,0.2621715417342737,-0.17656088480272122,0.01344915714117848,0.015705566726864614,-0.03262990063609176,-0.4283040957451158,0.13131142617832112,-0.28485706406586525,0.014899961161671336,0.006804389519999966,-0.05457495690702747,-0.48262851354778535,0.2225979630984734,-0.21220002170254687,1782,0.009399205189064357,0.027707672283341898,-0.012776565466138244,-0.0734134424348577,-0.19106237416727528,-0.08177421719127047,Static,Right
F,22,75,75,76,0.0,0.0,0.0,0.0,0.0,0.0,-0.026201940531657,0.02808820067597856,0.028411082613013637,-0.2107297327499375,0.01768916877383943,-0.180382891284425,-0.03132265955718573,0.020978993922414212,0.028380367301984906,-0.04534852785447872,0.1259599403418607,-0.12030804338238851,-0.04170870427770722,0.015865317791621206,0.023071003871412598,-0.05336929441016707,0.18978909770017688,-0.0358262333417107,-0.027085741235778442,0.024007905764235664,0.030019636471007,-0.16865052508729692,0.0427723466392336,-0.1678001607197949,-0.025690961561671374,0.032712121794400154,0.026422791962176524,-0.2107297327499375,0.01768916877383943,-0.180382891284425,-0.019973786459142846,0.021531905399078836,0.03607096802883875,-0.07917371090201576,0.16146789655890878,-0.07794622167679474,-0.030537976620399976,0.016579854152842882,0.030148480145240682,-0.037748781657671426,0.1738383308876401,-0.061899234708974224,-0.041526104471307126,0.012548292353356912,0.02414608978323508,-0.05336929441016707,0.18978909770017688,-0.0358262333417107,-0.02408644359270711,0.01946710709861438,0.0342230942799131,-0.061679903376995096,0.1557578019405004,-0.09746902011559719,-0.015811340072849952,0.023251054477378862,0.03792806977205374,-0.07917371090201576,0.16146789655890878,-0.07794622167679474,-0.03882426342368541,0.012796363288592587,0.025842524436064124,-0.05336929441016707,0.18978909770017688,-0.0358262333417107,-0.02484434367512857,0.008610304408207132,0.03587454757249448,-0.0663629818659725,0.15181200381557983,-0.034562491641697606,-0.03301964710017124,0.008642097798807164,0.030628234698043516,-0.08242170448408208,0.16470792590550495,0.007738817959130694,-0.040830283853263906,0.007566052715150216,0.02585993879702928,-0.11188090436563386,0.15261892638987856,-0.0662297547114798,-0.027787549412456824,0.008506086326678576,0.03364382154068056,-0.06784311013099432,0.1521923943955195,-0.03934224874827378,-0.021804577560142816,0.009113635969135558,0.038289268866540986,-0.0663629818659725,0.15181200381557983,-0.034562491641697606,-0.023399355929542853,0.01592399316784312,0.03849061225765937,-0.051736601994730125,0.1548186847972436,-0.05639549083303186,-0.031342357346335704,0.012548671157449917,0.030633380733165353,-0.009517985552713056,0.16712481745159302,-0.011155000973165881,-0.04081938930708601,0.009040612689000558,0.025529877870942908,-0.05336929441016707,0.18978909770017688,-0.0358262333417107,-0.026760952578250063,0.01447200154774282,0.03558445866975018,-0.038908037810147365,0.15718516491252413,-0.05410873260046912,-0.02023256423254285,0.01753984191532806,0.04086316880548355,-0.051736601994730125,0.1548186847972436,-0.05639549083303186,-0.02888770308563558,0.028141659171228618,0.022690619728220916,0.16066076229580376,0.18773556177387168,-0.0661852022778324,-0.04260755175870708,0.01791701034807777,0.02190563294158468,0.15606151797537302,0.1938892333710313,-0.01436912448847861,-0.03632635614269278,0.02386423800010713,0.021647953303663803,0.1219335241792816,0.20520734580256983,-0.06317021682522328,-0.023644206685378363,0.032274857017157155,0.023121644450206428,0.16066076229580376,0.18773556177387168,-0.0661852022778324,1796,-0.047190655592350236,0.009168183981307238,0.021544932170559302,-0.05336929441016707,0.18978909770017688,-0.0358262333417107,Static,Right
F,22,76,76,77,0.0,0.0,0.0,0.0,0.0,0.0,0.03976407589461354,0.019151724474466777,-0.012104570520739807,0.10867003979359678,-0.06294489183233937,-0.4156358628563108,0.03367223178850023,0.014965662831346968,-0.014779441562358945,-0.0561690149568177,0.20788421530361548,-0.3688038510966486,0.0010526821908399334,0.0025666046971203134,-0.017806270082450806,-0.3821136638196966,0.4308616650823902,-0.22594477313027442,0.03999691067764029,0.019170596679986746,-0.011818096657090292,-0.006206022063575142,-0.0165038994505151,-0.42220956775936996,0.038986030911407135,0.01658099312133326,-0.011542610127546279,0.10867003979359678,-0.06294489183233937,-0.4156358628563108,0.06247296535858704,0.017603180025179896,-0.005252588728847223,-0.24991656521214523,0.32504498700818574,-0.33883056303330333,0.03390106105284039,0.004504397651473319,-0.008245198046367565,-0.24606780968656766,0.38396259701367585,-0.2906593741305326,-0.001037691103079892,-0.005253327638606528,-0.01227817483857223,-0.3821136638196966,0.4308616650823902,-0.22594477313027442,0.05182470761394702,0.011644998964879881,-0.00478362478291142,-0.3195261167920297,0.30747478474156315,-0.3663008178838116,0.07204128557884044,0.021345432271759657,-0.0029816659809241797,-0.24991656521214523,0.32504498700818574,-0.33883056303330333,0.007820128337640153,-0.0040266937958796,-0.008120638625819295,-0.3821136638196966,0.4308616650823902,-0.22594477313027442,0.048375270832960116,-0.012322020384806683,0.004753609713551833,-0.37805256550285404,0.32872053163979204,-0.2594177332992114,0.020044266271920002,-0.010495454885033362,-0.0015733800323788083,-0.40295404561394976,0.43008479266973626,-0.1714817931508613,-0.0026804640794936448,-0.013874665433413848,-0.004028038018111272,-0.44230453258282637,0.2433339053120913,-0.3574746526671575,0.03743180770391352,-0.012478009437860092,0.002965041328225264,-0.43786843173550816,0.33124384514234956,-0.2957649627968283,0.05932006115830679,-0.01177062256373335,0.0074496575102538124,-0.37805256550285404,0.32872053163979204,-0.2594177332992114,0.0662283478089336,0.004935054711399688,-0.0013922354892133835,-0.399923874539827,0.33686799103386045,-0.269942902784668,0.028449947782913283,-0.0034393117711066274,-0.004325738401086068,-0.40448252539966223,0.44322360399839905,-0.17493420168227214,-0.0011047893663000295,-0.011463192855567222,-0.005275974641720098,-0.3821136638196966,0.4308616650823902,-0.22594477313027442,0.05133668249318034,-2.007525373252489e-06,-0.0011046970243270724,-0.4748945636876895,0.3515059291468841,-0.27925332300978273,0.07844661511816046,0.009226552835266655,-0.00032968068148046565,-0.399923874539827,0.33686799103386045,-0.269942902784668,0.042086367873926944,0.021043848599960103,-0.05348441156421263,-0.17973322033249267,0.7997733871579911,-0.39855424032697456,-0.00037639805312006175,0.006641289327513665,-0.02500070667659983,0.08200853562114147,0.8435202203748152,-0.21794734849405195,0.02162029570388684,0.01653845068891335,-0.038255440777375964,-0.20268072186313096,0.7377805554249647,-0.48355663586560044,0.05662205525972001,0.02449840146025351,-0.06745998953972772,-0.17973322033249267,0.7997733871579911,-0.39855424032697456,1811,-0.018252772286440094,-0.012706380215886002,-0.008005029594060405,-0.3821136638196966,0.4308616650823902,-0.22594477313027442,Static,Right
F,22,77,77,78,0.0,0.0,0.0,0.0,0.0,0.0,0.024521298547350082,0.028441344261799926,-0.0035048724105083227,0.06901075861846623,-0.01596714743438524,-0.13011170806247177,0.021899867201428593,0.026669728038328507,-0.004131952470608804,-0.03583986116788097,0.06958050410209997,-0.11389878767190229,0.005670364472028724,0.02144464572819255,-0.002470689247080491,-0.20565622439555253,0.14870228900375948,-0.0722650859365592,0.024552729548171462,0.028613962000392887,-0.0035557971071107967,0.006911358022523444,-0.001557475896385451,-0.1328310114259288,0.02439906988075676,0.026728047189343105,-0.0027452368707555764,0.06901075861846623,-0.01596714743438524,-0.13011170806247177,0.03634647464397139,0.028452252972557303,-0.003651330917901561,-0.13070047283352423,0.10637367546033685,-0.11604290052554667,0.022128451215078403,0.02215604027461434,-0.0015477920334413676,-0.1373835074876575,0.13233415792333886,-0.09670353747043282,0.004582863907021312,0.018215373432364377,0.00010125245907187178,-0.20565622439555253,0.14870228900375948,-0.0722650859365592,0.030993378141328607,0.02531654529309283,-0.002070981505936889,-0.1724681512802241,0.10571276695001755,-0.12301064037388475,0.04090333822258568,0.030193461454057265,-0.00368282856897225,-0.13070047283352423,0.10637367546033685,-0.11604290052554667,0.009010269146707165,0.018484918460342645,0.0014498981054338637,-0.20565622439555253,0.14870228900375948,-0.0722650859365592,0.030016750720993052,0.015425842145421304,0.0016482979524889958,-0.19323152104975427,0.09432398293260985,-0.09891035987775573,0.015471531828764085,0.017055523629664237,0.0018231867623754077,-0.2106659155814821,0.14031881627723045,-0.07396501127778432,0.003987558059578642,0.015192827798507488,0.003635710122561789,-0.21866943110093257,0.0538258376728906,-0.1376361819164356,0.024250537612071372,0.015477465458942805,0.0021234960311493933,-0.2276273184275411,0.09525108794878952,-0.11856490911282497,0.03548181897854309,0.015448498369199813,0.0016163313226220334,-0.19323152104975427,0.09432398293260985,-0.09891035987775573,0.03925324107363573,0.02250876227467139,-0.0025672047406499732,-0.20576588478274435,0.10823286604471143,-0.08671298275197203,0.019493586497864535,0.01924896531967857,0.00030374013161384335,-0.22166384300431607,0.15134768427825523,-0.05935148971468073,0.004650329575350034,0.01595655632933626,0.0031687712926942143,-0.20565622439555253,0.14870228900375948,-0.0722650859365592,0.03145649361873578,0.020215446468007155,-0.0007065290852568757,-0.25052298001776935,0.11405945953358569,-0.0937161782482764,0.04550341548570712,0.02438952002977186,-0.0034441360905626914,-0.20576588478274435,0.10823286604471143,-0.08671298275197203,0.026669751849085693,0.027711343373471205,-0.024934780651365222,-0.16083155775283858,0.37982450945675234,-0.15190993331069522,0.00503921674255008,0.02339266405310024,-0.005780796445051642,-0.025033571353819832,0.39149115820730845,-0.07189880454805614,0.01638896362709997,0.026756413115414178,-0.014388824859978026,-0.17107520404742277,0.3405144443744275,-0.20190455283463496,0.0340690508781431,0.028319333167107084,-0.03414890547073776,-0.16083155775283858,0.37982450945675234,-0.15190993331069522,1825,-0.004113685764185546,0.014945046134663872,0.0043914775981201935,-0.20565622439555253,0.14870228900375948,-0.0722650859365592,Static,Right
F,22,78,78,79,0.0,0.0,0.0,0.0,-8.673617379884035e-19,4.336808689942019e-19,-0.005418870739260369,-0.029075020045239697,-0.004347043581331941,0.027178701585948303,-0.11750512209353546,0.24342972596054333,0.006129556379719937,-0.018482972537753176,-0.002811656762317441,0.1647130855414422,-0.25168315069549013,0.11279012022629709,0.022660785274659735,-0.011731209561199787,0.00185355971113279,0.1499052772399084,-0.27483443763102006,-0.034557591906165655,-0.0028837559427600376,-0.02542107093799983,-0.0035814756716249303,0.11518501881302598,-0.147750645915228,0.22453330855556408,-0.007621516446199879,-0.03041856987063318,-0.005911300428266585,0.027178701585948303,-0.11750512209353546,0.24342972596054333,-0.01672097782715983,-0.021419632134119706,-0.007867948855118776,0.20237796019298954,-0.26122327791493777,0.03888069246722633,0.003998388700279996,-0.012087204295813246,-0.0035082695126938297,0.1671988244815127,-0.2823109850325869,0.008674030156772981,0.02171416007773329,-0.007033569325979628,0.0012554011130797838,0.1499052772399084,-0.27483443763102006,-0.034557591906165655,-0.008826700432713233,-0.017127680168046396,-0.00647758274839866,0.1910897356791079,-0.2700266508130883,0.06866332708572073,-0.02434752982835983,-0.024386402120780304,-0.009419784529633171,0.20237796019298954,-0.26122327791493777,0.03888069246722633,0.017663009303433046,-0.006884150163260067,-1.2829598498390869e-05,0.1499052772399084,-0.27483443763102006,-0.034557591906165655,-0.009166662428960025,-0.0016634099749265746,-0.00792931792944108,0.17259599140807352,-0.21968175229003498,-0.026114958762547765,0.005690936637800004,-0.0026088640536133675,-0.0033119010489708798,0.207320556463242,-0.22930839330248512,-0.08342949121881628,0.019398699191179893,-0.0006542802761068798,0.0003222427092867474,0.24935516814633374,-0.18954848806020289,0.03219852038692305,-0.0033839853989400532,-0.0015225164447731424,-0.005890502151946889,0.2065473005484654,-0.21898431960132284,-0.010400031611466704,-0.014738764552953483,-0.0021025699609729673,-0.010303980889806726,0.17259599140807352,-0.21968175229003498,-0.026114958762547765,-0.015019425903293207,-0.012342166245779912,-0.009690675404168785,0.2158014054813361,-0.25984008363252453,-0.006534236220450985,0.004197719295559882,-0.007062982607879998,-0.003634184239487107,0.15171476822697047,-0.2637935562071558,-0.07221242318166504,0.01991022630528668,-0.0022288041929801974,0.0004496957458336781,0.1499052772399084,-0.27483443763102006,-0.034557591906165655,-0.006734186333973102,-0.009415658805859905,-0.007656426644072189,0.21692269448581408,-0.26196546217056244,-0.0035840118213969975,-0.02251957768107988,-0.015115490348386574,-0.011539758971001917,0.2158014054813361,-0.25984008363252453,-0.006534236220450985,0.011521981636293206,-0.0250659502263863,0.0010929231570200224,-0.19235588595374084,-0.19386749375887324,-0.04013173967371451,0.024100149630046395,-0.015036352732980415,0.0026603965184131516,-0.20453763325431826,-0.1639242620365013,-0.08789973103796911,0.01872157235094653,-0.021414064582246473,0.001206678245306097,-0.0950171244245714,-0.21670550929470897,-0.04333562553198186,0.006432317878966348,-0.02926379293720637,0.0001213379635212054,-0.19235588595374084,-0.19386749375887324,-0.04013173967371451,1840,0.031266183627706466,-0.0017719040891668908,0.0034463400137796077,0.1499052772399084,-0.27483443763102006,-0.034557591906165655,Static,Right
F,22,79,79,80,0.0,0.0,0.0,0.0,0.0,0.0,-0.0241206586872922,-0.08441741492186229,-0.008715210229732146,0.09421526220545856,-0.24584623302965422,0.3458982064870561,0.001735013576015363,-0.05908508225905431,-0.007295145115907706,0.3278772836613938,-0.4248583303056369,0.10632966658256578,0.03530797327883111,-0.04617703043796961,-0.0013120812907232026,0.2853175513385627,-0.42077445881784103,-0.12822139068015231,-0.017848427124484752,-0.0748512374751775,-0.007144407880248388,0.2503044842424879,-0.2909701837844682,0.30653780045891044,-0.02937413058437715,-0.08892322253110838,-0.011903335894300787,0.09421526220545856,-0.24584623302965422,0.3458982064870561,-0.04716919419112343,-0.06656178662812397,-0.01218437779941633,0.38291842271806775,-0.41087553915107905,-0.010873199015032968,-0.003500811839323122,-0.046696049195777266,-0.007032744518712526,0.3168400778377282,-0.4433340093544976,-0.05961818610723886,0.032785437627192666,-0.03708693463243931,-0.0011984815864943144,0.2853175513385627,-0.42077445881784103,-0.12822139068015231,-0.030246745194300262,-0.057194415236477315,-0.010732772951400025,0.36464290453070575,-0.43820884119254083,0.03639024928330995,-0.0631814141246005,-0.07288182628631563,-0.013801846339892756,0.38291842271806775,-0.41087553915107905,-0.010873199015032968,0.024446091326169653,-0.03642617021453845,-0.002754374990668991,0.2853175513385627,-0.42077445881784103,-0.12822139068015231,-0.0327480529619232,-0.027207433421431143,-0.010489923604930075,0.2959698575897036,-0.30613846176456133,-0.09783007191096851,-0.00246201649177653,-0.029773285054723275,-0.005656389759783503,0.3872893746677207,-0.313969382393295,-0.1784929637089523,0.026453233903476918,-0.025369659098638555,-0.0016910711930773334,0.4514227171194011,-0.26608472721884935,-0.008441711680499536,-0.02104252975620804,-0.027028090718815668,-0.008026022000122592,0.367065540332492,-0.3045665096063718,-0.06906594428269125,-0.04361172350686162,-0.027916277352354062,-0.013996044259091251,0.2959698575897036,-0.30613846176456133,-0.09783007191096851,-0.04279429000096946,-0.047708183551930905,-0.01537680623816893,0.3835314792468819,-0.3999617054129697,-0.08645076074878272,-0.004336221057323204,-0.03757513621340799,-0.006442582638676336,0.26463178601270415,-0.38744777661710444,-0.18122124020310854,0.028139257142423164,-0.02809110385998532,-0.0015717143102214521,0.2853175513385627,-0.42077445881784103,-0.12822139068015231,-0.025646544861738618,-0.04167824104829261,-0.012643851600969543,0.3877658544418565,-0.40132586070455667,-0.07868438006174608,-0.05813404427681585,-0.05345372343182372,-0.017949533096507257,0.3835314792468819,-0.3999617054129697,-0.08645076074878272,0.01423489492293073,-0.07132727416589275,-0.0012374835106632271,-0.2895592198158416,-0.3240147291578224,-0.14545659532812938,0.03850368336734654,-0.053033439129684286,-0.0007171701562058763,-0.305380461142959,-0.2529691095889535,-0.2220575411992498,0.028203052872346358,-0.06495201261356993,-0.0032075028031375544,-0.09679987979307383,-0.35852446287716033,-0.1457691259498481,0.004236733098746147,-0.0794941694697083,-0.0025891527736756313,-0.2895592198158416,-0.3240147291578224,-0.14545659532812938,1853,0.05254685894133086,-0.02618886877536132,0.0016277916286940048,0.2853175513385627,-0.42077445881784103,-0.12822139068015231,Static,Right
F,22,80,80,81,0.0,0.0,0.0,0.0,0.0,0.0,0.03654262129474126,0.018712865919074863,-0.09015407696334272,-0.46679285360621137,-0.1589980456226094,-0.0197076592610714,0.03557234985339997,0.002477842610075033,-0.06531426879914179,-0.3768201580529493,-0.09582673677277571,-0.07904525706940277,0.01845756937675819,0.0007023475861340587,-0.0507446867818404,-0.3540485912021327,0.0026785151014268927,-0.13466896503746495,0.038875740729258125,0.009163152493158395,-0.0807504335081319,-0.4617462774718857,-0.14178181566384845,-0.012987584679268045,0.03363659635109183,0.028200471114641412,-0.0983300664512594,-0.46679285360621137,-0.1589980456226094,-0.0197076592610714,0.053965859272124904,0.008811264303424975,-0.09282810112249305,-0.4685672176719329,-0.11487837648956037,-0.1440344289214017,0.03414795138026678,0.0006243198419165457,-0.06184865618427676,-0.42905205285635567,-0.054805733052140426,-0.13933753483484343,0.01573845689212491,-0.0003422255232416827,-0.04697263288664743,-0.3540485912021327,0.0026785151014268927,-0.13466896503746495,0.04655819188977493,0.003545626072749827,-0.07927536557072543,-0.5021211571432986,-0.09329818843544979,-0.12605642172921622,0.06164216754540826,0.011470847068534054,-0.10422210543418547,-0.4685672176719329,-0.11487837648956037,-0.1440344289214017,0.020725591699766507,-0.0007557995251583157,-0.04742662906611716,-0.3540485912021327,0.0026785151014268927,-0.13466896503746495,0.0359629776687248,0.0001893631909165535,-0.06650741617960729,-0.24275048821299622,-0.11711124422763354,-0.21631718465253386,0.022718611150841415,0.0035983285008335036,-0.05457838488669611,-0.30857765972172596,-0.026157995795024574,-0.23957489182990785,0.012369601142933374,0.0014519694685836495,-0.04227523760049845,-0.2729321173089593,-0.13838965880678314,-0.22292492282044146,0.03119177721709202,0.0004266770456249887,-0.060986195895525584,-0.28951480118604883,-0.11480416519865305,-0.24419017893482942,0.04035499859755007,-0.0007346264804166524,-0.07170133252844262,-0.24275048821299622,-0.11711124422763354,-0.21631718465253386,0.048654679882866515,0.0016363453089832563,-0.07692885199086594,-0.37032046826215226,-0.08738191296031661,-0.12171537470357884,0.029273083766141943,0.0016441149139084022,-0.05842128918021045,-0.327913135206919,-0.012725890424661207,-0.1606156325374477,0.014136451480766773,0.00047604143082561663,-0.04278068685783598,-0.3540485912021327,0.0026785151014268927,-0.13466896503746495,0.04068365392438305,0.00013663357839154694,-0.0678543748530944,-0.3864377526245404,-0.07828727398259103,-0.1459429220603115,0.055731848521483475,0.0026523300252247173,-0.08477648360293015,-0.37032046826215226,-0.08738191296031661,-0.12171537470357884,0.044714040933683294,-0.0030702312196669457,-0.09543727648951553,-0.34172338104496947,0.5358265695990301,-0.21936758240590923,0.018291682943041652,0.0015849234689078993,-0.055478123708675206,-0.2617035575151532,0.5540182412189616,-0.10516436779539194,0.033169113783808296,0.00014642881242544098,-0.07309167734291515,-0.47261423348082165,0.4395420502235061,-0.30909884417065514,0.05430721911280016,-0.00415651820334173,-0.11082832371040824,-0.34172338104496947,0.5358265695990301,-0.21936758240590923,1865,0.007136516091775391,-0.0021006161486832485,-0.03311702349734211,-0.3540485912021327,0.0026785151014268927,-0.13466896503746495,Static,Right
F,22,81,81,82,0.0,0.0,0.0,0.0,0.0,0.0,0.011608105781743231,0.007205284632878727,0.0035650105590923045,0.15223641989609152,0.23832938052490776,0.1724936696188685,0.007325608749935736,0.007717761808892838,-0.0045394113953878224,0.0694059439243508,0.08191880961240972,0.27323985455949057,0.0175148701691428,0.010570657925021423,-0.006193264238349026,0.14160691199541772,-0.10284691435856003,0.2828889394637474,0.008426952398614448,0.007712675462628528,-0.0009420549207423642,0.11948917453108181,0.21467432871395203,0.19086634439838657,0.014996637508393043,0.0059604227981786976,0.007866990878029645,0.15223641989609152,0.23832938052490776,0.1724936696188685,0.004769210116157186,0.007932540040950125,-0.005998096543712618,0.07382851976103967,-0.006885828603993739,0.30414993598712686,0.009774471325514168,0.010073484164657217,-0.010043320852649258,0.09819906338134873,-0.04487945882057176,0.296073323559305,0.019958653956314163,0.012430634741128477,-0.01017612513099349,0.14160691199541772,-0.10284691435856003,0.2828889394637474,0.006052473900478568,0.00886266492157846,-0.008368654863287266,0.11071223220373316,0.02079855894143721,0.2992029017920358,0.003302523679607158,0.0073350960521991046,-0.0052503367241329936,0.07382851976103967,-0.006885828603993739,0.30414993598712686,0.0169118301822641,0.012052834940778207,-0.01197054852876212,0.14160691199541772,-0.10284691435856003,0.2828889394637474,0.012376470817799868,0.014002663542800121,-0.021000030680510876,0.08916003021243041,-0.131902112941858,0.2896954788090194,0.020435779268299866,0.01408566638917844,-0.01599661590404032,0.09234955617035977,-0.21137712603552775,0.2475701814678148,0.0244254344849074,0.01468309893207131,-0.01571113661578375,0.08532910708590848,-0.042757856681563365,0.31868041776237294,0.015029715281399805,0.014117261353800072,-0.019508597952070206,0.09072013898188622,-0.13555920021257595,0.2968028430048158,0.009313495916542822,0.013648247060799914,-0.022685750880899566,0.08916003021243041,-0.131902112941858,0.2896954788090194,0.005278106497721528,0.010118403531599924,-0.013779454605408338,0.12462762542500172,-0.04169172704517513,0.2915805994434723,0.014606673122285422,0.012092727134914279,-0.013351917765513116,0.11294513619700502,-0.13878927012948375,0.2709506716780599,0.022359341700121126,0.01389890513863594,-0.014680190289035559,0.14160691199541772,-0.10284691435856003,0.2828889394637474,0.008364510171121402,0.011097882629014353,-0.014639436083354752,0.12914969483574895,-0.05397419374508767,0.2962973342415273,0.0024040662925000067,0.009183810706057742,-0.01326945195093131,0.12462762542500172,-0.04169172704517513,0.2915805994434723,0.0060081277110072455,0.007366650235700316,0.0078422327002162,0.12540628667985573,-0.24265802109454002,0.25227142964718086,0.017581044681364268,0.009694191715707361,-0.002229813935756511,0.018437104268916756,-0.2845810839747958,0.1990347022893069,0.010909953260035674,0.007781610442314109,0.0026803899098791274,0.10656324063947827,-0.2034518267975958,0.2851909575810725,0.0022784239718644616,0.007354130925178645,0.012833457550491324,0.12540628667985573,-0.24265802109454002,0.25227142964718086,1879,0.024117913237842556,0.014063855585328439,-0.013830857705486378,0.14160691199541772,-0.10284691435856003,0.2828889394637474,Static,Right
F,22,82,82,83,0.0,0.0,0.0,0.0,0.0,0.0,0.016054396391324853,0.016253936962200014,0.004536629677441557,0.11008301404738462,0.19102045000413903,0.11302228636104113,0.007573028143949922,0.015244940604862409,-0.00762781726040828,0.03395467826443494,0.08204257577488447,0.2002625693403319,0.021077984462375306,0.0193122296340501,-0.009869084658276064,0.092512121636278,-0.06513009274098998,0.21814863595113243,0.010736134992712218,0.016287228240775036,-0.002359519632323668,0.08072698943970509,0.17524355900909236,0.12853858111563374,0.02177992701574928,0.014634094162075175,0.01133005397480068,0.11008301404738462,0.19102045000413903,0.11302228636104113,0.006220543323724905,0.015954037502887382,-0.00985957883133797,0.03901363551635569,0.009049637178325036,0.23060445676939667,0.011542912098150272,0.018209263302912376,-0.01618079897710427,0.058130482079687726,-0.01844605228541937,0.22571977049527422,0.02513669685025048,0.021529895641813464,-0.016189760162287056,0.092512121636278,-0.06513009274098998,0.21814863595113243,0.007398248466299868,0.016790688535162933,-0.013730034245533472,0.07258485692742325,0.030841291839389634,0.22481821079439393,0.005096933860162596,0.01561906445847644,-0.008797467095061897,0.03901363551635569,0.009049637178325036,0.23060445676939667,0.02097275692417541,0.020632579232462787,-0.018945314489753045,0.092512121636278,-0.06513009274098998,0.21814863595113243,0.017169176397362887,0.02335433263342486,-0.033388687175860104,0.040830543547328076,-0.09378330965499011,0.22184537519644593,0.02785231415590014,0.023635395617437376,-0.025266432268439255,0.05236113826222867,-0.1525230346912494,0.19073175529925335,0.03230804759903752,0.024415317873473903,-0.02471132602732682,0.04588014416852548,-0.026694861434853705,0.23998135152327937,0.02051495399827458,0.023440490865637185,-0.031020588030623825,0.04892844670067854,-0.09656106608530675,0.2250940208558551,0.013608479618912305,0.022736460906837612,-0.03643952345076109,0.040830543547328076,-0.09378330965499011,0.22184537519644593,0.007175377502399883,0.01827055014306295,-0.022534777758959047,0.07392322650856498,-0.021980660530052078,0.22387818894990358,0.018952208879362605,0.02095590248193749,-0.021448318859300358,0.06358109073681177,-0.09446144953531965,0.21016022179364746,0.029102747923163082,0.02335872186214926,-0.023283963248410512,0.092512121636278,-0.06513009274098998,0.21814863595113243,0.011123442323375001,0.019366063009224818,-0.02369083852053753,0.08030064333691266,-0.03103283242557515,0.22648835724243266,0.003620657582025039,0.017276983032386478,-0.021863864741622475,0.07392322650856498,-0.021980660530052078,0.22387818894990358,0.005114932286962542,0.01697568078312454,0.01384054247707127,0.1253341187994075,-0.17316461571846362,0.2083706809174186,0.02094260741512483,0.018482094798087986,-0.0034602243732112484,0.031296431217080235,-0.207453243827839,0.17166511163889486,0.011336181234275001,0.016282076331849957,0.004494163804436009,0.10974204672879218,-0.13680395678144247,0.23616174537929524,6.19986052496912e-05,0.017709824823187465,0.022469500954712375,0.1253341187994075,-0.17316461571846362,0.2083706809174186,1887,0.03027724137601246,0.023115347335237575,-0.021876038352609796,0.092512121636278,-0.06513009274098998,0.21814863595113243,Static,Right
F,22,83,83,84,0.0,0.0,0.0,0.0,0.0,0.0,0.04032843691608581,-0.005249785852571581,0.04584897937991356,0.5617168514594275,0.25668919463267525,-0.4129992874565593,0.033121141774114286,-0.0019138037088928036,0.02804637530667046,0.3183325754294065,0.4416288954459942,-0.20329693337795257,0.020246709867485512,-0.011014427026021343,0.014251851846070699,-0.018438101860940016,0.5540126014331455,0.06318107113185713,0.0375610978267144,-0.0014766992438072072,0.039917466678477995,0.41516569566352873,0.288175306908611,-0.406818233923409,0.04306040070039993,-0.010880762816835796,0.05177579059337637,0.5617168514594275,0.25668919463267525,-0.4129992874565593,0.04898544474320712,-0.002386994219742797,0.045467622180935134,0.05083810167594629,0.5209816472573898,-0.06339145148674087,0.03557802546914997,-0.008951709234314225,0.028886411003122177,0.052791004589387874,0.5215366511831516,-0.010884309450622867,0.021242846739771223,-0.01645691324879999,0.014918251870356577,-0.018438101860940016,0.5540126014331455,0.06318107113185713,0.043750280271578616,-0.0047978232844285585,0.03912235800575454,0.037850293929106923,0.5087623478728371,-0.12070579840182935,0.053277495968228505,-0.00044908569313570703,0.05193108412959719,0.05083810167594629,0.5209816472573898,-0.06339145148674087,0.024399489714163888,-0.014912166373285532,0.018586668626712512,-0.018438101860940016,0.5540126014331455,0.06318107113185713,0.04801679697947833,-0.021800514288249757,0.037996627845728215,-0.04467289760482632,0.5197486010566628,0.10273990918203381,0.03613137918069996,-0.022394524560692717,0.02688103558480733,-0.1456643671816609,0.49348757247935593,0.241155139139072,0.024248537114385713,-0.023955262636235267,0.016889771700984935,-0.25307959744736735,0.4972030788893129,0.0034118446830884884,0.04352583383295018,-0.02212876629269989,0.033107847045291496,-0.13543655403439364,0.518190623183284,0.10040132185383978,0.051682291266392726,-0.020727028357935672,0.043741545340449266,-0.04467289760482632,0.5197486010566628,0.10273990918203381,0.04658912264924281,-0.009561472673492792,0.04748045306462203,0.16873594397086547,0.5744278616696402,-0.02459653777577155,0.03633556158660005,-0.015754639596785754,0.028267239169920425,0.07132900398953618,0.546790339683328,0.15997594677454913,0.023377234894099708,-0.021365906722335463,0.016621360046304656,-0.018438101860940016,0.5540126014331455,0.06318107113185713,0.042946003344492854,-0.011869624610864177,0.038975030342522726,0.11259075229916146,0.5734103073127822,0.0077218364227433795,0.049210656920799886,-0.007207227966335433,0.05564370093102157,0.16873594397086547,0.5744278616696402,-0.02459653777577155,0.03347353930064269,0.002368580368921434,0.012494519607228064,0.2277685898507074,0.36841793573522097,-0.1856198798000005,0.019250400929107157,-0.008647117920878926,0.012317753297582815,0.39190432784353063,0.356106091131014,-0.09981037978604562,0.026284563791828544,-0.000894572024692785,0.013575327668408065,0.09943993987441024,0.37359502428788127,-0.1924943439151432,0.038924407069871526,0.006155084639700005,0.012076313996963094,0.2277685898507074,0.36841793573522097,-0.1856198798000005,1901,0.01329258845871435,-0.020906596182664824,0.00838190245042169,-0.018438101860940016,0.5540126014331455,0.06318107113185713,Static,Right
F,22,84,84,85,0.0,0.0,0.0,-2.7701365507004632e-17,-8.6736173798840345e-19,-3.4694469519536134e-18,0.034763733547930616,0.01225270550907699,0.045168431267062284,0.2856442015733746,0.12802685036778733,-0.17649386372139267,0.028228296710461773,0.015341173338261509,0.029548693411485475,0.14502276305954181,0.20335946120066298,-0.07738249287449163,0.015690176677392483,0.00756795020409174,0.019330841487816636,-0.04470049657779766,0.24997506047934898,0.04043519851602341,0.032165680555892466,0.01564045383372325,0.03971626060016302,0.2046928074556357,0.14080036723605538,-0.1735594131941446,0.037256265857708394,0.006694583476546174,0.05083001971328011,0.2856442015733746,0.12802685036778733,-0.17649386372139267,0.04319639842308494,0.01518831994599274,0.042545124234593695,0.0048325822517616,0.23105523551001986,-0.01825044582407822,0.030506612097854064,0.00906287693293084,0.029917995092054957,-0.0017239591464872283,0.23269187105361708,0.006214610079504427,0.016518532703707747,0.002782981088315629,0.019810308728739755,-0.04470049657779766,0.24997506047934898,0.04043519851602341,0.03831530039323879,0.012855307830376857,0.037584512359433705,-0.006525445386884964,0.22864477434512756,-0.04290305802067492,0.04718268977656186,0.01681935514095328,0.047595745762185976,0.0048325822517616,0.23105523551001986,-0.01825044582407822,0.01970498248810831,0.003922911676292402,0.02261388179722554,-0.04470049657779766,0.24997506047934898,0.04043519851602341,0.04230808541271567,-0.0018288052245309565,0.03654647154994095,-0.04130443902785496,0.22468216251841108,0.04928273654743977,0.03073969668112353,-0.0018550137236156,0.0284566370433087,-0.10311810458168386,0.2162923114618074,0.11031133150160755,0.019353131163199838,-0.0033051469061543886,0.02129922399049325,-0.14935912613600197,0.20930446368105907,0.0034999840789503842,0.03802230580620037,-0.0019607843903692813,0.03281067181404759,-0.08978197612822253,0.2239510745387163,0.04558646311013277,0.045885446166362004,-0.0009666520150463429,0.04092015617780162,-0.04130443902785496,0.22468216251841108,0.04928273654743977,0.040758685076661826,0.008594863781268922,0.04491836137440146,0.07621539790919733,0.2573707468857146,-0.0015408205139905227,0.031215393475015663,0.0035343311317154397,0.029454249751562946,0.011754473846769902,0.243618975748459,0.08158762483919915,0.01854516701052323,-0.001327284033476989,0.021138683666877153,-0.04470049657779766,0.24997506047934898,0.04043519851602341,0.03745058186676957,0.006616461839123239,0.03796812612888901,0.04299348444835223,0.25664866491492666,0.01304954770061976,0.042835561879715774,0.01057370021363058,0.05188879204804714,0.07621539790919733,0.2573707468857146,-0.0015408205139905227,0.029067230985692475,0.018460085374484656,0.013962960131171098,0.06337537138471809,0.2155965351646906,-0.0786492483068447,0.014749561218277025,0.009715760142269601,0.01754527564945554,0.1556319394141538,0.20386420642437544,-0.0315794220192153,0.02186026011543098,0.016178451784622898,0.017212339572299253,-0.010038562323590084,0.20953325836229153,-0.09101072443706411,0.034443339007022955,0.021397130348238567,0.011982554999217741,0.06337537138471809,0.2155965351646906,-0.0786492483068447,1914,0.008826535638053983,-0.0012208924984453105,0.015308529929421177,-0.04470049657779766,0.24997506047934898,0.04043519851602341,Static,Right
F,22,85,85,86,0.0,0.0,0.0,0.0,0.0,0.0,-0.002080561880532962,0.003742277966760092,-0.04796266779157488,-0.37508744877173184,0.14327054804065972,0.19681917245951067,-0.00826970423442,-0.009367346835566611,-0.037669672701852605,-0.29496014058394054,0.007088474363549743,0.26919520136727554,-0.005934484574586458,-0.004450942319573548,-0.025978412077938797,-0.11945790742242608,-0.17575424359165479,0.22631526591080964,-0.004342415493146568,-0.0039812054642933544,-0.04565955058945303,-0.34707826776749023,0.13103849364857814,0.23047798906449266,-3.4866043953362944e-05,0.011571956708879881,-0.049937158531746476,-0.37508744877173184,0.14327054804065972,0.19681917245951067,-0.008618549010846573,-0.007856761980046654,-0.05081539029851196,-0.05183810614400309,-0.11735289200480645,0.25563846308713073,-0.006658357856486645,-0.006594696883846684,-0.042252469169153206,-0.0834920299243671,-0.13472144549269083,0.24524957045689746,-0.00412849036441987,-0.0020565862587408903,-0.02920876486972196,-0.11945790742242608,-0.17575424359165479,0.22631526591080964,-0.008072337620753335,-0.007747526221866558,-0.04826211765946587,-0.05593729042172448,-0.08197163677455799,0.26767401739172575,-0.009567292240379874,-0.008302779403992974,-0.05379446961322524,-0.05183810614400309,-0.11735289200480645,0.25563846308713073,-0.005166570259793477,-0.004244918324893415,-0.03357382840475348,-0.11945790742242608,-0.17575424359165479,0.22631526591080964,-0.003690359824559644,6.739739003974676e-05,-0.057234134861394254,-0.021210195572338157,-0.24427392002401183,0.16645305786788717,-0.001149186167213406,0.0021981960839134547,-0.044534106160679654,-0.12786417208028567,-0.2677891821860985,0.10752104597401992,-0.0013534162811130437,0.0017808250983334607,-0.03450710569556156,-0.09818699064989103,-0.2142585497360033,0.2021633660522699,-0.002486351683833578,0.0003437781279133605,-0.052644791364453,-0.05691409723505941,-0.2465738570226235,0.15911916253982764,-0.005794942103599884,-0.0007668783526334055,-0.06194451662478214,-0.021210195572338157,-0.24427392002401183,0.16645305786788717,-0.009402859680326638,-0.005954402304653112,-0.05518169437158984,-0.041221856618756686,-0.16582192330801868,0.24731649870238367,-0.004087453820359802,-0.002487452602006638,-0.04401808409383275,-0.04501181591290094,-0.2284607050077492,0.18295675200990694,-0.002569678994026674,-0.00018743065722063516,-0.03350517131765272,-0.11945790742242608,-0.17575424359165479,0.22631526591080964,-0.007849576026593075,-0.004909012264093336,-0.05123052335111228,-0.04256395114498856,-0.17434893275171845,0.23777599672951208,-0.010844600786240012,-0.00706930202169307,-0.05898483887521962,-0.041221856618756686,-0.16582192330801868,0.24731649870238367,-0.011829394007006559,-0.007049029011713057,-0.018863568420553506,0.17685531142793498,-0.10092621440504268,0.34969207446120654,-0.006339849436753289,-0.004083636928819933,-0.021937660666741153,-0.092047949347319,-0.15309776441354167,0.33872364457176846,-0.010566698642993245,-0.007411237519106397,-0.02123627545715176,0.0641215173847342,-0.05889085716548382,0.3729338727036123,-0.012809971796752884,-0.005468992967086658,-0.014543280381647603,0.17685531142793498,-0.10092621440504268,0.34969207446120654,1929,-0.0035442306980201493,-0.0018272885631868349,-0.024919263060500126,-0.11945790742242608,-0.17575424359165479,0.22631526591080964,Static,Right
F,22,86,86,87,0.0,0.0,0.0,0.0,8.673617379884037e-19,3.469446951953615e-18,0.0037647510595600216,0.05744246540939372,-0.021308831720778937,-0.12432082437330798,-0.08782159783325529,-0.06316434660497364,0.004503333840686751,0.0540868823175737,-0.01501295795669498,-0.08444275449417644,-0.026775387950801994,-0.09479348770718332,-0.0001757627876734791,0.05253619330184087,-0.014473516858308132,-0.05785676615803194,0.04315748643814234,-0.09593521060645464,0.005032554060213436,0.055314836367753716,-0.018330515623540017,-0.12820950994725439,-0.07634221539850172,-0.06605679013863099,0.002298227512333177,0.059446049149693536,-0.023953496044626533,-0.12432082437330798,-0.08782159783325529,-0.06316434660497364,0.006348186673813372,0.05405374667614693,-0.014284370962669529,-0.011635358962394966,0.01023378406350686,-0.10784084808220641,0.00367079473293996,0.05288432794625375,-0.012760380210778308,-0.039090531667783354,0.024177192623945524,-0.10185339337218537,-0.0012437457443735152,0.05163985935452731,-0.012766744372672084,-0.05785676615803194,0.04315748643814234,-0.09593521060645464,0.0055695644679266635,0.05354906693156708,-0.013303671956007285,-0.04611747555858413,0.0012048521182084116,-0.10479287140991374,0.006836744817486661,0.05426448378822667,-0.014164492245272256,-0.011635358962394966,0.01023378406350686,-0.10784084808220641,0.00022251350990006632,0.05196693006922017,-0.01184914572104723,-0.05785676615803194,0.04315748643814234,-0.09593521060645464,0.001917102598613305,0.0508884004002673,-0.00967266834800794,0.01619549443775313,0.01593013776677297,-0.11007959701613072,-0.000748647684740057,0.05105886331484032,-0.010281944353955234,-0.043310353317246336,0.047274668893344876,-0.09876520117783885,-0.002936513775606942,0.05075677992694738,-0.010333565193672819,-0.040984870226090986,0.018170093645094067,-0.11139838713944572,0.0012576320101468814,0.050846580928067084,-0.009695219608185708,-0.0251425486103365,0.01745670794333802,-0.11044691667406366,0.0018799604640999327,0.05096029211698685,-0.009024957922780115,0.01619549443775313,0.01593013776677297,-0.11007959701613072,0.004628590255013454,0.05288086382138057,-0.010629378678946566,-0.03653744757998517,0.016024275639085164,-0.09987511734941111,0.001698126853393056,0.051966190331460355,-0.011430149425488034,-0.00893502511829933,0.047223922538774554,-0.09257880266924343,-0.002107201663586573,0.051045635480707764,-0.01076066531111963,-0.05785676615803194,0.04315748643814234,-0.09593521060645464,0.00319096956725997,0.052445627984173605,-0.010092534291746532,-0.052204712052070515,0.020217758768496165,-0.10079155167519588,0.005736102958840038,0.053204391009207055,-0.0107108916220678,-0.03653744757998517,0.016024275639085164,-0.09987511734941111,0.00830317734218013,0.05459628678518026,-0.02356263825662098,-0.012085378106469502,0.15137328758287016,-0.1253528971898063,-0.00016711818346659335,0.05287001134600712,-0.016374704859027287,-0.01807993111446468,0.1726447983033882,-0.08637676196274964,0.004486299456653327,0.05413609296146018,-0.020007968070127558,-0.05630619828253751,0.13248073369991972,-0.13989758517956088,0.011488280994700045,0.05561546979930706,-0.025914324221106642,-0.012085378106469502,0.15137328758287016,-0.1253528971898063,1944,-0.0032900859891133107,0.051020068829646714,-0.011000281032358466,-0.05785676615803194,0.04315748643814234,-0.09593521060645464,Static,Right
F,22,87,87,88,0.0,0.0,0.0,0.0,0.0,0.0,-0.009321135944942925,0.034311844678235726,0.03674596892122966,0.1316733099752056,0.19991558047829502,0.1426837148806937,-0.011870675599535703,0.038630390796757084,0.02406489103329299,0.16670223916962404,0.06284528736643502,0.2242771428903166,-0.0007242637054427123,0.04082374910968531,0.019607097090971016,0.14666951107067608,-0.06714298127805707,0.2305757113611472,-0.012676051530728738,0.036115687322842836,0.031437393321227976,0.15096066766807922,0.17823945084467613,0.15692669501847956,-0.005682997910092757,0.03298004369127865,0.04127909690699154,0.1316733099752056,0.19991558047829502,0.1426837148806937,-0.017944926928985704,0.03723899725607823,0.02738124303199622,0.1612454138136086,0.006309764954008224,0.2452081300385409,-0.009396759038142903,0.04078633419146427,0.01854660026940583,0.15879497775067117,-0.03184139249885497,0.24111528802176577,0.0018305678393071075,0.042354952801093346,0.0156574985641208,0.14666951107067608,-0.06714298127805707,0.2305757113611472,-0.01557631596335706,0.038915630023642823,0.02320978451081366,0.1572052581947904,0.023641194140718642,0.24306902198140212,-0.021207123251228546,0.036107453345828606,0.030297045992833088,0.1612454138136086,0.006309764954008224,0.2452081300385409,-0.001531264483828738,0.04250003623929266,0.014624071480701094,0.14666951107067608,-0.06714298127805707,0.2305757113611472,0.06379557823323546,0.027933535232349812,-0.03424318929829256,-1.3083688520712589,-0.1739145235738419,0.3735595172841368,0.0019544071644568544,0.04366266973879278,0.011962392582280448,-1.347356439725826,-0.11378012070878851,0.3043183000942419,0.006445686434592954,0.04434405911851434,0.010416288374845022,0.09053528306586861,-0.006959846179036971,0.2664814532829193,0.038083152643135464,0.029443185825807124,-0.01574973274324446,-1.3476240720740622,-0.18162502620216023,0.24029621843007723,0.09046743806208536,0.02446384983087169,-0.053701790244462325,-1.3083688520712589,-0.1739145235738419,0.3735595172841368,-0.01367962036326429,0.041051468167778105,0.01732384100433128,0.1387366265530559,-0.0008870868405915465,0.2332979689266706,-0.004310458109692963,0.042321961516535674,0.014891670764857347,0.11819897770416204,-0.08315472177592115,0.22859941795655705,0.0042142211675930685,0.04396669548072797,0.011429055535365287,0.14666951107067608,-0.06714298127805707,0.2305757113611472,-0.01072685625989293,0.041764735617771456,0.015367483929250091,0.11915360512714121,-0.011042787143678083,0.24103643571306355,-0.016980333274828622,0.04026644926902087,0.01932842839002681,0.1387366265530559,-0.0008870868405915465,0.2332979689266706,-0.015034024365157031,0.035834549585407126,0.03418878904937192,0.044922883352444355,-0.23729525875144808,0.17914253630501134,-0.00045524450472142844,0.039618730799713564,0.02315868024133081,0.015596468772533869,-0.26942967199894596,0.12094635059582202,-0.008260536501749963,0.0371609119040645,0.028992535160334183,0.06288084989073779,-0.2132277074017544,0.20314914188628533,-0.02015377939387872,0.034589821305164276,0.03870575773323722,0.044922883352444355,-0.23729525875144808,0.17914253630501134,1958,0.006331702012857359,0.044241752478400405,0.010767152038864443,0.14666951107067608,-0.06714298127805707,0.2305757113611472,Static,Right
F,22,88,88,89,0.0,0.0,0.0,0.0,0.0,0.0,3.313920962470793e-05,0.002606511728368711,0.025811089301785276,0.208329895934934,0.04756001439428935,-0.04149059604888352,4.024318633124047e-05,0.0076325356068501354,0.017599716881651333,0.15524203450220594,0.05577830928498485,-0.017226549685002406,0.0009170789555873115,0.006452453848443737,0.012956117077925199,0.0703416879486985,0.05305119865574497,0.017169290135274445,-0.0005278088302999944,0.005625525123043772,0.022979662810004138,0.17747709206204537,0.04658580077370502,-0.045815347437303984,0.0008169070812749465,-0.0009861446562935824,0.028471447643955265,0.208329895934934,0.04756001439428935,-0.04149059604888352,-0.0018778502097562568,0.006153911963369027,0.02630135250804991,0.12221035886892939,0.07557520870422284,0.006645914525587179,0.00045212064055002787,0.006904455332331255,0.017416548365106047,0.12595668403626548,0.06299398206590005,0.01094235783367893,0.0012543638741001329,0.005838356305830518,0.012622229311108613,0.0703416879486985,0.05305119865574497,0.017169290135274445,-0.0011483450175375114,0.006779236858974862,0.022801964431187045,0.12296519938242506,0.06685376872889957,-0.002243202447460576,-0.002819622176231256,0.005899458282300306,0.029454206683432432,0.12221035886892939,0.07557520870422284,0.006645914525587179,0.0009328839833751433,0.006258403633743916,0.01347951567021165,0.0703416879486985,0.05305119865574497,0.017169290135274445,0.04818534177374388,-0.006971126032987573,-0.01053885976987425,-1.1590880272596802,-0.04386295308606803,0.14216150535481284,0.0018732481079000007,0.004318952856662501,0.016164366676049688,-1.1381732795512725,0.049256156330826716,0.11122923760384013,0.0019190971931874901,0.004513496419343388,0.012554347914323766,0.035745956855806026,0.0767146896090618,0.030038344898911235,0.029013254068700124,-0.005604976285043887,0.0005468997156983508,-1.1672523978901712,-0.04787706642870945,0.02697802889798327,0.06871532061310025,-0.009483489497131422,-0.022488584050218953,-1.1590880272596802,-0.04386295308606803,0.14216150535481284,0.0005646178899375553,0.006706554485900317,0.022253191200687063,0.07246485409553904,0.07277990151134864,0.007216997533266413,0.0011276400750377484,0.005688507420768704,0.016937025380681772,0.060422805601906535,0.06101382778391144,0.032448700855197396,0.0016716505378184551,0.005071509409025096,0.012552996594656491,0.0703416879486985,0.05305119865574497,0.017169290135274445,0.0007399698264813099,0.006503565483075007,0.019887023603924036,0.06069669413175194,0.07159004953928763,0.014341321063608308,0.00020285399933753725,0.006997550581719005,0.0244836300852466,0.07246485409553904,0.07277990151134864,0.007216997533266413,-0.0020968985164813107,0.00837686623867501,0.01967883965436899,0.10498140185580797,-0.08836912851711042,0.0025558702952659705,0.0008458395352061878,0.00648139772828782,0.013088937800099358,0.07728030466865632,-0.0862939792656756,-0.013460221052401453,-0.000792745471443745,0.00753318786369345,0.016067859640669216,0.10377152559565057,-0.07110169943038061,0.022313246452474848,-0.0030096383132559796,0.009222325958493724,0.022598847235422832,0.10498140185580797,-0.08836912851711042,0.0025558702952659705,1974,0.0014763388982625713,0.00558272325499372,0.009625630641323093,0.0703416879486985,0.05305119865574497,0.017169290135274445,Static,Right
F,22,89,89,90,0.0,0.0,0.0,0.0,0.0,0.0,0.00699020493181252,-0.0008452450119312847,0.046772797346120124,0.34771246499906555,0.10629443914766935,-0.12403315526880691,0.00449715661706253,0.0070031131104999105,0.029777779282685157,0.24216712438387097,0.14885767126479585,-0.05480602839109595,0.002296745825312687,0.003141702091718869,0.019530751172343302,0.09060037726448486,0.15274631487226228,0.0358420308439223,0.005202552481049995,0.004462114801724979,0.04102471605265872,0.28639629785267984,0.1109789260303611,-0.1273289965018588,0.008993560498143658,-0.007432237239419,0.05222346746686433,0.34771246499906555,0.10629443914766935,-0.12403315526880691,0.006067887637712494,0.004669271651437565,0.04825166291359119,0.16403215237237706,0.1878785291086758,0.00177475233454988,0.00576065090931868,0.004078580110868651,0.029627512284881974,0.1803389032868257,0.17039763580684028,0.015192847221155365,0.003330682871237591,0.0007413179004380273,0.019156923468779934,0.09060037726448486,0.15274631487226228,0.0358420308439223,0.005633461648962439,0.005077623684587511,0.041013053261974124,0.17355541503662836,0.17414132233674312,-0.020453393632130383,0.0061751182694937765,0.004871282722349909,0.05490001867878078,0.16403215237237706,0.1878785291086758,0.00177475233454988,0.0037079017192872717,0.0015545159182564308,0.021123018707061552,0.09060037726448486,0.15274631487226228,0.0358420308439223,-0.03518491387033111,0.009663278570556403,0.06386240123688874,1.014952167656111,0.24676679297302972,-0.0069960283195965745,0.008289285888687582,-0.003324666462018786,0.027199928365674562,1.0871300371881147,0.12177609136368439,0.05827166757628952,0.0052608651402376435,-0.0034702467274312265,0.019141818621400113,0.008749878511752466,0.17553333758998907,0.0440482565679866,-0.01825118208621886,0.008072956916818808,0.04884333872102668,1.0167779853929892,0.24675431943277348,0.09670673181626499,-0.05347583988981898,0.012990719299000175,0.07996764274188072,1.014952167656111,0.24676679297302972,-0.0069960283195965745,0.009527615052918803,0.00357217235314377,0.040804479697519706,0.09643326793362618,0.17548071198604503,0.011312729220191822,0.007120403642968652,0.0004597700542937305,0.028690197017081063,0.0798065440135321,0.15612000557164982,0.06885627837475883,0.004540150651962615,-0.0019584444684687934,0.019070517175086964,0.09060037726448486,0.15274631487226228,0.0358420308439223,0.008472785606043573,0.0026306001538124887,0.03557249040906856,0.07937250016660163,0.17397333454881297,0.023893738728823145,0.0099171405677687,0.004605573817706428,0.045860579382796904,0.09643326793362618,0.17548071198604503,0.011312729220191822,-0.0002880636655686744,0.010389642175962542,0.03296542841485503,0.21965389279690212,-0.09982396627929149,0.012015127270756156,0.0019134604188437623,0.004054775550524702,0.01964200810565529,0.18253200035595546,-0.10275319710777155,-0.003147468401906997,0.0002768023713437459,0.0077847204571126274,0.02571455041622953,0.20305611165195098,-0.06430939121412899,0.04577707632376216,-0.000732373344737753,0.013065860131793724,0.038693794576969524,0.21965389279690212,-0.09982396627929149,0.012015127270756156,1990,0.001594992931824595,-0.0009973014908001834,0.012560018020132253,0.09060037726448486,0.15274631487226228,0.0358420308439223,Static,Right
