,FrameCount,Head.pos.x,Head.pos.y,Head.pos.z,Head.rot.w,Head.rot.x,Head.rot.y,Head.rot.z,IndexDistalJoint.pos.x,IndexDistalJoint.pos.y,IndexDistalJoint.pos.z,IndexDistalJoint.rot.w,IndexDistalJoint.rot.x,IndexDistalJoint.rot.y,IndexDistalJoint.rot.z,IndexKnuckle.pos.x,IndexKnuckle.pos.y,IndexKnuckle.pos.z,IndexKnuckle.rot.w,IndexKnuckle.rot.x,IndexKnuckle.rot.y,IndexKnuckle.rot.z,IndexMetacarpal.pos.x,IndexMetacarpal.pos.y,IndexMetacarpal.pos.z,IndexMetacarpal.rot.w,IndexMetacarpal.rot.x,IndexMetacarpal.rot.y,IndexMetacarpal.rot.z,IndexMiddleJoint.pos.x,IndexMiddleJoint.pos.y,IndexMiddleJoint.pos.z,IndexMiddleJoint.rot.w,IndexMiddleJoint.rot.x,IndexMiddleJoint.rot.y,IndexMiddleJoint.rot.z,IndexTip.pos.x,IndexTip.pos.y,IndexTip.pos.z,IndexTip.rot.w,IndexTip.rot.x,IndexTip.rot.y,IndexTip.rot.z,MiddleDistalJoint.pos.x,MiddleDistalJoint.pos.y,MiddleDistalJoint.pos.z,MiddleDistalJoint.rot.w,MiddleDistalJoint.rot.x,MiddleDistalJoint.rot.y,MiddleDistalJoint.rot.z,MiddleKnuckle.pos.x,MiddleKnuckle.pos.y,MiddleKnuckle.pos.z,MiddleKnuckle.rot.w,MiddleKnuckle.rot.x,MiddleKnuckle.rot.y,MiddleKnuckle.rot.z,MiddleMetacarpal.pos.x,MiddleMetacarpal.pos.y,MiddleMetacarpal.pos.z,MiddleMetacarpal.rot.w,MiddleMetacarpal.rot.x,MiddleMetacarpal.rot.y,MiddleMetacarpal.rot.z,MiddleMiddleJoint.pos.x,MiddleMiddleJoint.pos.y,MiddleMiddleJoint.pos.z,MiddleMiddleJoint.rot.w,MiddleMiddleJoint.rot.x,MiddleMiddleJoint.rot.y,MiddleMiddleJoint.rot.z,MiddleTip.pos.x,MiddleTip.pos.y,MiddleTip.pos.z,MiddleTip.rot.w,MiddleTip.rot.x,MiddleTip.rot.y,MiddleTip.rot.z,Palm.pos.x,Palm.pos.y,Palm.pos.z,Palm.rot.w,Palm.rot.x,Palm.rot.y,Palm.rot.z,PinkyDistalJoint.pos.x,PinkyDistalJoint.pos.y,PinkyDistalJoint.pos.z,PinkyDistalJoint.rot.w,PinkyDistalJoint.rot.x,PinkyDistalJoint.rot.y,PinkyDistalJoint.rot.z,PinkyKnuckle.pos.x,PinkyKnuckle.pos.y,PinkyKnuckle.pos.z,PinkyKnuckle.rot.w,PinkyKnuckle.rot.x,PinkyKnuckle.rot.y,PinkyKnuckle.rot.z,PinkyMetacarpal.pos.x,PinkyMetacarpal.pos.y,PinkyMetacarpal.pos.z,PinkyMetacarpal.rot.w,PinkyMetacarpal.rot.x,PinkyMetacarpal.rot.y,PinkyMetacarpal.rot.z,PinkyMiddleJoint.pos.x,PinkyMiddleJoint.pos.y,PinkyMiddleJoint.pos.z,PinkyMiddleJoint.rot.w,PinkyMiddleJoint.rot.x,PinkyMiddleJoint.rot.y,PinkyMiddleJoint.rot.z,PinkyTip.pos.x,PinkyTip.pos.y,PinkyTip.pos.z,PinkyTip.rot.w,PinkyTip.rot.x,PinkyTip.rot.y,PinkyTip.rot.z,RingDistalJoint.pos.x,RingDistalJoint.pos.y,RingDistalJoint.pos.z,RingDistalJoint.rot.w,RingDistalJoint.rot.x,RingDistalJoint.rot.y,RingDistalJoint.rot.z,RingKnuckle.pos.x,RingKnuckle.pos.y,RingKnuckle.pos.z,RingKnuckle.rot.w,RingKnuckle.rot.x,RingKnuckle.rot.y,RingKnuckle.rot.z,RingMetacarpal.pos.x,RingMetacarpal.pos.y,RingMetacarpal.pos.z,RingMetacarpal.rot.w,RingMetacarpal.rot.x,RingMetacarpal.rot.y,RingMetacarpal.rot.z,RingMiddleJoint.pos.x,RingMiddleJoint.pos.y,RingMiddleJoint.pos.z,RingMiddleJoint.rot.w,RingMiddleJoint.rot.x,RingMiddleJoint.rot.y,RingMiddleJoint.rot.z,RingTip.pos.x,RingTip.pos.y,RingTip.pos.z,RingTip.rot.w,RingTip.rot.x,RingTip.rot.y,RingTip.rot.z,ThumbDistalJoint.pos.x,ThumbDistalJoint.pos.y,ThumbDistalJoint.pos.z,ThumbDistalJoint.rot.w,ThumbDistalJoint.rot.x,ThumbDistalJoint.rot.y,ThumbDistalJoint.rot.z,ThumbMetacarpalJoint.pos.x,ThumbMetacarpalJoint.pos.y,ThumbMetacarpalJoint.pos.z,ThumbMetacarpalJoint.rot.w,ThumbMetacarpalJoint.rot.x,ThumbMetacarpalJoint.rot.y,ThumbMetacarpalJoint.rot.z,ThumbProximalJoint.pos.x,ThumbProximalJoint.pos.y,ThumbProximalJoint.pos.z,ThumbProximalJoint.rot.w,ThumbProximalJoint.rot.x,ThumbProximalJoint.rot.y,ThumbProximalJoint.rot.z,ThumbTip.pos.x,ThumbTip.pos.y,ThumbTip.pos.z,ThumbTip.rot.w,ThumbTip.rot.x,ThumbTip.rot.y,ThumbTip.rot.z,Timestamp,Wrist.pos.x,Wrist.pos.y,Wrist.pos.z,Wrist.rot.w,Wrist.rot.x,Wrist.rot.y,Wrist.rot.z,Participant,Gesture,Temporality,Handedness
0,1,0.026778,1.597049,-0.052436,0.985911,0.166221,-0.012213,-0.014205,0.100076,1.613528,0.316393,0.1207,0.076901,-0.670149,-0.728298,0.114198,1.549455,0.312149,0.127829,0.023468,-0.670634,-0.730314,0.129409,1.487354,0.304029,0.133871,0.068794,-0.653397,-0.741901,0.105946,1.588505,0.316136,0.111587,0.051138,-0.70171,-0.70181,0.093379,1.636009,0.319615,0.1207,0.076901,-0.670149,-0.728298,0.065631,1.611249,0.320071,0.125303,0.144741,-0.650398,-0.735073,0.092814,1.541887,0.318768,0.149328,0.111028,-0.684706,-0.704664,0.113739,1.48017,0.305525,0.133871,0.068794,-0.653397,-0.741901,0.076426,1.58419,0.32048,0.141121,0.125541,-0.700895,-0.687801,0.055402,1.635268,0.324207,0.125303,0.144741,-0.650398,-0.735073,0.106099,1.493372,0.31325,0.133871,0.068794,-0.653397,-0.741901,0.022733,1.552341,0.316611,0.168858,0.305447,-0.570675,-0.743316,0.059597,1.514109,0.307389,0.210734,0.283269,-0.565258,-0.745542,0.085099,1.47321,0.304588,0.066433,0.308445,-0.613071,-0.724288,0.038134,1.537614,0.313902,0.194666,0.342868,-0.565152,-0.724672,0.007808,1.5694,0.32166,0.168858,0.305447,-0.570675,-0.743316,0.04532,1.591526,0.323831,0.095977,0.170503,-0.657348,-0.727744,0.075016,1.529502,0.315077,0.149536,0.160194,-0.632875,-0.742595,0.093368,1.475963,0.307629,0.133871,0.068794,-0.653397,-0.741901,0.057398,1.56629,0.321165,0.121118,0.18717,-0.646172,-0.729905,0.035294,1.615,0.327478,0.095977,0.170503,-0.657348,-0.727744,0.173392,1.550118,0.300076,0.195975,-0.564673,-0.409208,-0.689411,0.141508,1.488012,0.298558,0.22378,-0.550306,-0.449222,-0.667297,0.159849,1.517096,0.298239,0.231395,-0.451023,-0.520467,-0.687131,0.190063,1.570045,0.301826,0.195975,-0.564673,-0.409208,-0.689411,6,0.119385,1.444857,0.307733,0.133871,0.068794,-0.653397,-0.741901,23,Nummer5,Static,Right
1,2,0.026988,1.597186,-0.052449,0.985986,0.165785,-0.012854,-0.013491,0.10049,1.613906,0.316135,0.119051,0.076165,-0.672575,-0.726408,0.114402,1.549767,0.312237,0.126072,0.022644,-0.672471,-0.728955,0.129404,1.487607,0.30419,0.13228,0.067969,-0.653955,-0.741772,0.106277,1.588863,0.316029,0.109893,0.050326,-0.703847,-0.699993,0.093862,1.636428,0.319209,0.119051,0.076165,-0.672575,-0.726408,0.066087,1.611757,0.319902,0.123453,0.143826,-0.651845,-0.734284,0.092985,1.542279,0.318841,0.147466,0.109984,-0.686065,-0.703898,0.113707,1.480479,0.305679,0.13228,0.067969,-0.653955,-0.741772,0.07677,1.584655,0.320404,0.139305,0.124458,-0.702231,-0.687005,0.055951,1.635829,0.323953,0.123453,0.143826,-0.651845,-0.734284,0.106108,1.493713,0.313385,0.13228,0.067969,-0.653955,-0.741772,0.022932,1.552965,0.316605,0.16766,0.30474,-0.571406,-0.743316,0.059683,1.514606,0.307455,0.209331,0.282663,-0.566302,-0.745375,0.085045,1.473616,0.304721,0.065012,0.307713,-0.614002,-0.723939,0.03829,1.538189,0.313914,0.19351,0.342156,-0.565939,-0.724704,0.008057,1.570072,0.321636,0.16766,0.30474,-0.571406,-0.743316,0.045654,1.592095,0.323746,0.094451,0.169769,-0.658259,-0.727292,0.075148,1.529953,0.315144,0.147948,0.159493,-0.633961,-0.742137,0.093321,1.476343,0.307768,0.13228,0.067969,-0.653955,-0.741772,0.057648,1.566814,0.321137,0.119601,0.186441,-0.647155,-0.729469,0.035703,1.615608,0.327345,0.094451,0.169769,-0.658259,-0.727292,0.173555,1.55024,0.300203,0.194745,-0.564984,-0.409204,-0.689506,0.141509,1.48822,0.298728,0.222282,-0.55079,-0.44874,-0.667723,0.159941,1.517245,0.298402,0.230156,-0.451503,-0.520525,-0.687187,0.190264,1.570136,0.301937,0.194745,-0.564984,-0.409204,-0.689506,19,0.11923,1.445146,0.307929,0.13228,0.067969,-0.653955,-0.741772,23,Nummer5,Static,Right
2,3,0.027178,1.597321,-0.052441,0.986076,0.16523,-0.013431,-0.013164,0.100864,1.614258,0.315902,0.117453,0.075452,-0.674912,-0.724573,0.114573,1.550057,0.312338,0.124369,0.02185,-0.674244,-0.727633,0.129376,1.487844,0.304354,0.130761,0.067204,-0.654436,-0.741687,0.10657,1.589197,0.315941,0.108252,0.049543,-0.705914,-0.698221,0.094302,1.636819,0.318832,0.117453,0.075452,-0.674912,-0.724573,0.0665,1.612232,0.319757,0.121663,0.142961,-0.653215,-0.733534,0.093125,1.542646,0.318927,0.145663,0.108996,-0.687353,-0.70317,0.113654,1.480769,0.305835,0.130761,0.067204,-0.654436,-0.741687,0.077075,1.585089,0.320349,0.137545,0.123432,-0.703506,-0.68624,0.056453,1.636355,0.323727,0.121663,0.142961,-0.653215,-0.733534,0.106092,1.494032,0.313524,0.130761,0.067204,-0.654436,-0.741687,0.023098,1.553551,0.316612,0.166507,0.304105,-0.572067,-0.743327,0.059743,1.515074,0.307531,0.207966,0.282134,-0.567293,-0.745204,0.084972,1.473998,0.304856,0.063641,0.307033,-0.614838,-0.72364,0.038415,1.538731,0.313936,0.192395,0.341515,-0.566652,-0.724746,0.008268,1.570703,0.321626,0.166507,0.304105,-0.572067,-0.743327,0.045945,1.592626,0.323683,0.092999,0.169104,-0.659088,-0.726883,0.07525,1.530376,0.315222,0.146433,0.158862,-0.634971,-0.741709,0.093254,1.4767,0.307909,0.130761,0.067204,-0.654436,-0.741687,0.057862,1.567303,0.321126,0.118153,0.185784,-0.648063,-0.729067,0.036065,1.616176,0.327237,0.092999,0.169104,-0.659088,-0.726883,0.173681,1.550356,0.30034,0.193652,-0.565255,-0.409221,-0.689583,0.141486,1.488414,0.2989,0.220902,-0.551228,-0.448248,-0.66815,0.160005,1.517385,0.298571,0.229055,-0.451923,-0.520594,-0.687228,0.190423,1.570225,0.302058,0.193652,-0.565255,-0.409221,-0.689583,28,0.11906,1.445418,0.308121,0.130761,0.067204,-0.654436,-0.741687,23,Nummer5,Static,Right
3,4,0.027413,1.5975,-0.05234,0.986211,0.164339,-0.013807,-0.013816,0.10008,1.614147,0.316512,0.116983,0.076205,-0.675023,-0.724466,0.113811,1.549956,0.312902,0.123962,0.022527,-0.673771,-0.72812,0.128646,1.487787,0.304621,0.130476,0.067956,-0.652618,-0.743269,0.105795,1.589088,0.316554,0.107767,0.050258,-0.705889,-0.69827,0.093505,1.636706,0.31943,0.116983,0.076205,-0.675023,-0.724466,0.065771,1.612096,0.320645,0.120837,0.143407,-0.651583,-0.735033,0.09236,1.542503,0.319436,0.145032,0.109384,-0.68534,-0.705202,0.112926,1.480699,0.306053,0.130476,0.067956,-0.652618,-0.743269,0.076331,1.584946,0.321102,0.136828,0.123837,-0.701786,-0.688069,0.055732,1.636206,0.324719,0.120837,0.143407,-0.651583,-0.735033,0.105351,1.493922,0.313801,0.130476,0.067956,-0.652618,-0.743269,0.022297,1.553387,0.317008,0.165765,0.305439,-0.570733,-0.743971,0.058999,1.514975,0.307876,0.207133,0.283617,-0.566226,-0.745685,0.084246,1.473923,0.305016,0.062769,0.307601,-0.612991,-0.725041,0.037635,1.538593,0.314306,0.191614,0.342858,-0.565279,-0.725391,0.00744,1.570506,0.322054,0.165765,0.305439,-0.570733,-0.743971,0.045178,1.592451,0.324395,0.092308,0.16967,-0.657437,-0.728332,0.074494,1.530244,0.315656,0.145811,0.159542,-0.633199,-0.743199,0.092525,1.476613,0.308089,0.130476,0.067956,-0.652618,-0.743269,0.057098,1.567142,0.321727,0.117443,0.186401,-0.646368,-0.730528,0.035294,1.615984,0.328049,0.092308,0.16967,-0.657437,-0.728332,0.172945,1.550326,0.300939,0.195119,-0.5644,-0.408066,-0.690553,0.140762,1.488388,0.299183,0.222058,-0.550425,-0.446757,-0.669426,0.159279,1.51736,0.299007,0.230004,-0.451068,-0.519134,-0.688575,0.189666,1.570205,0.302754,0.195119,-0.5644,-0.408066,-0.690553,42,0.118342,1.445341,0.308165,0.130476,0.067956,-0.652618,-0.743269,23,Nummer5,Static,Right
4,5,0.027653,1.597663,-0.052265,0.98633,0.163552,-0.014098,-0.014352,0.099952,1.61428,0.31738,0.116494,0.075276,-0.674911,-0.724747,0.113548,1.550065,0.313697,0.123509,0.02156,-0.673294,-0.728668,0.128255,1.487898,0.305177,0.130092,0.067078,-0.651268,-0.744598,0.105616,1.589209,0.317404,0.107326,0.0493,-0.705724,-0.698573,0.093425,1.636851,0.320311,0.116494,0.075276,-0.674911,-0.724747,0.065672,1.612282,0.321714,0.120131,0.142337,-0.65044,-0.736367,0.092092,1.54263,0.320234,0.144448,0.108333,-0.684189,-0.706601,0.112524,1.480834,0.306604,0.130092,0.067078,-0.651268,-0.744598,0.076168,1.585105,0.322063,0.136257,0.122758,-0.700657,-0.689525,0.055698,1.636402,0.325883,0.120131,0.142337,-0.65044,-0.736367,0.104984,1.494045,0.314408,0.130092,0.067078,-0.651268,-0.744598,0.022026,1.553648,0.317887,0.165069,0.304924,-0.569664,-0.745156,0.058663,1.515206,0.30862,0.206303,0.283254,-0.565408,-0.746672,0.08383,1.474117,0.30558,0.061948,0.306651,-0.611945,-0.726396,0.037341,1.538841,0.315123,0.190848,0.342407,-0.5643,-0.726568,0.007197,1.57077,0.323003,0.165069,0.304924,-0.569664,-0.745156,0.044999,1.592645,0.325423,0.091816,0.168799,-0.656247,-0.729669,0.074197,1.530418,0.316434,0.145291,0.158786,-0.631998,-0.744484,0.092117,1.47678,0.308651,0.130092,0.067078,-0.651268,-0.744598,0.056873,1.567324,0.322651,0.116913,0.185582,-0.645168,-0.73188,0.03516,1.616182,0.329171,0.091816,0.168799,-0.656247,-0.729669,0.172672,1.550364,0.301658,0.195785,-0.564863,-0.406304,-0.691025,0.140366,1.488494,0.299726,0.222648,-0.550904,-0.44488,-0.670085,0.158941,1.51743,0.299628,0.230475,-0.451607,-0.517356,-0.689402,0.189427,1.570209,0.303518,0.195785,-0.564863,-0.406304,-0.691025,54,0.117876,1.445459,0.308582,0.130092,0.067078,-0.651268,-0.744598,23,Nummer5,Static,Right
5,6,0.027974,1.597794,-0.052182,0.986377,0.163168,-0.014361,-0.015159,0.099829,1.614409,0.318218,0.115983,0.074369,-0.674734,-0.725087,0.11329,1.550171,0.31446,0.123032,0.020623,-0.672809,-0.729223,0.127872,1.488005,0.305712,0.129685,0.066241,-0.649982,-0.745867,0.105443,1.589327,0.318223,0.106862,0.048367,-0.705519,-0.698916,0.093349,1.636992,0.321167,0.115983,0.074369,-0.674734,-0.725087,0.065573,1.612462,0.322731,0.119437,0.141319,-0.649322,-0.737662,0.091828,1.542753,0.320998,0.143853,0.107346,-0.683132,-0.707894,0.112129,1.480966,0.307133,0.129685,0.066241,-0.649982,-0.745867,0.076005,1.585259,0.322978,0.135681,0.121736,-0.69958,-0.690912,0.05566,1.636592,0.326991,0.119437,0.141319,-0.649322,-0.737662,0.104623,1.494164,0.314991,0.129685,0.066241,-0.649982,-0.745867,0.021761,1.553903,0.318728,0.164378,0.304416,-0.568613,-0.746319,0.058334,1.51543,0.309332,0.205474,0.2829,-0.564622,-0.74763,0.083421,1.474306,0.306121,0.061126,0.305746,-0.610953,-0.727681,0.037052,1.539083,0.315906,0.19008,0.341968,-0.563358,-0.727706,0.006961,1.571029,0.323913,0.164378,0.304416,-0.568613,-0.746319,0.044818,1.592831,0.326404,0.091344,0.167999,-0.655084,-0.730957,0.073906,1.530588,0.317179,0.144786,0.158099,-0.630851,-0.7457,0.091717,1.476943,0.309191,0.129685,0.066241,-0.649982,-0.745867,0.056648,1.567502,0.323532,0.116403,0.184832,-0.644004,-0.733176,0.03502,1.616371,0.330245,0.091344,0.167999,-0.655084,-0.730957,0.172405,1.550397,0.302353,0.196371,-0.565295,-0.404568,-0.691524,0.139978,1.488597,0.300249,0.223185,-0.551343,-0.443073,-0.670743,0.15861,1.517497,0.300229,0.230886,-0.452107,-0.515636,-0.690225,0.189196,1.570208,0.304259,0.196371,-0.565295,-0.404568,-0.691524,70,0.117417,1.445575,0.308983,0.129685,0.066241,-0.649982,-0.745867,23,Nummer5,Static,Right
6,7,0.02878,1.597927,-0.052185,0.986411,0.162847,-0.01511,-0.015704,0.097193,1.61424,0.320124,0.118649,0.079385,-0.673976,-0.724829,0.111349,1.550166,0.316183,0.125881,0.025499,-0.671259,-0.73001,0.126621,1.488213,0.30705,0.132641,0.071057,-0.647165,-0.747352,0.103077,1.589219,0.320095,0.109383,0.053462,-0.704683,-0.698999,0.090459,1.636746,0.323084,0.118649,0.079385,-0.673976,-0.724829,0.062964,1.611892,0.324722,0.121929,0.146128,-0.646641,-0.738671,0.089952,1.542474,0.322616,0.146325,0.112299,-0.68045,-0.709201,0.11095,1.480998,0.308376,0.132641,0.071057,-0.647165,-0.747352,0.07368,1.584799,0.32483,0.137976,0.126749,-0.696983,-0.69218,0.052787,1.635892,0.32909,0.121929,0.146128,-0.646641,-0.738671,0.103278,1.494067,0.316302,0.132641,0.071057,-0.647165,-0.747352,0.019688,1.552821,0.320201,0.167501,0.309598,-0.564221,-0.746825,0.056779,1.514879,0.310678,0.208411,0.288339,-0.560905,-0.747537,0.082311,1.474047,0.307242,0.063197,0.310087,-0.606842,-0.729106,0.035178,1.538219,0.317322,0.192903,0.347211,-0.55895,-0.72788,0.004653,1.569716,0.325468,0.167501,0.309598,-0.564221,-0.746825,0.042313,1.591971,0.328249,0.094348,0.173149,-0.651483,-0.73259,0.07217,1.530145,0.318668,0.147865,0.163356,-0.627578,-0.746724,0.090571,1.476751,0.310351,0.132641,0.071057,-0.647165,-0.747352,0.054454,1.566807,0.325222,0.119365,0.190013,-0.640345,-0.734579,0.032223,1.615361,0.332238,0.094348,0.173149,-0.651483,-0.73259,0.170577,1.551049,0.304356,0.201124,-0.561236,-0.404825,-0.693311,0.13874,1.488964,0.301635,0.227822,-0.547026,-0.443649,-0.672336,0.157082,1.518047,0.301905,0.234786,-0.447493,-0.515229,-0.692217,0.187172,1.571001,0.306487,0.201124,-0.561236,-0.404825,-0.693311,84,0.116605,1.445661,0.309987,0.132641,0.071057,-0.647165,-0.747352,23,Nummer5,Static,Right
7,8,0.029114,1.597872,-0.05226,0.986372,0.163038,-0.015469,-0.015806,0.095933,1.614155,0.321057,0.119873,0.081766,-0.673602,-0.724711,0.110414,1.550162,0.317023,0.127204,0.027804,-0.670459,-0.730432,0.12601,1.488313,0.307704,0.134008,0.073328,-0.645788,-0.748079,0.101943,1.589165,0.321011,0.110542,0.055877,-0.70426,-0.699054,0.08908,1.636625,0.324022,0.119873,0.081766,-0.673602,-0.724711,0.061715,1.611618,0.325688,0.123084,0.148421,-0.645357,-0.739146,0.089049,1.542342,0.323405,0.147476,0.114656,-0.679152,-0.709829,0.110373,1.481016,0.308984,0.134008,0.073328,-0.645788,-0.748079,0.072565,1.584578,0.32573,0.139039,0.129135,-0.695732,-0.692784,0.051414,1.635556,0.330107,0.123084,0.148421,-0.645357,-0.739146,0.102624,1.494024,0.316941,0.134008,0.073328,-0.645788,-0.748079,0.01869,1.552306,0.320921,0.168994,0.312072,-0.562058,-0.74709,0.056028,1.514622,0.311334,0.209808,0.290942,-0.559072,-0.747511,0.081766,1.47393,0.307789,0.064135,0.312127,-0.60486,-0.7298,0.034274,1.537811,0.318014,0.194244,0.349717,-0.556788,-0.72798,0.003544,1.569089,0.32623,0.168994,0.312072,-0.562058,-0.74709,0.04111,1.591558,0.329149,0.095776,0.175611,-0.649708,-0.733395,0.071333,1.529938,0.319394,0.149321,0.165876,-0.625979,-0.747221,0.090009,1.476665,0.310916,0.134008,0.073328,-0.645788,-0.748079,0.0534,1.566476,0.326046,0.120771,0.192491,-0.638545,-0.73527,0.030881,1.614876,0.333211,0.095776,0.175611,-0.649708,-0.733395,0.169701,1.55135,0.305343,0.203334,-0.559278,-0.404814,-0.694254,0.138135,1.489138,0.302312,0.229998,-0.544939,-0.44384,-0.673162,0.156342,1.518304,0.302728,0.23657,-0.445284,-0.514915,-0.693268,0.186207,1.571363,0.307588,0.203334,-0.559278,-0.404814,-0.694254,97,0.116199,1.445706,0.310477,0.134008,0.073328,-0.645788,-0.748079,23,Nummer5,Static,Right
8,9,0.029514,1.598028,-0.052259,0.986366,0.162995,-0.016079,-0.015994,0.096161,1.61374,0.321766,0.117892,0.081462,-0.673525,-0.725141,0.110433,1.549704,0.317682,0.125261,0.027489,-0.670089,-0.731119,0.125821,1.48783,0.308191,0.131998,0.073006,-0.644838,-0.749287,0.102087,1.588729,0.321711,0.108581,0.055493,-0.704158,-0.699495,0.089378,1.63623,0.324738,0.117892,0.081462,-0.673525,-0.725141,0.061981,1.611323,0.326475,0.120792,0.147853,-0.644532,-0.740357,0.089028,1.54194,0.324003,0.145275,0.11403,-0.678299,-0.711198,0.110156,1.480585,0.309421,0.131998,0.073006,-0.644838,-0.749287,0.072718,1.584237,0.326446,0.136829,0.128456,-0.694976,-0.694107,0.051773,1.635288,0.330958,0.120792,0.147853,-0.644532,-0.740357,0.10244,1.493595,0.317407,0.131998,0.073006,-0.644838,-0.749287,0.018706,1.552171,0.321401,0.166859,0.311943,-0.56137,-0.74814,0.055928,1.514379,0.311788,0.207394,0.291047,-0.558945,-0.748238,0.081526,1.473606,0.308156,0.061812,0.311752,-0.604311,-0.730615,0.034245,1.537632,0.318473,0.192001,0.349668,-0.556395,-0.728898,0.003607,1.568985,0.326748,0.166859,0.311943,-0.56137,-0.74814,0.041257,1.591312,0.32982,0.093695,0.175175,-0.648744,-0.73462,0.071275,1.529614,0.319923,0.147169,0.165628,-0.625277,-0.74829,0.089774,1.4763,0.311306,0.131998,0.073006,-0.644838,-0.749287,0.053462,1.566196,0.326653,0.118623,0.192145,-0.637765,-0.736386,0.031104,1.61465,0.333952,0.093695,0.175175,-0.648744,-0.73462,0.169718,1.550728,0.306045,0.202989,-0.559127,-0.403688,-0.695132,0.137958,1.488629,0.302821,0.229199,-0.545003,-0.442037,-0.674568,0.156273,1.517725,0.303342,0.23584,-0.44534,-0.513667,-0.694405,0.186262,1.570704,0.308345,0.202989,-0.559127,-0.403688,-0.695132,112,0.115852,1.445249,0.310812,0.131998,0.073006,-0.644838,-0.749287,23,Nummer5,Static,Right
9,10,0.029843,1.598065,-0.052163,0.986458,0.162382,-0.016199,-0.016418,0.096303,1.613927,0.321359,0.117468,0.081065,-0.674891,-0.723984,0.110504,1.549863,0.317477,0.124768,0.027051,-0.671197,-0.730203,0.125869,1.487963,0.308117,0.131837,0.072833,-0.645637,-0.748644,0.102201,1.58891,0.321389,0.10813,0.055075,-0.705367,-0.698378,0.089542,1.636435,0.324247,0.117468,0.081065,-0.674891,-0.723984,0.062068,1.611522,0.326003,0.120664,0.147823,-0.645871,-0.739216,0.089094,1.542122,0.323808,0.145055,0.113975,-0.67977,-0.709847,0.1102,1.480727,0.309358,0.131837,0.072833,-0.645637,-0.748644,0.072795,1.584433,0.326071,0.13667,0.128365,-0.696205,-0.692923,0.051865,1.635507,0.330395,0.120664,0.147823,-0.645871,-0.739216,0.102488,1.493757,0.317315,0.131837,0.072833,-0.645637,-0.748644,0.018741,1.552379,0.321016,0.166965,0.312398,-0.562957,-0.746733,0.055986,1.514549,0.311642,0.20736,0.291474,-0.560758,-0.746723,0.081568,1.473758,0.308099,0.061904,0.311656,-0.605131,-0.729969,0.034288,1.53783,0.318178,0.192156,0.350069,-0.558035,-0.72741,0.003629,1.569211,0.326268,0.166965,0.312398,-0.562957,-0.746733,0.0413,1.59154,0.329288,0.093644,0.175543,-0.650508,-0.732978,0.071337,1.529794,0.319749,0.147047,0.165915,-0.627335,-0.746525,0.089816,1.476456,0.311246,0.131837,0.072833,-0.645637,-0.748644,0.053512,1.56641,0.326259,0.118613,0.19246,-0.639576,-0.734734,0.031139,1.614896,0.333297,0.093644,0.175543,-0.650508,-0.732978,0.169809,1.550832,0.305839,0.202219,-0.559386,-0.404445,-0.694708,0.138008,1.488746,0.30275,0.228362,-0.545352,-0.442662,-0.67416,0.15634,1.517833,0.303206,0.235061,-0.445734,-0.514283,-0.69396,0.186357,1.570809,0.308094,0.202219,-0.559386,-0.404445,-0.694708,126,0.115881,1.445393,0.310822,0.131837,0.072833,-0.645637,-0.748644,23,Nummer5,Static,Right
10,11,0.030558,1.598397,-0.052064,0.986604,0.161365,-0.016467,-0.017398,0.096317,1.613579,0.32123,0.115045,0.083333,-0.678094,-0.721117,0.11052,1.549489,0.317855,0.122236,0.029225,-0.673727,-0.728214,0.125947,1.487536,0.308859,0.129627,0.075117,-0.647507,-0.747187,0.102206,1.588561,0.321484,0.105517,0.057251,-0.708279,-0.69565,0.089542,1.63611,0.323895,0.115045,0.083333,-0.678094,-0.721117,0.062006,1.611186,0.325423,0.118582,0.150605,-0.649363,-0.735924,0.089065,1.541777,0.324066,0.142612,0.116577,-0.683449,-0.706378,0.110267,1.48031,0.310004,0.129627,0.075117,-0.647507,-0.747187,0.072738,1.584102,0.325819,0.134218,0.130927,-0.699755,-0.689337,0.05176,1.635202,0.329531,0.118582,0.150605,-0.649363,-0.735924,0.102491,1.493385,0.317848,0.129627,0.075117,-0.647507,-0.747187,0.018725,1.552058,0.320619,0.165309,0.315034,-0.565664,-0.743943,0.056035,1.514166,0.311772,0.205639,0.29401,-0.563692,-0.743991,0.08163,1.473356,0.308561,0.060287,0.314009,-0.606752,-0.727747,0.03429,1.537488,0.317997,0.190563,0.352589,-0.560943,-0.724369,0.003574,1.568921,0.325655,0.165309,0.315034,-0.565664,-0.743943,0.041219,1.591271,0.328625,0.091391,0.178484,-0.65397,-0.729462,0.071333,1.529438,0.319929,0.144754,0.168743,-0.631433,-0.742876,0.089857,1.476064,0.311756,0.129627,0.075117,-0.647507,-0.747187,0.053454,1.566114,0.325935,0.116407,0.195347,-0.643411,-0.730966,0.031023,1.614659,0.332347,0.091391,0.178484,-0.65397,-0.729462,0.169994,1.550329,0.306828,0.199553,-0.556498,-0.406478,-0.696609,0.138136,1.488281,0.303598,0.225118,-0.542815,-0.444138,-0.676325,0.156507,1.517341,0.304155,0.231648,-0.443145,-0.515967,-0.695514,0.186519,1.570316,0.309171,0.199553,-0.556498,-0.406478,-0.696609,140,0.115916,1.444993,0.31163,0.129627,0.075117,-0.647507,-0.747187,23,Nummer5,Static,Right
11,12,0.030968,1.59854,-0.051994,0.986713,0.160623,-0.01624,-0.018283,0.096531,1.613508,0.321483,0.112968,0.084091,-0.678565,-0.720914,0.110617,1.549391,0.318152,0.120186,0.029965,-0.673873,-0.728391,0.125979,1.487426,0.309127,0.127781,0.07608,-0.647282,-0.747603,0.102369,1.588478,0.321762,0.103417,0.057912,-0.708576,-0.695609,0.08979,1.636054,0.32411,0.112968,0.084091,-0.678565,-0.720914,0.062148,1.611147,0.32549,0.116733,0.151793,-0.649785,-0.735603,0.089127,1.541704,0.324273,0.14069,0.117688,-0.683958,-0.706086,0.110283,1.480223,0.310204,0.127781,0.07608,-0.647282,-0.747603,0.072845,1.584049,0.325939,0.132282,0.131984,-0.700207,-0.689051,0.051913,1.635176,0.329549,0.116733,0.151793,-0.649785,-0.735603,0.102499,1.493299,0.318037,0.127781,0.07608,-0.647282,-0.747603,0.018805,1.552113,0.320482,0.163305,0.316448,-0.566299,-0.743302,0.056099,1.514163,0.311818,0.203646,0.295424,-0.564404,-0.743439,0.081642,1.473317,0.308645,0.058365,0.314919,-0.606601,-0.727636,0.034359,1.537519,0.317937,0.18858,0.353961,-0.561681,-0.723647,0.003655,1.568999,0.325443,0.163305,0.316448,-0.566299,-0.743302,0.04133,1.591283,0.328568,0.089423,0.179631,-0.654385,-0.729052,0.071391,1.529399,0.320053,0.142748,0.169966,-0.632208,-0.742326,0.08986,1.476007,0.311873,0.127781,0.07608,-0.647282,-0.747603,0.05354,1.566107,0.325944,0.114438,0.196515,-0.643976,-0.730466,0.031152,1.614688,0.332239,0.089423,0.179631,-0.654385,-0.729052,0.170135,1.55015,0.307386,0.198799,-0.55518,-0.40592,-0.698201,0.138189,1.488159,0.303912,0.224235,-0.541587,-0.443612,-0.677946,0.156598,1.517193,0.304592,0.230399,-0.441973,-0.515338,-0.697139,0.186674,1.570113,0.30983,0.198799,-0.55518,-0.40592,-0.698201,153,0.115871,1.444895,0.311801,0.127781,0.07608,-0.647282,-0.747603,23,Nummer5,Static,Right
12,13,0.031269,1.598706,-0.051817,0.986875,0.159553,-0.015602,-0.019426,0.096708,1.61344,0.321748,0.110994,0.084831,-0.679023,-0.720703,0.110684,1.549297,0.31846,0.118239,0.030687,-0.67401,-0.728552,0.125989,1.487324,0.309401,0.126049,0.077036,-0.647041,-0.748007,0.102497,1.588399,0.322051,0.101421,0.058557,-0.708851,-0.695568,0.089999,1.635999,0.324339,0.110994,0.084831,-0.679023,-0.720703,0.062248,1.611103,0.325577,0.115014,0.15299,-0.650177,-0.73528,0.089162,1.541632,0.324493,0.138899,0.118813,-0.684429,-0.705796,0.11028,1.480142,0.310413,0.126049,0.077036,-0.647041,-0.748007,0.072916,1.583995,0.326077,0.130476,0.133058,-0.700625,-0.688765,0.052021,1.635144,0.329589,0.115014,0.15299,-0.650177,-0.73528,0.102487,1.493218,0.318238,0.126049,0.077036,-0.647041,-0.748007,0.018857,1.552159,0.320367,0.161387,0.317851,-0.566929,-0.742642,0.056139,1.514156,0.311883,0.201753,0.296819,-0.565084,-0.742883,0.081635,1.473278,0.308744,0.056554,0.31582,-0.606421,-0.727539,0.034403,1.537542,0.317899,0.18669,0.355318,-0.562396,-0.722916,0.003709,1.569067,0.325254,0.161387,0.317851,-0.566929,-0.742642,0.041409,1.591289,0.328538,0.087569,0.180751,-0.654741,-0.728681,0.071423,1.529359,0.320194,0.140851,0.171161,-0.63293,-0.741798,0.089846,1.475952,0.312005,0.126049,0.077036,-0.647041,-0.748007,0.053598,1.566096,0.325976,0.112583,0.197657,-0.644476,-0.730005,0.031246,1.614707,0.332162,0.087569,0.180751,-0.654741,-0.728681,0.170237,1.549989,0.307943,0.198164,-0.553885,-0.405365,-0.69973,0.138218,1.488048,0.304229,0.2235,-0.540367,-0.443134,-0.679473,0.156657,1.51706,0.305029,0.229277,-0.440813,-0.5147,-0.698713,0.186788,1.56993,0.310487,0.198164,-0.553885,-0.405365,-0.69973,167,0.115813,1.444803,0.311982,0.126049,0.077036,-0.647041,-0.748007,23,Nummer5,Static,Right
13,14,0.03154,1.59887,-0.051608,0.987076,0.15824,-0.014828,-0.02051,0.096812,1.61321,0.321235,0.10887,0.085484,-0.680807,-0.719265,0.110663,1.549027,0.318224,0.116049,0.031321,-0.675538,-0.727461,0.125915,1.487007,0.309397,0.124232,0.077973,-0.648371,-0.747062,0.102546,1.588158,0.321647,0.099243,0.059107,-0.710289,-0.694368,0.090141,1.635794,0.323706,0.10887,0.085484,-0.680807,-0.719265,0.06227,1.610917,0.324816,0.113291,0.154169,-0.65226,-0.733453,0.089103,1.541409,0.324187,0.137037,0.119845,-0.686501,-0.70397,0.11019,1.479851,0.310362,0.124232,0.077973,-0.648371,-0.747062,0.072901,1.583799,0.32549,0.12863,0.134043,-0.702571,-0.686936,0.052052,1.634988,0.328665,0.113291,0.154169,-0.65226,-0.733453,0.102384,1.492959,0.318118,0.124232,0.077973,-0.648371,-0.747062,0.01883,1.552048,0.319627,0.159831,0.319115,-0.569177,-0.740714,0.056094,1.513947,0.311511,0.200154,0.298002,-0.567438,-0.741044,0.081543,1.473024,0.30859,0.055159,0.316837,-0.607751,-0.726092,0.034365,1.537395,0.317308,0.185228,0.356484,-0.564732,-0.720894,0.003683,1.569002,0.32436,0.159831,0.319115,-0.569177,-0.740714,0.041403,1.591173,0.327676,0.085669,0.182034,-0.657181,-0.726387,0.071366,1.52915,0.319845,0.138984,0.172344,-0.635519,-0.73966,0.089744,1.475694,0.311879,0.124232,0.077973,-0.648371,-0.747062,0.053565,1.565947,0.325323,0.110764,0.198878,-0.646984,-0.72773,0.031256,1.614627,0.331111,0.085669,0.182034,-0.657181,-0.726387,0.170278,1.549594,0.307991,0.19603,-0.552868,-0.406138,-0.700687,0.138166,1.487698,0.304275,0.221373,-0.539457,-0.444096,-0.680264,0.156642,1.516687,0.305084,0.226907,-0.439996,-0.515498,-0.699414,0.186851,1.569512,0.310565,0.19603,-0.552868,-0.406138,-0.700687,181,0.115664,1.444508,0.312049,0.124232,0.077973,-0.648371,-0.747062,23,Nummer5,Static,Right
14,15,0.032084,1.59902,-0.051345,0.987344,0.156463,-0.013939,-0.021827,0.096954,1.61279,0.320449,0.104906,0.086739,-0.683864,-0.716799,0.11057,1.548536,0.317903,0.111985,0.032547,-0.678129,-0.725632,0.125734,1.486439,0.309472,0.120909,0.079828,-0.650616,-0.745458,0.102583,1.587718,0.321038,0.095198,0.06016,-0.712635,-0.692438,0.090353,1.635417,0.322711,0.104906,0.086739,-0.683864,-0.716799,0.062248,1.610562,0.323538,0.110108,0.156491,-0.655991,-0.730112,0.088945,1.540999,0.323729,0.133603,0.121893,-0.690194,-0.700661,0.109985,1.479327,0.310345,0.120909,0.079828,-0.650616,-0.745458,0.072818,1.583429,0.324526,0.125229,0.136001,-0.706015,-0.683641,0.052045,1.634685,0.327091,0.110108,0.156491,-0.655991,-0.730112,0.10215,1.492489,0.317981,0.120909,0.079828,-0.650616,-0.745458,0.018738,1.551835,0.318357,0.156852,0.321573,-0.573196,-0.737181,0.055968,1.513563,0.310915,0.197108,0.300316,-0.571645,-0.737686,0.081335,1.472563,0.308377,0.052556,0.318812,-0.609978,-0.72355,0.034251,1.537117,0.316311,0.182419,0.35876,-0.568916,-0.717181,0.003595,1.568868,0.322805,0.156852,0.321573,-0.573196,-0.737181,0.041343,1.590946,0.326178,0.082071,0.18455,-0.66173,-0.722025,0.071211,1.528765,0.319302,0.135486,0.174656,-0.64024,-0.735684,0.089516,1.475228,0.311719,0.120909,0.079828,-0.650616,-0.745458,0.053458,1.565663,0.324217,0.107332,0.201269,-0.651618,-0.72344,0.031228,1.614463,0.329255,0.082071,0.18455,-0.66173,-0.722025,0.1703,1.54889,0.308199,0.19224,-0.550902,-0.407321,-0.702595,0.138027,1.487078,0.304444,0.217664,-0.537657,-0.445769,-0.68179,0.156563,1.516026,0.305284,0.222657,-0.43838,-0.516749,-0.700869,0.186915,1.568766,0.310842,0.19224,-0.550902,-0.407321,-0.702595,195,0.115356,1.443978,0.312233,0.120909,0.079828,-0.650616,-0.745458,23,Nummer5,Static,Right
15,16,0.032253,1.599011,-0.051264,0.987468,0.155639,-0.013198,-0.022563,0.096025,1.612882,0.321604,0.106003,0.088393,-0.682932,-0.717325,0.109889,1.548689,0.318869,0.113214,0.03415,-0.676868,-0.726544,0.125296,1.486686,0.310183,0.122121,0.0814,-0.648901,-0.746584,0.101751,1.58783,0.322133,0.096285,0.061836,-0.711663,-0.693139,0.089335,1.635478,0.323912,0.106003,0.088393,-0.682932,-0.717325,0.06129,1.61049,0.324589,0.111175,0.158467,-0.655118,-0.730307,0.088293,1.541045,0.32466,0.134681,0.123897,-0.689173,-0.701107,0.109573,1.479509,0.311022,0.122121,0.0814,-0.648901,-0.746584,0.071978,1.583402,0.32554,0.126206,0.138058,-0.705168,-0.683923,0.050977,1.634562,0.328168,0.111175,0.158467,-0.655118,-0.730307,0.101686,1.49261,0.31871,0.122121,0.0814,-0.648901,-0.746584,0.018014,1.551627,0.319197,0.157538,0.323675,-0.57175,-0.737237,0.055423,1.513536,0.311725,0.197819,0.302468,-0.570267,-0.737683,0.080949,1.472646,0.309019,0.053227,0.320159,-0.607843,-0.724702,0.033595,1.536983,0.317138,0.183065,0.360844,-0.567336,-0.717224,0.002789,1.568583,0.323658,0.157538,0.323675,-0.57175,-0.737237,0.040458,1.590797,0.327135,0.083029,0.186553,-0.660723,-0.722323,0.070607,1.528761,0.320178,0.136516,0.176663,-0.639221,-0.735901,0.089119,1.475328,0.312373,0.122121,0.0814,-0.648901,-0.746584,0.052686,1.565572,0.325143,0.108291,0.203271,-0.650572,-0.723678,0.030236,1.614264,0.330241,0.083029,0.186553,-0.660723,-0.722323,0.169651,1.549294,0.309281,0.194605,-0.549329,-0.406344,-0.703741,0.137588,1.487391,0.305163,0.220146,-0.535914,-0.445254,-0.682701,0.156008,1.516409,0.306163,0.224552,-0.436611,-0.515512,-0.702279,0.1862,1.569205,0.312053,0.194605,-0.549329,-0.406344,-0.703741,208,0.115079,1.444176,0.31276,0.122121,0.0814,-0.648901,-0.746584,23,Nummer5,Static,Right
16,17,0.032236,1.598889,-0.051203,0.987564,0.155018,-0.012424,-0.023062,0.096361,1.612865,0.320994,0.104638,0.088552,-0.68524,-0.715301,0.110119,1.548637,0.318596,0.111767,0.034246,-0.678627,-0.725121,0.125448,1.486575,0.310172,0.120856,0.081569,-0.650423,-0.745447,0.102042,1.587806,0.321668,0.094859,0.061931,-0.713628,-0.691304,0.089703,1.635485,0.323152,0.104638,0.088552,-0.68524,-0.715301,0.06157,1.61052,0.323737,0.110088,0.159091,-0.657825,-0.727899,0.088496,1.541048,0.324361,0.133445,0.124363,-0.691765,-0.698705,0.109712,1.479427,0.310993,0.120856,0.081569,-0.650423,-0.745447,0.072224,1.583427,0.324905,0.124994,0.138514,-0.707713,-0.68142,0.05127,1.634626,0.327118,0.110088,0.159091,-0.657825,-0.727899,0.101824,1.492571,0.318613,0.120856,0.081569,-0.650423,-0.745447,0.018242,1.551744,0.318555,0.156508,0.324299,-0.574388,-0.735129,0.055613,1.513548,0.311441,0.196785,0.302962,-0.572882,-0.735728,0.081077,1.472607,0.308941,0.052447,0.320455,-0.609438,-0.723287,0.033804,1.537062,0.31664,0.182182,0.361351,-0.569967,-0.715104,0.003029,1.568753,0.322859,0.156508,0.324299,-0.574388,-0.735129,0.040704,1.590901,0.326265,0.081832,0.187345,-0.663601,-0.71961,0.070801,1.528778,0.319878,0.135324,0.177304,-0.64224,-0.733334,0.089244,1.475287,0.312305,0.120856,0.081569,-0.650423,-0.745447,0.052907,1.565646,0.324505,0.107177,0.20398,-0.653508,-0.720994,0.030501,1.614403,0.32916,0.081832,0.187345,-0.663601,-0.71961,0.169944,1.549081,0.309253,0.192463,-0.548778,-0.407041,-0.704357,0.137757,1.487237,0.305186,0.218012,-0.535489,-0.446097,-0.683169,0.156227,1.516224,0.306166,0.222211,-0.436306,-0.516185,-0.702718,0.186524,1.568966,0.31203,0.192463,-0.548778,-0.407041,-0.704357,222,0.115152,1.444095,0.312865,0.120856,0.081569,-0.650423,-0.745447,23,Nummer5,Static,Right
17,18,0.032225,1.598752,-0.051151,0.987625,0.154666,-0.011651,-0.023218,0.095412,1.613244,0.320186,0.105754,0.087833,-0.687672,-0.712888,0.109208,1.549013,0.318159,0.112747,0.03344,-0.680668,-0.723091,0.124589,1.48693,0.31001,0.122153,0.080886,-0.652125,-0.743821,0.101111,1.588195,0.321012,0.095927,0.061246,-0.715775,-0.688995,0.088742,1.635875,0.322192,0.105754,0.087833,-0.687672,-0.712888,0.060554,1.610846,0.322942,0.111648,0.158887,-0.660318,-0.725445,0.087605,1.541428,0.324005,0.13495,0.124063,-0.693879,-0.696368,0.108863,1.479768,0.310902,0.122153,0.080886,-0.652125,-0.743821,0.071259,1.583781,0.32429,0.126506,0.1383,-0.709933,-0.67887,0.050216,1.634959,0.326156,0.111648,0.158887,-0.660318,-0.725445,0.100978,1.492939,0.318474,0.122153,0.080886,-0.652125,-0.743821,0.017322,1.552037,0.318128,0.157943,0.324043,-0.577006,-0.732881,0.054728,1.513826,0.311291,0.198208,0.302526,-0.575387,-0.733568,0.080235,1.472902,0.308945,0.054291,0.319941,-0.611015,-0.722046,0.032898,1.537356,0.316321,0.183794,0.360972,-0.572392,-0.712943,0.002093,1.569065,0.322301,0.157943,0.324043,-0.577006,-0.732881,0.039724,1.591238,0.325543,0.083317,0.187332,-0.666345,-0.716903,0.069915,1.529115,0.319621,0.136823,0.177034,-0.644882,-0.730798,0.088406,1.475609,0.312279,0.122153,0.080886,-0.652125,-0.743821,0.051966,1.56599,0.323975,0.108751,0.203845,-0.656163,-0.718381,0.029486,1.614747,0.328253,0.083317,0.187332,-0.666345,-0.716903,0.169025,1.549481,0.308666,0.191977,-0.549881,-0.408916,-0.702541,0.136885,1.487585,0.30499,0.217638,-0.536632,-0.448021,-0.68113,0.155316,1.516603,0.305768,0.221929,-0.437543,-0.517701,-0.700921,0.185588,1.569399,0.311302,0.191977,-0.549881,-0.408916,-0.702541,237,0.114351,1.444449,0.312943,0.122153,0.080886,-0.652125,-0.743821,23,Nummer5,Static,Right
18,19,0.032726,1.598933,-0.050944,0.987763,0.153809,-0.009899,-0.02387,0.093698,1.613899,0.318758,0.107358,0.086566,-0.692162,-0.708444,0.107529,1.549659,0.317418,0.114106,0.032018,-0.684434,-0.719378,0.123001,1.487549,0.309758,0.124264,0.079863,-0.655191,-0.740881,0.099416,1.588865,0.319867,0.097449,0.060019,-0.719691,-0.684796,0.087016,1.636549,0.320485,0.107358,0.086566,-0.692162,-0.708444,0.058673,1.611392,0.321581,0.114276,0.158801,-0.664756,-0.720988,0.08596,1.542084,0.323398,0.137542,0.123745,-0.69739,-0.692399,0.107293,1.480363,0.310774,0.124264,0.079863,-0.655191,-0.740881,0.069471,1.584382,0.323247,0.129069,0.138163,-0.713791,-0.674355,0.048259,1.635511,0.324489,0.114276,0.158801,-0.664756,-0.720988,0.099414,1.493573,0.318262,0.124264,0.079863,-0.655191,-0.740881,0.015631,1.55255,0.317292,0.160109,0.323969,-0.582188,-0.728331,0.053101,1.514302,0.311033,0.200385,0.302094,-0.580316,-0.729259,0.078684,1.47341,0.308977,0.057392,0.319212,-0.613845,-0.719725,0.031229,1.537867,0.31571,0.186335,0.360633,-0.577168,-0.708591,0.000375,1.569618,0.321192,0.160109,0.323969,-0.582188,-0.728331,0.03791,1.591805,0.324249,0.085767,0.187594,-0.671374,-0.711835,0.068282,1.529696,0.319179,0.139358,0.176805,-0.649588,-0.726192,0.086859,1.476163,0.312262,0.124264,0.079863,-0.655191,-0.740881,0.050224,1.566573,0.323037,0.111392,0.203867,-0.660961,-0.713555,0.027606,1.615323,0.326612,0.085767,0.187594,-0.671374,-0.711835,0.167315,1.550188,0.307569,0.191139,-0.552137,-0.412587,-0.698844,0.135269,1.488197,0.304673,0.217019,-0.538974,-0.451786,-0.676979,0.153619,1.517274,0.305044,0.221439,-0.440095,-0.520578,-0.697338,0.183843,1.570171,0.309921,0.191139,-0.552137,-0.412587,-0.698844,250,0.112869,1.445063,0.313126,0.124264,0.079863,-0.655191,-0.740881,23,Nummer5,Static,Right
19,20,0.032529,1.598796,-0.050886,0.987772,0.153827,-0.008476,-0.023922,0.093934,1.613651,0.318942,0.104389,0.086631,-0.692282,-0.708763,0.107502,1.549353,0.317637,0.111123,0.032156,-0.684726,-0.719561,0.122797,1.487171,0.310131,0.121498,0.08033,-0.656017,-0.740558,0.099542,1.588592,0.320053,0.094485,0.059971,-0.719729,-0.685177,0.08734,1.636328,0.320659,0.104389,0.086631,-0.692282,-0.708763,0.058827,1.611251,0.32135,0.111669,0.159386,-0.666028,-0.720093,0.085879,1.54186,0.323527,0.134719,0.124285,-0.699162,-0.691069,0.107059,1.480042,0.311075,0.121498,0.08033,-0.656017,-0.740558,0.069528,1.584211,0.323139,0.126327,0.138576,-0.715186,-0.67331,0.048475,1.635409,0.324157,0.111669,0.159386,-0.666028,-0.720093,0.099186,1.493297,0.318505,0.121498,0.08033,-0.656017,-0.740558,0.015593,1.552565,0.316969,0.157674,0.325018,-0.584044,-0.726908,0.052979,1.514181,0.311041,0.197879,0.303117,-0.582364,-0.727885,0.078426,1.473197,0.309146,0.05489,0.319738,-0.614931,-0.718759,0.031154,1.537828,0.315523,0.183921,0.361631,-0.579287,-0.706982,0.000367,1.569689,0.320737,0.157674,0.325018,-0.584044,-0.726908,0.037978,1.591758,0.323881,0.08305,0.188413,-0.673145,-0.710267,0.068177,1.529531,0.31924,0.13657,0.177645,-0.651792,-0.72454,0.086596,1.475925,0.312466,0.121498,0.08033,-0.656017,-0.740558,0.050218,1.566482,0.322837,0.108687,0.204684,-0.66297,-0.711873,0.027736,1.615317,0.326103,0.08305,0.188413,-0.673145,-0.710267,0.167467,1.549581,0.308107,0.187799,-0.551521,-0.411955,-0.700606,0.135099,1.48776,0.305118,0.213767,-0.538516,-0.451505,-0.678563,0.153591,1.516746,0.305541,0.217779,-0.439856,-0.52022,-0.698907,0.184092,1.569475,0.310525,0.187799,-0.551521,-0.411955,-0.700606,263,0.112492,1.444734,0.313483,0.121498,0.08033,-0.656017,-0.740558,23,Nummer5,Static,Right
20,21,0.032358,1.598796,-0.050872,0.98775,0.154036,-0.007522,-0.023792,0.094117,1.613426,0.319115,0.101636,0.086678,-0.692308,-0.709132,0.107441,1.549075,0.317835,0.108355,0.032278,-0.684979,-0.719737,0.122576,1.486825,0.310484,0.118956,0.08078,-0.656832,-0.7402,0.099623,1.588344,0.320223,0.091739,0.059914,-0.719691,-0.685594,0.087606,1.636127,0.320829,0.101636,0.086678,-0.692308,-0.709132,0.058931,1.611122,0.321117,0.10929,0.159937,-0.667216,-0.719235,0.085769,1.541659,0.323642,0.132118,0.124805,-0.700886,-0.68973,0.10681,1.479749,0.311359,0.118956,0.08078,-0.656832,-0.7402,0.069545,1.584055,0.323023,0.123813,0.138973,-0.71651,-0.672288,0.048637,1.635315,0.323831,0.10929,0.159937,-0.667216,-0.719235,0.09894,1.493047,0.318733,0.118956,0.08078,-0.656832,-0.7402,0.015524,1.552577,0.316654,0.155469,0.326034,-0.585827,-0.725491,0.052833,1.514071,0.311048,0.195596,0.304109,-0.584347,-0.726498,0.078156,1.473003,0.309309,0.052609,0.320246,-0.615976,-0.717808,0.03105,1.537791,0.315341,0.181728,0.362601,-0.581334,-0.70537,0.000324,1.569751,0.320295,0.155469,0.326034,-0.585827,-0.725491,0.038006,1.591716,0.323515,0.080562,0.189203,-0.674858,-0.708716,0.068046,1.529381,0.319294,0.134004,0.178451,-0.653945,-0.722879,0.086321,1.475708,0.31266,0.118956,0.08078,-0.656832,-0.7402,0.050177,1.5664,0.322635,0.106207,0.205472,-0.66492,-0.710199,0.027819,1.615311,0.325602,0.080562,0.189203,-0.674858,-0.708716,0.167583,1.549017,0.308603,0.184569,-0.550985,-0.411393,-0.702215,0.134908,1.487359,0.305539,0.210635,-0.538133,-0.451293,-0.679986,0.153536,1.516258,0.306003,0.214258,-0.439684,-0.519915,-0.700328,0.184302,1.568826,0.311079,0.184569,-0.550985,-0.411393,-0.702215,276,0.112111,1.444435,0.313823,0.118956,0.08078,-0.656832,-0.7402,23,Nummer5,Static,Right
21,22,0.032263,1.598826,-0.050865,0.987747,0.15414,-0.006833,-0.023447,0.093036,1.614777,0.319107,0.103547,0.086986,-0.692478,-0.708651,0.106562,1.550468,0.317846,0.110271,0.032537,-0.68504,-0.719376,0.121928,1.488273,0.310511,0.121158,0.081238,-0.656826,-0.739798,0.098624,1.589714,0.320225,0.09364,0.060285,-0.71981,-0.68518,0.086456,1.637459,0.320807,0.103547,0.086986,-0.692478,-0.708651,0.057757,1.612299,0.32111,0.111625,0.16094,-0.667804,-0.718106,0.084932,1.542971,0.323704,0.134523,0.125754,-0.700872,-0.689106,0.106193,1.481135,0.311425,0.121158,0.081238,-0.656826,-0.739798,0.068503,1.585288,0.323066,0.126108,0.140063,-0.716892,-0.671226,0.047351,1.636451,0.323766,0.111625,0.16094,-0.667804,-0.718106,0.098285,1.494408,0.318804,0.121158,0.081238,-0.656826,-0.739798,0.014631,1.553633,0.316684,0.157267,0.326859,-0.586377,-0.724288,0.052079,1.515243,0.311203,0.197306,0.304898,-0.585011,-0.725169,0.077561,1.474275,0.30944,0.054815,0.320672,-0.615559,-0.71781,0.030212,1.5389,0.315413,0.18358,0.36336,-0.581712,-0.704187,-0.00063,1.570764,0.320272,0.157267,0.326859,-0.586377,-0.724288,0.036913,1.592816,0.323561,0.082946,0.190232,-0.675094,-0.707941,0.067248,1.53062,0.319404,0.136449,0.179341,-0.654025,-0.722129,0.085721,1.477015,0.312772,0.121158,0.081238,-0.656826,-0.739798,0.049205,1.567557,0.32271,0.10863,0.206436,-0.665023,-0.709457,0.026616,1.616366,0.325612,0.082946,0.190232,-0.675094,-0.707941,0.166706,1.550629,0.308522,0.186126,-0.550889,-0.412357,-0.701314,0.134249,1.488851,0.305541,0.212248,-0.537948,-0.452343,-0.678933,0.152763,1.517823,0.305954,0.215825,-0.439451,-0.520529,-0.699538,0.183357,1.5705,0.310962,0.186126,-0.550889,-0.412357,-0.701314,285,0.111638,1.445845,0.313903,0.121158,0.081238,-0.656826,-0.739798,23,Nummer5,Static,Right
22,23,0.032036,1.598907,-0.050926,0.987848,0.153783,-0.006455,-0.021564,0.092022,1.616022,0.319089,0.105218,0.087263,-0.692702,-0.708152,0.105726,1.551751,0.317855,0.111943,0.032767,-0.685148,-0.719005,0.121303,1.489604,0.310546,0.123127,0.081683,-0.65688,-0.739376,0.097683,1.590976,0.320222,0.095299,0.060615,-0.719976,-0.684747,0.085381,1.638687,0.320773,0.105218,0.087263,-0.692702,-0.708152,0.056646,1.613381,0.321089,0.113734,0.16194,-0.668465,-0.716935,0.084134,1.544181,0.32376,0.136712,0.126676,-0.700885,-0.688493,0.105594,1.48241,0.311494,0.123127,0.081683,-0.65688,-0.739376,0.067515,1.586423,0.323099,0.128181,0.14113,-0.717332,-0.670139,0.046136,1.637494,0.323682,0.113734,0.16194,-0.668465,-0.716935,0.097652,1.495662,0.318876,0.123127,0.081683,-0.65688,-0.739376,0.013785,1.554612,0.316684,0.158841,0.327684,-0.587048,-0.723027,0.051358,1.516325,0.311343,0.198787,0.305688,-0.585803,-0.723791,0.076983,1.475446,0.309568,0.056807,0.321091,-0.615235,-0.717746,0.029414,1.539927,0.315462,0.185218,0.364114,-0.582217,-0.70295,-0.001533,1.571706,0.32021,0.158841,0.327684,-0.587048,-0.723027,0.035876,1.593828,0.323588,0.085113,0.191244,-0.675374,-0.707143,0.066487,1.531762,0.319503,0.138682,0.180215,-0.654141,-0.72138,0.08514,1.478219,0.312882,0.123127,0.081683,-0.65688,-0.739376,0.048281,1.568623,0.322771,0.110838,0.207383,-0.665169,-0.708701,0.025477,1.617336,0.325601,0.085113,0.191244,-0.675374,-0.707143,0.165872,1.552108,0.308456,0.187488,-0.550773,-0.413286,-0.700495,0.133613,1.490221,0.305554,0.213662,-0.537754,-0.453359,-0.677964,0.152023,1.51926,0.305918,0.217189,-0.439218,-0.52113,-0.698814,0.18246,1.572035,0.310862,0.187488,-0.550773,-0.413286,-0.700495,299,0.111171,1.447143,0.313992,0.123127,0.081683,-0.65688,-0.739376,23,Nummer5,Static,Right
23,24,0.031826,1.599093,-0.051021,0.988029,0.152913,-0.006363,-0.019401,0.09266,1.615578,0.320088,0.103921,0.08741,-0.691698,-0.709306,0.106258,1.551287,0.318672,0.110725,0.032953,-0.684203,-0.720083,0.121696,1.489119,0.311264,0.121567,0.081668,-0.656355,-0.740101,0.098276,1.590519,0.321141,0.094057,0.060692,-0.718893,-0.686048,0.086055,1.638249,0.321835,0.103921,0.08741,-0.691698,-0.709306,0.057257,1.613008,0.322021,0.112499,0.162073,-0.667362,-0.718126,0.084637,1.543758,0.324523,0.135461,0.126873,-0.700166,-0.689436,0.105969,1.481961,0.312171,0.121567,0.081668,-0.656355,-0.740101,0.068083,1.586027,0.323949,0.126975,0.141231,-0.716341,-0.671407,0.04678,1.637128,0.324688,0.112499,0.162073,-0.667362,-0.718126,0.098047,1.495216,0.319567,0.121567,0.081668,-0.656355,-0.740101,0.014326,1.554378,0.317317,0.157273,0.32774,-0.586667,-0.723653,0.051815,1.516006,0.311992,0.196973,0.305917,-0.585895,-0.724116,0.077345,1.475069,0.310182,0.055073,0.321042,-0.614962,-0.718137,0.029923,1.539658,0.316095,0.183529,0.364241,-0.582146,-0.703386,-0.00096,1.571496,0.320862,0.157273,0.32774,-0.586667,-0.723653,0.036468,1.593509,0.324342,0.083704,0.191296,-0.674776,-0.707868,0.066967,1.531391,0.32021,0.13716,0.180418,-0.653946,-0.721797,0.085503,1.477815,0.313516,0.121567,0.081668,-0.656355,-0.740101,0.048828,1.568283,0.323493,0.109385,0.207493,-0.664706,-0.709329,0.026108,1.617031,0.326394,0.083704,0.191296,-0.674776,-0.707868,0.166461,1.551503,0.309334,0.186524,-0.550828,-0.411844,-0.701556,0.134015,1.489718,0.306293,0.212889,-0.537816,-0.452339,-0.678838,0.152499,1.518708,0.306715,0.216008,-0.439456,-0.519844,-0.699987,0.183113,1.571369,0.311799,0.186524,-0.550828,-0.411844,-0.701556,315,0.111456,1.446675,0.31461,0.121567,0.081668,-0.656355,-0.740101,23,Nummer5,Static,Right
24,25,0.031588,1.59937,-0.051092,0.988347,0.151117,-0.00587,-0.017279,0.090939,1.615798,0.323042,0.108683,0.088912,-0.689305,-0.710733,0.1051,1.551641,0.321206,0.115685,0.034369,-0.681652,-0.721656,0.121033,1.489668,0.313296,0.12636,0.082885,-0.653255,-0.741903,0.096785,1.590785,0.323947,0.098845,0.062359,-0.71674,-0.687478,0.08414,1.6384,0.324935,0.108683,0.088912,-0.689305,-0.710733,0.055512,1.612879,0.325217,0.11726,0.16377,-0.664042,-0.720054,0.083579,1.543885,0.327128,0.140312,0.128865,-0.696993,-0.691309,0.105375,1.482366,0.314251,0.12636,0.082885,-0.653255,-0.741903,0.066611,1.585993,0.326909,0.131753,0.143309,-0.713103,-0.67349,0.044815,1.636878,0.328089,0.11726,0.16377,-0.664042,-0.720054,0.097385,1.495496,0.321783,0.12636,0.082885,-0.653255,-0.741903,0.013123,1.55394,0.320238,0.160941,0.329285,-0.583113,-0.725017,0.050933,1.515927,0.314598,0.200494,0.307655,-0.582656,-0.725026,0.076809,1.475229,0.312381,0.058883,0.321918,-0.61107,-0.72076,0.028848,1.539369,0.318878,0.187042,0.365854,-0.578349,-0.704755,-0.002302,1.570902,0.323928,0.160941,0.329285,-0.583113,-0.725017,0.034855,1.59316,0.327413,0.088621,0.19342,-0.671664,-0.709649,0.065995,1.531391,0.322832,0.142033,0.182582,-0.651009,-0.722965,0.08496,1.478025,0.315688,0.12636,0.082885,-0.653255,-0.741903,0.04748,1.568074,0.326366,0.114258,0.209619,-0.661393,-0.711031,0.024254,1.616558,0.329639,0.088621,0.19342,-0.671664,-0.709649,0.165267,1.552451,0.311488,0.192455,-0.550759,-0.410946,-0.700536,0.133311,1.490415,0.308248,0.219212,-0.537326,-0.452175,-0.677321,0.151523,1.519577,0.308716,0.221688,-0.438973,-0.518198,-0.699734,0.18178,1.572429,0.313988,0.192455,-0.550759,-0.410946,-0.700536,331,0.111191,1.447107,0.316437,0.12636,0.082885,-0.653255,-0.741903,23,Nummer5,Static,Right
25,26,0.031448,1.599578,-0.05114,0.988532,0.149984,-0.00579,-0.016588,0.091756,1.61525,0.32272,0.107226,0.088297,-0.691218,-0.709172,0.105732,1.551045,0.32117,0.114131,0.033723,-0.683231,-0.720439,0.121432,1.488985,0.313468,0.12457,0.081928,-0.654604,-0.741123,0.097527,1.590224,0.323741,0.097361,0.06168,-0.718373,-0.686044,0.08502,1.63788,0.324493,0.107226,0.088297,-0.691218,-0.709172,0.05636,1.612475,0.324729,0.11565,0.163062,-0.666242,-0.718441,0.084172,1.543391,0.327084,0.13856,0.128062,-0.699355,-0.689423,0.105744,1.481748,0.314422,0.12457,0.081928,-0.654604,-0.741123,0.067357,1.585558,0.326585,0.130095,0.142441,-0.715234,-0.671734,0.045743,1.636527,0.327459,0.11565,0.163062,-0.666242,-0.718441,0.097795,1.494933,0.321902,0.12457,0.081928,-0.654604,-0.741123,0.01378,1.553727,0.319996,0.159283,0.328523,-0.585462,-0.723834,0.051433,1.515525,0.314592,0.198821,0.306802,-0.584962,-0.723991,0.077152,1.474719,0.312531,0.057518,0.321129,-0.612811,-0.719743,0.029443,1.53908,0.31873,0.185503,0.365028,-0.580779,-0.703591,-0.001577,1.570772,0.323582,0.159283,0.328523,-0.585462,-0.723834,0.035605,1.592852,0.326982,0.087094,0.192915,-0.673852,-0.7079,0.066544,1.530954,0.3228,0.140431,0.182017,-0.653421,-0.721242,0.08531,1.477492,0.315841,0.12457,0.081928,-0.654604,-0.741123,0.048147,1.567718,0.326092,0.112771,0.209073,-0.663669,-0.709306,0.025078,1.616297,0.329067,0.087094,0.192915,-0.673852,-0.7079,0.165935,1.551577,0.31157,0.189874,-0.551267,-0.410837,-0.700903,0.133722,1.489667,0.308437,0.216723,-0.537966,-0.452212,-0.67759,0.15205,1.518757,0.308856,0.21912,-0.439773,-0.518309,-0.699959,0.182529,1.57149,0.314047,0.189874,-0.551267,-0.410837,-0.700903,340,0.111417,1.446474,0.316719,0.12457,0.081928,-0.654604,-0.741123,23,Nummer5,Static,Right
26,27,0.031245,1.599865,-0.051181,0.988713,0.148826,-0.005803,-0.016237,0.090167,1.616046,0.322822,0.110876,0.087669,-0.691928,-0.707995,0.104415,1.551901,0.32134,0.11776,0.032971,-0.683551,-0.719586,0.120285,1.489893,0.313565,0.127939,0.080737,-0.654225,-0.741015,0.096054,1.591049,0.32388,0.101024,0.061163,-0.718917,-0.684991,0.08334,1.638652,0.324556,0.110876,0.087669,-0.691928,-0.707995,0.054819,1.613142,0.325111,0.119061,0.16228,-0.666339,-0.71797,0.08292,1.544174,0.327392,0.142081,0.127327,-0.699063,-0.689139,0.104629,1.482602,0.31462,0.127939,0.080737,-0.654225,-0.741015,0.065934,1.586273,0.326947,0.133596,0.141832,-0.715115,-0.671303,0.044123,1.637158,0.327851,0.119061,0.16228,-0.666339,-0.71797,0.09668,1.495761,0.322145,0.127939,0.080737,-0.654225,-0.741015,0.012448,1.554267,0.320673,0.162199,0.327532,-0.585143,-0.723894,0.050201,1.516187,0.315117,0.201866,0.305706,-0.584323,-0.724127,0.07605,1.47547,0.312912,0.060771,0.319944,-0.612215,-0.720511,0.028152,1.539671,0.319347,0.188457,0.364032,-0.580202,-0.703797,-0.002947,1.571268,0.324307,0.162199,0.327532,-0.585143,-0.723894,0.034142,1.593446,0.327541,0.090605,0.192161,-0.673607,-0.707897,0.065309,1.531673,0.323224,0.143956,0.181129,-0.652893,-0.721249,0.084219,1.478274,0.31617,0.127939,0.080737,-0.654225,-0.741015,0.046781,1.568363,0.326599,0.116292,0.208265,-0.66323,-0.709386,0.023532,1.616851,0.329661,0.090605,0.192161,-0.673607,-0.707897,0.164602,1.55262,0.311328,0.192072,-0.553044,-0.411297,-0.698632,0.13254,1.490617,0.308456,0.219081,-0.539632,-0.452709,-0.67517,0.150775,1.519767,0.308721,0.221507,-0.441517,-0.518263,-0.698141,0.181153,1.572585,0.31368,0.192072,-0.553044,-0.411297,-0.698632,354,0.110441,1.447348,0.316897,0.127939,0.080737,-0.654225,-0.741015,23,Nummer5,Static,Right
27,28,0.03107,1.60012,-0.051213,0.988866,0.147784,-0.00579,-0.016473,0.088632,1.616807,0.322913,0.114328,0.087159,-0.692791,-0.706664,0.103146,1.552721,0.321519,0.121188,0.032327,-0.683962,-0.718655,0.11918,1.490765,0.313677,0.131121,0.079652,-0.65387,-0.740889,0.094633,1.591838,0.324018,0.104478,0.060754,-0.719591,-0.6838,0.081717,1.63939,0.324596,0.114328,0.087159,-0.692791,-0.706664,0.053334,1.61378,0.325503,0.122274,0.161618,-0.666484,-0.717445,0.081713,1.544924,0.3277,0.145438,0.126669,-0.698673,-0.688955,0.103555,1.48342,0.314827,0.131121,0.079652,-0.65387,-0.740889,0.064563,1.586957,0.32732,0.136911,0.141316,-0.714991,-0.670876,0.04256,1.637761,0.328246,0.122274,0.161618,-0.666484,-0.717445,0.095606,1.496556,0.322393,0.131121,0.079652,-0.65387,-0.740889,0.011165,1.554781,0.32132,0.164938,0.32669,-0.584917,-0.723838,0.049018,1.516821,0.315628,0.204771,0.304737,-0.583721,-0.724206,0.074992,1.476191,0.31329,0.063847,0.31886,-0.611648,-0.721206,0.026911,1.540235,0.319943,0.191254,0.36317,-0.579691,-0.703909,-0.004267,1.571741,0.324992,0.164938,0.32669,-0.584917,-0.723838,0.032734,1.594012,0.328107,0.093933,0.19148,-0.673315,-0.707926,0.064121,1.532361,0.32364,0.147328,0.180309,-0.652246,-0.721359,0.08317,1.479024,0.316499,0.131121,0.079652,-0.65387,-0.740889,0.045466,1.568979,0.32711,0.119639,0.207527,-0.66272,-0.709522,0.022044,1.617377,0.330263,0.093933,0.19148,-0.673315,-0.707926,0.163325,1.553617,0.311106,0.194113,-0.554768,-0.411791,-0.696406,0.131402,1.491529,0.308495,0.221273,-0.541263,-0.453239,-0.672791,0.149548,1.520736,0.308605,0.223693,-0.443244,-0.518219,-0.69638,0.179833,1.573631,0.313335,0.194113,-0.554768,-0.411791,-0.696406,368,0.1095,1.448187,0.317086,0.131121,0.079652,-0.65387,-0.740889,23,Nummer5,Static,Right
28,29,0.030905,1.600381,-0.0512,0.98903,0.146636,-0.005688,-0.016917,0.089088,1.616762,0.322816,0.111901,0.086642,-0.69503,-0.704914,0.10334,1.552611,0.321799,0.118617,0.031818,-0.686026,-0.717138,0.11908,1.490556,0.314176,0.128401,0.0789,-0.655327,-0.740158,0.094981,1.591775,0.324074,0.101981,0.06017,-0.721708,-0.681995,0.082261,1.639382,0.324355,0.111901,0.086642,-0.69503,-0.704914,0.05381,1.613923,0.325383,0.119717,0.161003,-0.668528,-0.716112,0.08185,1.54494,0.32794,0.142853,0.125868,-0.70056,-0.687726,0.103415,1.483293,0.315305,0.128401,0.0789,-0.655327,-0.740158,0.064903,1.587052,0.327338,0.13438,0.140452,-0.716819,-0.669616,0.043143,1.637965,0.327991,0.119717,0.161003,-0.668528,-0.716112,0.095514,1.496487,0.322812,0.128401,0.0789,-0.655327,-0.740158,0.011379,1.555146,0.321296,0.16276,0.325968,-0.586964,-0.722999,0.049049,1.516967,0.315851,0.202303,0.304093,-0.586187,-0.723178,0.074823,1.4762,0.313707,0.061584,0.318282,-0.613583,-0.720014,0.027054,1.540515,0.320004,0.189159,0.36241,-0.581894,-0.703049,-0.003977,1.572193,0.324879,0.16276,0.325968,-0.586964,-0.722999,0.033115,1.594277,0.328026,0.091421,0.190748,-0.67509,-0.706761,0.064206,1.532454,0.323864,0.144777,0.179573,-0.654157,-0.720328,0.083006,1.479001,0.316932,0.128401,0.0789,-0.655327,-0.740158,0.045725,1.569177,0.327149,0.117169,0.206781,-0.664569,-0.708422,0.022536,1.617702,0.330073,0.091421,0.190748,-0.67509,-0.706761,0.163566,1.553175,0.311475,0.19079,-0.555529,-0.41162,-0.696819,0.131317,1.491247,0.309021,0.218142,-0.542165,-0.453359,-0.673006,0.149609,1.520363,0.309057,0.220439,-0.44436,-0.518379,-0.696587,0.180181,1.573103,0.31367,0.19079,-0.555529,-0.41162,-0.696819,382,0.109178,1.448034,0.317685,0.128401,0.0789,-0.655327,-0.740158,23,Nummer5,Static,Right
29,30,0.030772,1.600992,-0.050974,0.98934,0.144517,-0.005156,-0.017173,0.089689,1.61675,0.322653,0.107975,0.085805,-0.699138,-0.70156,0.103517,1.552499,0.322364,0.114398,0.031011,-0.690001,-0.714038,0.118758,1.490284,0.315121,0.123882,0.077579,-0.657886,-0.738797,0.095408,1.591739,0.324204,0.097903,0.059246,-0.725715,-0.678412,0.083005,1.639429,0.323928,0.107975,0.085805,-0.699138,-0.70156,0.054468,1.61423,0.325243,0.115467,0.159904,-0.672114,-0.713695,0.081933,1.545043,0.328439,0.138544,0.124461,-0.703926,-0.685422,0.103027,1.48316,0.316221,0.123882,0.077579,-0.657886,-0.738797,0.065332,1.587285,0.32744,0.130184,0.138929,-0.720002,-0.667345,0.043982,1.638377,0.327616,0.115467,0.159904,-0.672114,-0.713695,0.09521,1.49645,0.323629,0.123882,0.077579,-0.657886,-0.738797,0.0116,1.555832,0.321367,0.159371,0.324495,-0.590138,-0.721832,0.048955,1.517286,0.316337,0.19814,0.302893,-0.590523,-0.721304,0.074392,1.476292,0.314528,0.057874,0.317259,-0.616942,-0.7179,0.027155,1.541064,0.320205,0.185856,0.360905,-0.58541,-0.701784,-0.003627,1.573021,0.324822,0.159371,0.324495,-0.590138,-0.721832,0.033632,1.5948,0.327981,0.087206,0.189336,-0.678116,-0.704774,0.064204,1.532686,0.324342,0.140462,0.178164,-0.657489,-0.718496,0.082583,1.47904,0.317778,0.123882,0.077579,-0.657886,-0.738797,0.046028,1.569587,0.327309,0.113016,0.205346,-0.667738,-0.706531,0.023246,1.618327,0.329844,0.087206,0.189336,-0.678116,-0.704774,0.163806,1.552513,0.312117,0.185089,-0.557175,-0.411448,-0.697143,0.131016,1.490855,0.310005,0.212882,-0.544014,-0.453802,-0.6729,0.149547,1.519819,0.309876,0.215016,-0.446583,-0.518849,-0.696511,0.180607,1.572295,0.314229,0.185089,-0.557175,-0.411448,-0.697143,395,0.108487,1.447857,0.318819,0.123882,0.077579,-0.657886,-0.738797,23,Nummer5,Static,Right
30,31,0.03081,1.601306,-0.050823,0.989505,0.143353,-0.004765,-0.017508,0.08933,1.617369,0.323506,0.10696,0.085252,-0.697994,-0.70292,0.103011,1.553088,0.323024,0.113435,0.030509,-0.689006,-0.715173,0.118127,1.490853,0.315609,0.122858,0.077157,-0.65683,-0.73995,0.094991,1.592341,0.324977,0.096945,0.058658,-0.724683,-0.679703,0.082697,1.640059,0.324861,0.10696,0.085252,-0.697994,-0.70292,0.054026,1.614894,0.3262,0.114676,0.159756,-0.670764,-0.715125,0.081409,1.54566,0.32907,0.137926,0.124289,-0.702365,-0.687177,0.10238,1.48376,0.316672,0.122858,0.077157,-0.65683,-0.73995,0.064859,1.587926,0.328274,0.129528,0.138745,-0.71857,-0.669052,0.043569,1.639044,0.328671,0.114676,0.159756,-0.670764,-0.715125,0.094581,1.497053,0.324112,0.122858,0.077157,-0.65683,-0.73995,0.011105,1.556626,0.322029,0.158031,0.324105,-0.589247,-0.723029,0.048374,1.518014,0.316872,0.196778,0.302599,-0.5897,-0.722472,0.073722,1.47697,0.314942,0.056503,0.316776,-0.616172,-0.718883,0.026628,1.541828,0.320815,0.184479,0.360564,-0.584584,-0.70301,-0.004083,1.573837,0.325544,0.158031,0.324105,-0.589247,-0.723029,0.033149,1.595485,0.328849,0.086493,0.189081,-0.676666,-0.706322,0.063655,1.533355,0.32493,0.139742,0.178047,-0.656062,-0.719968,0.081918,1.47969,0.318203,0.122858,0.077157,-0.65683,-0.73995,0.045519,1.570263,0.328054,0.112302,0.205134,-0.666176,-0.70818,0.022789,1.619015,0.330817,0.086493,0.189081,-0.676666,-0.706322,0.163463,1.552907,0.312936,0.184224,-0.557075,-0.40878,-0.69902,0.130397,1.491402,0.310516,0.212329,-0.543918,-0.451891,-0.674437,0.149026,1.520303,0.310513,0.213572,-0.446807,-0.516205,-0.698773,0.180354,1.572598,0.315166,0.184224,-0.557075,-0.40878,-0.69902,408,0.107753,1.448447,0.319153,0.122858,0.077157,-0.65683,-0.73995,23,Nummer5,Static,Right
31,32,0.03088,1.601641,-0.050622,0.989676,0.142145,-0.004318,-0.017827,0.088986,1.617938,0.32428,0.106034,0.084724,-0.696958,-0.70415,0.102533,1.553629,0.323631,0.11255,0.030033,-0.688157,-0.71615,0.117535,1.491373,0.316069,0.121931,0.076765,-0.655918,-0.740953,0.094594,1.592893,0.32568,0.096067,0.058101,-0.723774,-0.680842,0.082401,1.640637,0.325707,0.106034,0.084724,-0.696958,-0.70415,0.053598,1.6155,0.327084,0.114004,0.159643,-0.669521,-0.716421,0.080915,1.546227,0.329651,0.137417,0.124153,-0.700909,-0.688788,0.101773,1.48431,0.317099,0.121931,0.076765,-0.655918,-0.740953,0.064405,1.588513,0.329044,0.128983,0.138599,-0.717236,-0.670617,0.043166,1.639651,0.329643,0.114004,0.159643,-0.669521,-0.716421,0.093991,1.497609,0.324564,0.121931,0.076765,-0.655918,-0.740953,0.010637,1.557354,0.322641,0.156853,0.323711,-0.588434,-0.724123,0.047827,1.518681,0.317369,0.195557,0.302303,-0.588985,-0.72351,0.073094,1.477592,0.315335,0.055278,0.316331,-0.615519,-0.719733,0.026131,1.542529,0.321379,0.183266,0.360217,-0.583833,-0.704128,-0.004516,1.574584,0.326212,0.156853,0.323711,-0.588434,-0.724123,0.032686,1.59611,0.329651,0.0859,0.188858,-0.675317,-0.707744,0.063137,1.533969,0.325473,0.139139,0.17795,-0.654747,-0.721305,0.081295,1.480286,0.318605,0.121931,0.076765,-0.655918,-0.740953,0.045035,1.570882,0.328743,0.111712,0.204948,-0.664711,-0.709702,0.022347,1.619641,0.331716,0.0859,0.188858,-0.675317,-0.707744,0.163148,1.553256,0.313702,0.183287,-0.556975,-0.406277,-0.700802,0.129817,1.491901,0.311,0.211718,-0.543825,-0.45016,-0.67586,0.14854,1.520742,0.31111,0.212081,-0.44703,-0.513719,-0.700913,0.180126,1.572859,0.316043,0.183287,-0.556975,-0.406277,-0.700802,418,0.107067,1.44899,0.319477,0.121931,0.076765,-0.655918,-0.740953,23,Nummer5,Static,Right
32,33,0.030976,1.601915,-0.050367,0.989879,0.140743,-0.003915,-0.017777,0.088909,1.617621,0.326099,0.107644,0.084365,-0.69642,-0.704482,0.102566,1.553337,0.325294,0.114236,0.02961,-0.68732,-0.716704,0.117599,1.49113,0.317492,0.123318,0.076036,-0.654665,-0.741906,0.094565,1.592583,0.327437,0.097752,0.057751,-0.722976,-0.68148,0.082288,1.640307,0.327565,0.107644,0.084365,-0.69642,-0.704482,0.053549,1.615132,0.329016,0.115398,0.159159,-0.668489,-0.717269,0.080976,1.545896,0.331366,0.138859,0.123771,-0.699965,-0.689528,0.101849,1.484046,0.318566,0.123318,0.076036,-0.654665,-0.741906,0.064402,1.588158,0.330888,0.130435,0.138238,-0.716251,-0.671462,0.043089,1.639262,0.331657,0.115398,0.159159,-0.668489,-0.717269,0.094087,1.497305,0.326103,0.123318,0.076036,-0.654665,-0.741906,0.010704,1.557017,0.324536,0.157337,0.322921,-0.587471,-0.725151,0.047877,1.518347,0.31912,0.195927,0.301612,-0.588232,-0.724311,0.07318,1.477291,0.316889,0.056261,0.315525,-0.61428,-0.721068,0.026193,1.542192,0.323215,0.183607,0.359527,-0.583075,-0.705019,-0.004441,1.574238,0.328183,0.157337,0.322921,-0.587471,-0.725151,0.032674,1.595723,0.331567,0.087161,0.188417,-0.674558,-0.70843,0.063197,1.53363,0.327214,0.140394,0.177514,-0.653898,-0.721939,0.081389,1.479985,0.32014,0.123318,0.076036,-0.654665,-0.741906,0.045054,1.570513,0.330588,0.112952,0.204515,-0.663894,-0.710395,0.022309,1.619236,0.333695,0.087161,0.188417,-0.674558,-0.70843,0.163044,1.553127,0.315033,0.185792,-0.557977,-0.40585,-0.699592,0.129853,1.491696,0.312363,0.214202,-0.544706,-0.449528,-0.674788,0.148508,1.52058,0.312447,0.214728,-0.447866,-0.513061,-0.700055,0.179982,1.572771,0.31733,0.185792,-0.557977,-0.40585,-0.699592,431,0.107197,1.448714,0.32084,0.123318,0.076036,-0.654665,-0.741906,23,Nummer5,Static,Right
33,34,0.030957,1.602222,-0.05011,0.990056,0.139522,-0.003016,-0.017717,0.088997,1.617836,0.326168,0.106745,0.083799,-0.697378,-0.703737,0.102519,1.553525,0.325486,0.1133,0.029006,-0.687854,-0.716365,0.117397,1.491286,0.317638,0.122293,0.075327,-0.654483,-0.742309,0.0946,1.592791,0.327573,0.096829,0.057167,-0.723918,-0.680661,0.082421,1.640539,0.327576,0.106745,0.083799,-0.697378,-0.703737,0.053664,1.615445,0.329318,0.114372,0.158331,-0.668145,-0.717937,0.08091,1.546133,0.331549,0.137916,0.122905,-0.699501,-0.690342,0.101628,1.484241,0.318704,0.122293,0.075327,-0.654483,-0.742309,0.064446,1.58844,0.331148,0.129484,0.137363,-0.715922,-0.672176,0.043268,1.639598,0.331997,0.114372,0.158331,-0.668145,-0.717937,0.093898,1.497513,0.32625,0.122293,0.075327,-0.654483,-0.742309,0.010698,1.557477,0.324645,0.155978,0.322179,-0.587864,-0.725457,0.047743,1.518678,0.319275,0.194307,0.301002,-0.589047,-0.724339,0.072943,1.477559,0.317017,0.055173,0.314838,-0.614401,-0.721349,0.026139,1.542602,0.323331,0.182211,0.358823,-0.583675,-0.705244,-0.004394,1.574745,0.328292,0.155978,0.322179,-0.587864,-0.725457,0.032735,1.596081,0.331814,0.086218,0.187561,-0.674182,-0.709131,0.0631,1.533916,0.327384,0.139362,0.176759,-0.653725,-0.722481,0.081158,1.480231,0.320271,0.122293,0.075327,-0.654483,-0.742309,0.045052,1.570841,0.330799,0.111951,0.203713,-0.663658,-0.711003,0.022429,1.619616,0.333984,0.086218,0.187561,-0.674182,-0.709131,0.163047,1.553149,0.315136,0.184742,-0.558906,-0.405038,-0.699599,0.129653,1.491825,0.312511,0.213206,-0.545715,-0.448736,-0.674814,0.148399,1.520651,0.312569,0.213657,-0.449014,-0.512317,-0.700192,0.180047,1.57274,0.317413,0.184742,-0.558906,-0.405038,-0.699599,443,0.106887,1.448894,0.320952,0.122293,0.075327,-0.654483,-0.742309,23,Nummer5,Static,Right
34,35,0.031077,1.602471,-0.049877,0.990233,0.138294,-0.002346,-0.017579,0.088229,1.6177,0.327033,0.107927,0.08435,-0.69786,-0.703014,0.101911,1.553422,0.326433,0.114468,0.02951,-0.688209,-0.715817,0.116888,1.491222,0.318495,0.123312,0.075533,-0.653941,-0.742597,0.093896,1.592672,0.328478,0.097968,0.057766,-0.724413,-0.67992,0.081597,1.640389,0.328404,0.107927,0.08435,-0.69786,-0.703014,0.052956,1.615255,0.330417,0.115294,0.158517,-0.66751,-0.718339,0.080322,1.545986,0.332513,0.138886,0.123128,-0.698796,-0.690821,0.101134,1.484147,0.319575,0.123312,0.075533,-0.653941,-0.742597,0.063786,1.588265,0.332198,0.130429,0.137616,-0.715273,-0.672633,0.042523,1.639387,0.333138,0.115294,0.158517,-0.66751,-0.718339,0.093391,1.497395,0.327147,0.123312,0.075533,-0.653941,-0.742597,0.010103,1.557247,0.325599,0.156509,0.322443,-0.587602,-0.725437,0.04719,1.518484,0.32025,0.194651,0.301355,-0.589116,-0.724043,0.072461,1.477413,0.317917,0.056019,0.314985,-0.613696,-0.72182,0.025561,1.542389,0.324287,0.182667,0.359117,-0.583522,-0.705102,-0.00501,1.574496,0.329253,0.156509,0.322443,-0.587602,-0.725437,0.032044,1.595842,0.332872,0.08723,0.187882,-0.673596,-0.709479,0.062529,1.533741,0.328357,0.140355,0.17709,-0.653192,-0.72269,0.080675,1.480096,0.321164,0.123312,0.075533,-0.653941,-0.742597,0.044411,1.570627,0.331819,0.112947,0.204038,-0.663055,-0.711315,0.021693,1.619354,0.335077,0.08723,0.187882,-0.673596,-0.709479,0.162438,1.553168,0.315897,0.185871,-0.55935,-0.405418,-0.698724,0.129135,1.491792,0.313349,0.214265,-0.546142,-0.448928,-0.674005,0.147834,1.520648,0.313363,0.214792,-0.449426,-0.512406,-0.699514,0.179406,1.572793,0.318131,0.185871,-0.55935,-0.405418,-0.698724,456,0.106461,1.448804,0.32178,0.123312,0.075533,-0.653941,-0.742597,23,Nummer5,Static,Right
35,36,0.031129,1.602772,-0.049589,0.99042,0.137063,-0.001357,-0.01672,0.087486,1.617591,0.327849,0.109028,0.084872,-0.698364,-0.70228,0.101317,1.553345,0.32734,0.115548,0.029993,-0.688627,-0.715222,0.116382,1.491179,0.31932,0.124238,0.075707,-0.653449,-0.742858,0.093212,1.592578,0.329337,0.099024,0.058336,-0.724938,-0.679158,0.080801,1.640267,0.329183,0.109028,0.084872,-0.698364,-0.70228,0.052275,1.615098,0.331463,0.116117,0.158666,-0.666955,-0.718689,0.079746,1.545868,0.333437,0.139759,0.123306,-0.69816,-0.691256,0.100641,1.484078,0.320413,0.124238,0.075707,-0.653449,-0.742858,0.063148,1.588123,0.333198,0.13128,0.137821,-0.714688,-0.673047,0.041809,1.639213,0.334221,0.116117,0.158666,-0.666955,-0.718689,0.092888,1.497304,0.328009,0.124238,0.075707,-0.653449,-0.742858,0.00952,1.557056,0.326501,0.156973,0.322716,-0.587441,-0.725346,0.046645,1.518325,0.321184,0.194936,0.301709,-0.589271,-0.723693,0.07198,1.477297,0.318783,0.056789,0.315104,-0.613059,-0.722249,0.024993,1.542213,0.325195,0.183064,0.359415,-0.583469,-0.704892,-0.005611,1.574288,0.330155,0.156973,0.322716,-0.587441,-0.725346,0.031373,1.595639,0.333876,0.088157,0.18819,-0.673103,-0.70975,0.061969,1.533599,0.329288,0.141269,0.177402,-0.652734,-0.722848,0.080193,1.47999,0.322023,0.124238,0.075707,-0.653449,-0.742858,0.043786,1.570449,0.332791,0.113865,0.204345,-0.662531,-0.71157,0.02098,1.61913,0.336109,0.088157,0.18819,-0.673103,-0.70975,0.161843,1.5532,0.316624,0.186906,-0.559798,-0.405814,-0.697859,0.12862,1.491777,0.314156,0.215218,-0.546586,-0.449116,-0.673217,0.147278,1.52066,0.314125,0.215827,-0.449858,-0.512508,-0.698844,0.178779,1.572857,0.318814,0.186906,-0.559798,-0.405814,-0.697859,471,0.10603,1.448739,0.32258,0.124238,0.075707,-0.653449,-0.742858,23,Nummer5,Static,Right
36,37,0.031489,1.603401,-0.049076,0.990827,0.134373,0.000462,-0.014308,0.085961,1.618107,0.327287,0.106613,0.089236,-0.700817,-0.699662,0.099976,1.553901,0.327224,0.11311,0.034334,-0.69074,-0.713377,0.115197,1.491748,0.319484,0.121675,0.079632,-0.654885,-0.741607,0.091743,1.593119,0.328965,0.096389,0.062621,-0.727134,-0.676805,0.079199,1.640771,0.328421,0.106613,0.089236,-0.700817,-0.699662,0.050793,1.615585,0.330682,0.113557,0.162679,-0.668649,-0.716624,0.078358,1.546407,0.33313,0.137043,0.127119,-0.699741,-0.689509,0.099457,1.484626,0.320451,0.121675,0.079632,-0.654885,-0.741607,0.061692,1.588633,0.332604,0.128487,0.14157,-0.71619,-0.671209,0.040261,1.639692,0.333249,0.113557,0.162679,-0.668649,-0.716624,0.09162,1.497849,0.327947,0.121675,0.079632,-0.654885,-0.741607,0.00822,1.557536,0.325283,0.154172,0.326884,-0.590401,-0.721668,0.045416,1.518787,0.320622,0.192147,0.305732,-0.592296,-0.720273,0.07083,1.47779,0.318566,0.054697,0.318979,-0.613973,-0.719929,0.023712,1.542691,0.324242,0.180486,0.363336,-0.586318,-0.701173,-0.006956,1.574786,0.32865,0.154172,0.326884,-0.590401,-0.721668,0.029881,1.596107,0.332793,0.085516,0.192516,-0.675305,-0.706816,0.060639,1.534102,0.328838,0.138795,0.181614,-0.655071,-0.720163,0.079007,1.480503,0.32188,0.121675,0.079632,-0.654885,-0.741607,0.042351,1.570935,0.331964,0.111399,0.208565,-0.664642,-0.708761,0.019423,1.619591,0.334785,0.085516,0.192516,-0.675305,-0.706816,0.160603,1.55384,0.31675,0.184601,-0.557843,-0.408857,-0.698262,0.127475,1.492361,0.31442,0.21268,-0.544802,-0.451974,-0.673557,0.1461,1.521265,0.314345,0.213447,-0.447932,-0.515482,-0.698625,0.177494,1.573537,0.318931,0.184601,-0.557843,-0.408857,-0.698262,486,0.104882,1.44929,0.322763,0.121675,0.079632,-0.654885,-0.741607,23,Nummer5,Static,Right
37,38,0.031629,1.603591,-0.04888,0.991026,0.13306,0.001886,-0.012629,0.085246,1.61835,0.327053,0.105534,0.091237,-0.70193,-0.69845,0.099346,1.554163,0.327192,0.112026,0.036323,-0.691681,-0.712536,0.114636,1.492017,0.319578,0.120508,0.081406,-0.655533,-0.741032,0.091053,1.593374,0.328817,0.095212,0.064585,-0.728115,-0.675731,0.078448,1.641007,0.328095,0.105534,0.091237,-0.70193,-0.69845,0.050099,1.615815,0.33034,0.112392,0.164515,-0.669462,-0.715628,0.077706,1.546662,0.333011,0.13581,0.128861,-0.70049,-0.688668,0.098896,1.484885,0.320488,0.120508,0.081406,-0.655533,-0.741032,0.061011,1.588874,0.332349,0.127221,0.143281,-0.716895,-0.670333,0.039538,1.639918,0.332817,0.112392,0.164515,-0.669462,-0.715628,0.091022,1.498106,0.327939,0.120508,0.081406,-0.655533,-0.741032,0.007614,1.557765,0.324741,0.152839,0.328805,-0.59185,-0.719889,0.044837,1.519008,0.320388,0.19085,0.307569,-0.593721,-0.718661,0.070286,1.478024,0.318489,0.053746,0.320728,-0.614386,-0.718871,0.023112,1.542919,0.323825,0.179279,0.365131,-0.58768,-0.699408,-0.007582,1.575025,0.327971,0.152839,0.328805,-0.59185,-0.719889,0.029185,1.596329,0.332304,0.084292,0.194514,-0.676415,-0.705353,0.060015,1.534341,0.328654,0.137659,0.183549,-0.656214,-0.718849,0.078447,1.480746,0.321836,0.120508,0.081406,-0.655533,-0.741032,0.04168,1.571166,0.331598,0.110268,0.210508,-0.665685,-0.707383,0.018698,1.61981,0.334177,0.084292,0.194514,-0.676415,-0.705353,0.160017,1.554142,0.316802,0.183536,-0.557063,-0.41029,-0.698325,0.12693,1.492638,0.314558,0.211514,-0.544099,-0.453307,-0.673595,0.145541,1.521551,0.314453,0.21238,-0.447166,-0.516886,-0.698403,0.176888,1.573858,0.318971,0.183536,-0.557063,-0.41029,-0.698325,500,0.104337,1.449551,0.322868,0.120508,0.081406,-0.655533,-0.741032,23,Nummer5,Static,Right
38,39,0.031596,1.603688,-0.048748,0.991148,0.132212,0.003112,-0.011702,0.085307,1.618108,0.327385,0.105751,0.092201,-0.703661,-0.696547,0.099515,1.553948,0.327826,0.112169,0.037232,-0.693135,-0.711053,0.11484,1.491823,0.320153,0.120478,0.081864,-0.655194,-0.741286,0.091154,1.593151,0.329284,0.095317,0.065582,-0.729826,-0.673771,0.078468,1.640758,0.328303,0.105751,0.092201,-0.703661,-0.696547,0.050266,1.615576,0.330818,0.112061,0.164999,-0.670032,-0.715035,0.077877,1.54643,0.333624,0.135431,0.129306,-0.701035,-0.688105,0.099104,1.484681,0.321052,0.120478,0.081864,-0.655194,-0.741286,0.061178,1.58864,0.332882,0.126829,0.143729,-0.717468,-0.669699,0.039698,1.639681,0.333246,0.112061,0.164999,-0.670032,-0.715035,0.091222,1.497887,0.328514,0.120478,0.081864,-0.655194,-0.741286,0.007816,1.557535,0.325315,0.15233,0.329064,-0.59172,-0.719986,0.045031,1.51877,0.320955,0.190422,0.307807,-0.593485,-0.718867,0.070503,1.477803,0.319033,0.053608,0.321137,-0.613972,-0.719052,0.023309,1.542684,0.324401,0.178772,0.365387,-0.587554,-0.699509,-0.007376,1.574798,0.328545,0.15233,0.329064,-0.59172,-0.719986,0.029345,1.596083,0.33287,0.084005,0.194979,-0.676493,-0.705183,0.060194,1.534104,0.329245,0.137442,0.18399,-0.656152,-0.718833,0.078661,1.480525,0.322387,0.120478,0.081864,-0.655194,-0.741286,0.041847,1.570922,0.332183,0.109988,0.210971,-0.665777,-0.707202,0.018851,1.619562,0.334728,0.084005,0.194979,-0.676493,-0.705183,0.160169,1.553992,0.317353,0.183895,-0.55713,-0.41046,-0.698077,0.127134,1.49246,0.315134,0.211866,-0.544129,-0.453418,-0.673386,0.145726,1.521385,0.315019,0.212874,-0.44714,-0.517122,-0.698094,0.177026,1.57372,0.319511,0.183895,-0.55713,-0.41046,-0.698077,516,0.104567,1.449343,0.323405,0.120478,0.081864,-0.655194,-0.741286,23,Nummer5,Static,Right
39,40,0.031575,1.604016,-0.048454,0.991384,0.13049,0.004456,-0.010528,0.081889,1.617194,0.326804,0.1125,0.095536,-0.70667,-0.691979,0.097026,1.553255,0.327838,0.118772,0.040367,-0.696107,-0.706893,0.113099,1.491286,0.320451,0.126891,0.08396,-0.656542,-0.738784,0.088104,1.592346,0.328945,0.10183,0.069173,-0.732719,-0.669305,0.074724,1.639752,0.327493,0.1125,0.095536,-0.70667,-0.691979,0.046942,1.614215,0.330154,0.118602,0.16832,-0.673423,-0.710002,0.075511,1.545499,0.333779,0.141634,0.132664,-0.704234,-0.682931,0.097458,1.483952,0.321466,0.126891,0.08396,-0.656542,-0.738784,0.058228,1.587461,0.332549,0.132957,0.147318,-0.720695,-0.664243,0.036045,1.638202,0.332286,0.118602,0.16832,-0.673423,-0.710002,0.089446,1.497099,0.328889,0.126891,0.08396,-0.656542,-0.738784,0.005311,1.555715,0.325595,0.158278,0.331055,-0.592802,-0.716894,0.04296,1.517352,0.321422,0.196703,0.309446,-0.593945,-0.716087,0.06894,1.476699,0.31962,0.060485,0.323211,-0.613898,-0.717639,0.02097,1.541034,0.324767,0.184857,0.367212,-0.588103,-0.696505,-0.010067,1.572835,0.328706,0.158278,0.331055,-0.592802,-0.716894,0.026362,1.594556,0.332528,0.089903,0.198114,-0.679653,-0.700529,0.057966,1.532925,0.329553,0.143555,0.186564,-0.658821,-0.714522,0.077077,1.479544,0.32292,0.126891,0.08396,-0.656542,-0.738784,0.03917,1.569544,0.332122,0.11606,0.21384,-0.668629,-0.702665,0.015587,1.617928,0.334105,0.089903,0.198114,-0.679653,-0.700529,0.157628,1.554006,0.31704,0.187516,-0.556903,-0.415507,-0.694299,0.125358,1.492052,0.315368,0.215596,-0.543617,-0.45843,-0.66921,0.143579,1.521209,0.314977,0.21714,-0.446324,-0.521474,-0.694053,0.174253,1.573952,0.318994,0.187516,-0.556903,-0.415507,-0.694299,533,0.103381,1.448698,0.324,0.126891,0.08396,-0.656542,-0.738784,23,Nummer5,Static,Right
40,41,0.031626,1.604274,-0.048333,0.991497,0.129653,0.004769,-0.010072,0.082655,1.617237,0.327505,0.110513,0.093617,-0.706219,-0.693021,0.097434,1.553212,0.32841,0.116795,0.03849,-0.69554,-0.707885,0.113108,1.491166,0.320851,0.124536,0.081935,-0.65582,-0.740053,0.088731,1.59235,0.329593,0.099941,0.067168,-0.732191,-0.670371,0.075617,1.639833,0.328241,0.110513,0.093617,-0.706219,-0.693021,0.047712,1.614469,0.330842,0.116301,0.16646,-0.673323,-0.710916,0.075871,1.545577,0.334338,0.139471,0.130714,-0.703972,-0.684022,0.097422,1.483928,0.321854,0.124536,0.081935,-0.65582,-0.740053,0.058838,1.587643,0.333188,0.130831,0.145314,-0.720513,-0.665303,0.036957,1.638516,0.333013,0.116301,0.16646,-0.673323,-0.710916,0.089498,1.497102,0.329317,0.124536,0.081935,-0.65582,-0.740053,0.005763,1.556289,0.326172,0.155376,0.329143,-0.593122,-0.718144,0.043139,1.51767,0.321917,0.193771,0.307601,-0.594282,-0.717401,0.06886,1.476858,0.320001,0.057878,0.321236,-0.613972,-0.718677,0.021318,1.5415,0.325309,0.181972,0.365353,-0.588598,-0.697822,-0.009494,1.57351,0.329323,0.155376,0.329143,-0.593122,-0.718144,0.027021,1.594942,0.333208,0.08756,0.196095,-0.679469,-0.701571,0.058246,1.533126,0.330084,0.141193,0.184664,-0.65855,-0.715735,0.077017,1.479642,0.323306,0.124536,0.081935,-0.65582,-0.740053,0.039675,1.569853,0.332741,0.11371,0.211875,-0.668437,-0.703826,0.016389,1.618376,0.334838,0.08756,0.196095,-0.679469,-0.701571,0.158047,1.553608,0.317524,0.185798,-0.558538,-0.412492,-0.695244,0.125368,1.49187,0.31576,0.214274,-0.54524,-0.455965,-0.669998,0.143771,1.520913,0.315403,0.215511,-0.448222,-0.519056,-0.69515,0.174822,1.573425,0.319511,0.185798,-0.558538,-0.412492,-0.695244,541,0.103124,1.448628,0.324297,0.124536,0.081935,-0.65582,-0.740053,23,Nummer5,Static,Right
41,42,0.031784,1.604362,-0.048228,0.99163,0.128641,0.005093,-0.009824,0.082108,1.616655,0.328409,0.112006,0.093978,-0.705763,-0.693197,0.097056,1.552669,0.329241,0.11832,0.038822,-0.695108,-0.708038,0.112823,1.490677,0.321439,0.125815,0.081883,-0.654374,-0.741121,0.088253,1.591783,0.33047,0.101433,0.067583,-0.731805,-0.670526,0.075012,1.639232,0.329173,0.112006,0.093978,-0.705763,-0.693197,0.047155,1.613783,0.3317,0.117647,0.167149,-0.673038,-0.710803,0.075521,1.544975,0.335193,0.140756,0.131486,-0.703859,-0.683726,0.097153,1.483407,0.322455,0.125815,0.081883,-0.654374,-0.741121,0.058363,1.58699,0.334039,0.132121,0.146097,-0.720274,-0.665136,0.036331,1.637798,0.33388,0.117647,0.167149,-0.673038,-0.710803,0.089223,1.496542,0.32998,0.125815,0.081883,-0.654374,-0.741121,0.005387,1.555592,0.327293,0.15618,0.328806,-0.59111,-0.719781,0.042811,1.517051,0.322755,0.194628,0.307347,-0.592209,-0.71899,0.0686,1.476291,0.320644,0.058693,0.32106,-0.612423,-0.72001,0.020962,1.540831,0.326317,0.182701,0.365089,-0.586507,-0.699529,-0.009888,1.572774,0.330564,0.15618,0.328806,-0.59111,-0.719781,0.026539,1.594243,0.334187,0.088686,0.196533,-0.678734,-0.702019,0.057908,1.532506,0.330939,0.142342,0.185098,-0.657753,-0.716128,0.076759,1.479079,0.32394,0.125815,0.081883,-0.654374,-0.741121,0.039252,1.569185,0.333669,0.114841,0.212305,-0.66761,-0.704297,0.015853,1.61765,0.335861,0.088686,0.196533,-0.678734,-0.702019,0.15768,1.553194,0.318238,0.18737,-0.558838,-0.410822,-0.69557,0.12507,1.491421,0.316321,0.216339,-0.54527,-0.455123,-0.669882,0.143418,1.520499,0.316014,0.217128,-0.448365,-0.517559,-0.69567,0.17446,1.573,0.320276,0.18737,-0.558838,-0.410822,-0.69557,555,0.102924,1.448109,0.324768,0.125815,0.081883,-0.654374,-0.741121,23,Nummer5,Static,Right
42,43,0.031943,1.604369,-0.048147,0.991733,0.127823,0.005364,-0.009865,0.081536,1.616108,0.329239,0.11344,0.094405,-0.705498,-0.693175,0.096655,1.552162,0.330036,0.119773,0.039219,-0.69487,-0.708006,0.112517,1.490222,0.322012,0.127041,0.081887,-0.653041,-0.742086,0.087751,1.591252,0.331289,0.102853,0.068064,-0.731613,-0.670471,0.074382,1.638666,0.330017,0.11344,0.094405,-0.705498,-0.693175,0.046563,1.613126,0.332452,0.118983,0.168002,-0.673015,-0.710401,0.075146,1.544411,0.336009,0.141998,0.132419,-0.704049,-0.683094,0.096862,1.482921,0.323039,0.127041,0.081887,-0.653041,-0.742086,0.057856,1.586371,0.334809,0.133373,0.147037,-0.720299,-0.664651,0.035665,1.637108,0.334619,0.118983,0.168002,-0.673015,-0.710401,0.088924,1.496019,0.330621,0.127041,0.081887,-0.653041,-0.742086,0.004986,1.554923,0.328376,0.157031,0.328487,-0.589102,-0.721385,0.04246,1.516465,0.323555,0.195538,0.307105,-0.590126,-0.720557,0.068318,1.475759,0.321266,0.059493,0.320946,-0.610977,-0.721222,0.020583,1.540194,0.327287,0.183484,0.364839,-0.584402,-0.701214,-0.010307,1.572067,0.331767,0.157031,0.328487,-0.589102,-0.721385,0.026026,1.593579,0.335081,0.089781,0.197106,-0.678203,-0.702232,0.057547,1.531923,0.331754,0.14346,0.185654,-0.657179,-0.716288,0.076479,1.478552,0.324554,0.127041,0.081887,-0.653041,-0.742086,0.038802,1.568554,0.334529,0.115947,0.212863,-0.66699,-0.704536,0.015284,1.616957,0.33678,0.089781,0.197106,-0.678203,-0.702232,0.157298,1.552809,0.318945,0.188781,-0.559048,-0.409148,-0.696007,0.124751,1.491004,0.31687,0.218286,-0.545199,-0.454369,-0.66982,0.143044,1.520118,0.316616,0.218572,-0.448424,-0.516081,-0.696278,0.174086,1.572603,0.321039,0.188781,-0.559048,-0.409148,-0.696007,568,0.102702,1.447626,0.325233,0.127041,0.081887,-0.653041,-0.742086,23,Nummer5,Static,Right
43,44,0.031982,1.604501,-0.048146,0.991755,0.127642,0.005362,-0.010096,0.08218,1.615793,0.329458,0.111106,0.095029,-0.705351,-0.693618,0.09714,1.551808,0.330198,0.117509,0.039873,-0.694528,-0.708684,0.112832,1.48984,0.322096,0.124529,0.082401,-0.652626,-0.742821,0.088326,1.590918,0.331485,0.100544,0.068576,-0.731244,-0.671171,0.075078,1.638367,0.33024,0.111106,0.095029,-0.705351,-0.693618,0.04715,1.612888,0.332471,0.116701,0.16897,-0.673098,-0.710471,0.075584,1.544113,0.336072,0.139724,0.133295,-0.704118,-0.683321,0.09715,1.482586,0.323051,0.124529,0.082401,-0.652626,-0.742821,0.058381,1.586108,0.334842,0.131091,0.147838,-0.720297,-0.66493,0.03629,1.63689,0.334613,0.116701,0.16897,-0.673098,-0.710471,0.089228,1.495689,0.330634,0.124529,0.082401,-0.652626,-0.742821,0.005489,1.554872,0.328151,0.154251,0.329234,-0.589499,-0.72132,0.042857,1.516298,0.323433,0.192837,0.307846,-0.590471,-0.720687,0.068595,1.475515,0.321157,0.056841,0.321415,-0.610835,-0.721348,0.021042,1.540092,0.32711,0.180731,0.365563,-0.584915,-0.701124,-0.00976,1.572062,0.331496,0.154251,0.329234,-0.589499,-0.72132,0.026564,1.593415,0.334943,0.087322,0.198014,-0.678492,-0.702007,0.057962,1.531691,0.331723,0.141057,0.186624,-0.657522,-0.716198,0.076752,1.478275,0.324482,0.124529,0.082401,-0.652626,-0.742821,0.039287,1.568362,0.334432,0.113551,0.213774,-0.667232,-0.704421,0.015868,1.616818,0.336601,0.087322,0.198014,-0.678492,-0.702007,0.157815,1.552299,0.319296,0.187505,-0.558381,-0.407772,-0.697692,0.125084,1.490598,0.316995,0.217112,-0.544569,-0.453351,-0.671401,0.143459,1.519661,0.316852,0.217023,-0.447894,-0.51497,-0.697924,0.174663,1.572031,0.321488,0.187505,-0.558381,-0.407772,-0.697692,583,0.102873,1.447264,0.325195,0.124529,0.082401,-0.652626,-0.742821,23,Nummer5,Static,Right
44,45,0.032163,1.604825,-0.047865,0.991879,0.126696,0.005281,-0.00979,0.083143,1.615206,0.329973,0.107136,0.096343,-0.704908,-0.69451,0.097857,1.551162,0.330563,0.113699,0.041231,-0.693674,-0.710063,0.113272,1.489152,0.322318,0.12021,0.083454,-0.651868,-0.744079,0.089181,1.590299,0.331936,0.096641,0.069679,-0.730288,-0.672671,0.07612,1.637804,0.33077,0.107136,0.096343,-0.704908,-0.69451,0.047995,1.612417,0.332623,0.112926,0.17097,-0.673048,-0.71065,0.076221,1.543558,0.336262,0.135987,0.135139,-0.704004,-0.68383,0.097548,1.481976,0.323148,0.12021,0.083454,-0.651868,-0.744079,0.059138,1.585601,0.335001,0.127337,0.149548,-0.720028,-0.665568,0.037183,1.636444,0.334729,0.112926,0.17097,-0.673048,-0.71065,0.08965,1.495083,0.330734,0.12021,0.083454,-0.651868,-0.744079,0.006239,1.554726,0.327784,0.149392,0.330882,-0.590417,-0.720837,0.043437,1.515962,0.323296,0.188159,0.309448,-0.591238,-0.720608,0.068976,1.475053,0.321042,0.052274,0.322375,-0.610512,-0.721538,0.021719,1.539863,0.326849,0.17593,0.367152,-0.586034,-0.70058,-0.008945,1.571995,0.331028,0.149392,0.330882,-0.590417,-0.720837,0.027337,1.593067,0.334744,0.083184,0.199979,-0.679103,-0.701362,0.058565,1.531244,0.331746,0.137032,0.188678,-0.658225,-0.715795,0.077125,1.477758,0.324432,0.12021,0.083454,-0.651868,-0.744079,0.039985,1.567974,0.334315,0.109553,0.215723,-0.667694,-0.704022,0.016703,1.616504,0.336315,0.083184,0.199979,-0.679103,-0.701362,0.158565,1.551412,0.319976,0.185562,-0.557116,-0.405648,-0.700456,0.125555,1.489874,0.317288,0.215263,-0.543388,-0.45172,-0.674048,0.144056,1.518857,0.317334,0.214562,-0.446862,-0.513184,-0.700657,0.175501,1.57105,0.322333,0.185562,-0.557116,-0.405648,-0.700456,597,0.103078,1.446609,0.325206,0.12021,0.083454,-0.651868,-0.744079,23,Nummer5,Static,Right
45,46,0.032235,1.604863,-0.047891,0.991862,0.126828,0.004842,-0.010045,0.083374,1.614546,0.330906,0.106917,0.094765,-0.705446,-0.694215,0.097922,1.550465,0.331522,0.113452,0.03961,-0.693815,-0.710057,0.113086,1.488427,0.323006,0.119578,0.08142,-0.650448,-0.745647,0.089351,1.589626,0.33289,0.096461,0.068087,-0.730731,-0.672378,0.076411,1.637163,0.331682,0.106917,0.094765,-0.705446,-0.694215,0.048258,1.611873,0.333785,0.112271,0.169372,-0.672782,-0.711389,0.076275,1.542921,0.337253,0.13549,0.133483,-0.703435,-0.684839,0.097336,1.481307,0.323851,0.119578,0.08142,-0.650448,-0.745647,0.059321,1.58502,0.336106,0.126831,0.147911,-0.719685,-0.6664,0.037526,1.635932,0.335939,0.112271,0.169372,-0.672782,-0.711389,0.089507,1.494418,0.331505,0.119578,0.08142,-0.650448,-0.745647,0.006285,1.554349,0.329085,0.148665,0.329007,-0.588891,-0.723091,0.043351,1.515497,0.324276,0.187446,0.307683,-0.589668,-0.722833,0.068731,1.474502,0.321796,0.051176,0.32032,-0.609677,-0.723236,0.021718,1.539445,0.32802,0.175136,0.365386,-0.584561,-0.702929,-0.008835,1.571646,0.332469,0.148665,0.329007,-0.588891,-0.723091,0.027527,1.592593,0.33608,0.082641,0.198161,-0.678032,-0.702976,0.05856,1.53069,0.332741,0.136547,0.186935,-0.65679,-0.717661,0.076899,1.477163,0.325173,0.119578,0.08142,-0.650448,-0.745647,0.040097,1.567464,0.335519,0.108989,0.213953,-0.666523,-0.705757,0.016969,1.616056,0.337763,0.082641,0.198161,-0.678032,-0.702976,0.158679,1.550485,0.320831,0.185199,-0.558579,-0.402021,-0.701477,0.125359,1.48912,0.317949,0.215496,-0.54471,-0.44904,-0.674697,0.143979,1.518027,0.318063,0.214152,-0.448516,-0.510005,-0.702045,0.175739,1.570007,0.323252,0.185199,-0.558579,-0.402021,-0.701477,611,0.102738,1.445915,0.325757,0.119578,0.08142,-0.650448,-0.745647,23,Nummer5,Static,Right
46,47,0.032312,1.604853,-0.047978,0.991826,0.12712,0.003892,-0.010302,0.083416,1.61452,0.331,0.106137,0.0941,-0.706258,-0.6936,0.097831,1.550411,0.331705,0.112651,0.038915,-0.694259,-0.709789,0.112805,1.488353,0.323017,0.118529,0.080433,-0.649574,-0.746683,0.089341,1.589591,0.333028,0.09569,0.067385,-0.731372,-0.671862,0.076499,1.637153,0.331728,0.106137,0.0941,-0.706258,-0.6936,0.048329,1.611944,0.334002,0.111166,0.168645,-0.67279,-0.711727,0.076164,1.542916,0.337427,0.134443,0.132716,-0.703406,-0.685224,0.097035,1.481277,0.323853,0.118529,0.080433,-0.649574,-0.746683,0.059321,1.585059,0.336302,0.125819,0.147102,-0.719598,-0.666865,0.037659,1.636029,0.336168,0.111166,0.168645,-0.67279,-0.711727,0.08925,1.494389,0.331547,0.118529,0.080433,-0.649574,-0.746683,0.006183,1.554549,0.329342,0.147569,0.328249,-0.588195,-0.724226,0.043154,1.515623,0.324395,0.18635,0.306995,-0.588971,-0.723976,0.068411,1.47456,0.321796,0.049841,0.319309,-0.609201,-0.724177,0.02158,1.539612,0.32822,0.174032,0.364668,-0.58388,-0.704141,-0.008894,1.571872,0.332786,0.147569,0.328249,-0.588195,-0.724226,0.027514,1.592711,0.336395,0.081761,0.197394,-0.677345,-0.703957,0.058411,1.53075,0.332892,0.135632,0.186269,-0.656144,-0.718598,0.076588,1.477188,0.325176,0.118529,0.080433,-0.649574,-0.746683,0.04003,1.567557,0.33576,0.108109,0.213219,-0.665768,-0.706826,0.017007,1.616193,0.338141,0.081761,0.197394,-0.677345,-0.703957,0.15861,1.550271,0.320913,0.184639,-0.559575,-0.399982,-0.701997,0.125076,1.489025,0.317951,0.215249,-0.545658,-0.447463,-0.675058,0.143784,1.517875,0.318091,0.213609,-0.449651,-0.508269,-0.702743,0.175752,1.569719,0.323359,0.184639,-0.559575,-0.399982,-0.701997,628,0.102336,1.445862,0.325667,0.118529,0.080433,-0.649574,-0.746683,23,Nummer5,Static,Right
47,48,0.032539,1.604924,-0.048002,0.991894,0.126592,0.003268,-0.010528,0.081458,1.613816,0.331848,0.107489,0.095926,-0.708034,-0.691326,0.096164,1.54978,0.332884,0.113942,0.040659,-0.695818,-0.707956,0.111338,1.487783,0.324062,0.119664,0.081531,-0.648568,-0.747257,0.087495,1.588926,0.334022,0.096899,0.069283,-0.733146,-0.669557,0.074435,1.63642,0.33244,0.107489,0.095926,-0.708034,-0.691326,0.046438,1.611122,0.334995,0.112044,0.170381,-0.67345,-0.71055,0.074522,1.542203,0.338592,0.135287,0.134406,-0.703874,-0.684247,0.09559,1.480656,0.324877,0.119664,0.081531,-0.648568,-0.747257,0.057525,1.584282,0.337366,0.126609,0.148832,-0.720106,-0.665783,0.035677,1.635173,0.337082,0.112044,0.170381,-0.67345,-0.71055,0.087759,1.493731,0.332598,0.119664,0.081531,-0.648568,-0.747257,0.004434,1.553565,0.330576,0.149037,0.329721,-0.586464,-0.724661,0.041595,1.514837,0.325503,0.187867,0.308513,-0.587214,-0.724366,0.066981,1.473859,0.322804,0.05066,0.320265,-0.607851,-0.724832,0.019905,1.53871,0.329401,0.175487,0.36613,-0.581898,-0.704662,-0.010725,1.570806,0.33407,0.149037,0.329721,-0.586464,-0.724661,0.025656,1.591821,0.337631,0.082847,0.198978,-0.67662,-0.704081,0.056806,1.529992,0.334032,0.136866,0.187801,-0.655148,-0.718874,0.075151,1.476506,0.326189,0.119664,0.081531,-0.648568,-0.747257,0.038274,1.566718,0.336961,0.109268,0.21476,-0.664804,-0.707089,0.015056,1.615259,0.339395,0.082847,0.198978,-0.67662,-0.704081,0.157123,1.549757,0.322013,0.184921,-0.559716,-0.399129,-0.702295,0.123612,1.488497,0.319008,0.216061,-0.545603,-0.447539,-0.674792,0.142281,1.517372,0.319147,0.213911,-0.44976,-0.507559,-0.703095,0.174281,1.569187,0.324485,0.184921,-0.559716,-0.399129,-0.702295,644,0.100996,1.44526,0.326603,0.119664,0.081531,-0.648568,-0.747257,23,Nummer5,Static,Right
48,49,0.032681,1.604951,-0.048039,0.991921,0.126383,0.00283,-0.010616,0.08157,1.613313,0.332077,0.104824,0.096605,-0.708437,-0.691228,0.096093,1.549236,0.333179,0.11129,0.041391,-0.696126,-0.708033,0.111135,1.487212,0.324326,0.1171,0.082412,-0.648356,-0.74775,0.087527,1.588407,0.334278,0.094213,0.069868,-0.733437,-0.669562,0.074608,1.635937,0.332635,0.104824,0.096605,-0.708437,-0.691228,0.04652,1.610706,0.335108,0.109378,0.17128,-0.673735,-0.710479,0.074405,1.541711,0.338778,0.132639,0.135183,-0.704059,-0.684423,0.095364,1.480127,0.325059,0.1171,0.082412,-0.648356,-0.74775,0.057525,1.583836,0.337509,0.123939,0.149541,-0.720306,-0.66591,0.035813,1.634785,0.337157,0.109378,0.17128,-0.673735,-0.710479,0.087535,1.493212,0.332765,0.1171,0.082412,-0.648356,-0.74775,0.00439,1.553288,0.330432,0.146375,0.330707,-0.586839,-0.724449,0.041462,1.514456,0.325496,0.185164,0.309546,-0.587737,-0.724197,0.066746,1.473413,0.322847,0.048029,0.321097,-0.607832,-0.724659,0.019824,1.538389,0.329313,0.172835,0.367094,-0.582418,-0.704386,-0.010736,1.570568,0.333874,0.146375,0.330707,-0.586839,-0.724449,0.02567,1.591461,0.33765,0.080173,0.199823,-0.676745,-0.704031,0.056676,1.529556,0.334118,0.134284,0.188716,-0.655228,-0.719049,0.074908,1.476032,0.326273,0.1171,0.082412,-0.648356,-0.74775,0.038226,1.566326,0.33701,0.10664,0.215627,-0.664924,-0.707113,0.015125,1.614926,0.339385,0.080173,0.199823,-0.676745,-0.704031,0.157146,1.549041,0.322543,0.183026,-0.558929,-0.397788,-0.704176,0.123433,1.487901,0.319328,0.214405,-0.544841,-0.446817,-0.676412,0.142189,1.516719,0.319569,0.211797,-0.449124,-0.506626,-0.704812,0.174375,1.568394,0.325118,0.183026,-0.558929,-0.397788,-0.704176,653,0.100664,1.444713,0.326753,0.1171,0.082412,-0.648356,-0.74775,23,Nummer5,Static,Right
49,50,0.032811,1.60495,-0.048118,0.99193,0.126262,0.00269,-0.011243,0.081659,1.61283,0.332343,0.102269,0.0972,-0.708649,-0.69131,0.096002,1.548713,0.333479,0.108754,0.042043,-0.696284,-0.708233,0.110921,1.486664,0.324593,0.114689,0.083274,-0.648137,-0.748218,0.087538,1.587906,0.334556,0.091647,0.070371,-0.73354,-0.669753,0.074757,1.635473,0.33288,0.102269,0.0972,-0.708649,-0.69131,0.046571,1.610302,0.335257,0.106867,0.17213,-0.673909,-0.710492,0.07427,1.541234,0.338973,0.130156,0.135919,-0.704126,-0.684684,0.095129,1.479619,0.325249,0.114689,0.083274,-0.648137,-0.748218,0.057499,1.583402,0.337677,0.121431,0.150213,-0.72039,-0.666129,0.035914,1.634406,0.337277,0.106867,0.17213,-0.673909,-0.710492,0.087301,1.492711,0.332942,0.114689,0.083274,-0.648137,-0.748218,0.004334,1.553021,0.330301,0.143778,0.331644,-0.587263,-0.724198,0.041315,1.514085,0.325508,0.182514,0.310529,-0.588325,-0.723971,0.066505,1.472981,0.322904,0.045552,0.321907,-0.607789,-0.724495,0.019729,1.538079,0.329241,0.170242,0.368011,-0.583001,-0.704057,-0.010759,1.570341,0.333692,0.143778,0.331644,-0.587263,-0.724198,0.025663,1.59111,0.337686,0.077621,0.200629,-0.67688,-0.703958,0.05653,1.529132,0.334218,0.131827,0.189583,-0.655297,-0.719212,0.074658,1.475573,0.326369,0.114689,0.083274,-0.648137,-0.748218,0.038158,1.565944,0.337076,0.104133,0.216452,-0.665053,-0.707113,0.015169,1.6146,0.339393,0.077621,0.200629,-0.67688,-0.703958,0.157138,1.54836,0.323064,0.181267,-0.558172,-0.396501,-0.705957,0.123242,1.48733,0.319647,0.212892,-0.544099,-0.446151,-0.677925,0.142076,1.516096,0.319985,0.209841,-0.448501,-0.505736,-0.706431,0.174433,1.567641,0.325737,0.181267,-0.558172,-0.396501,-0.705957,666,0.100333,1.444188,0.326911,0.114689,0.083274,-0.648137,-0.748218,23,Nummer5,Static,Right
50,51,0.032882,1.604984,-0.04815,0.991936,0.126164,0.002529,-0.011785,0.081729,1.61236,0.332638,0.099794,0.097738,-0.708722,-0.691521,0.095892,1.548203,0.333784,0.106303,0.042641,-0.696334,-0.70852,0.110698,1.486133,0.324864,0.11239,0.084124,-0.647912,-0.748667,0.08753,1.587418,0.334851,0.089169,0.070818,-0.733506,-0.670076,0.074885,1.635021,0.333164,0.099794,0.097738,-0.708722,-0.691521,0.046597,1.609905,0.335435,0.104468,0.172948,-0.674,-0.710563,0.07412,1.540769,0.339177,0.127792,0.136631,-0.704108,-0.685006,0.094887,1.479125,0.325445,0.11239,0.084124,-0.647912,-0.748667,0.057452,1.582976,0.337866,0.119044,0.150862,-0.720389,-0.666415,0.035988,1.634032,0.337431,0.104468,0.172948,-0.674,-0.710563,0.08706,1.492223,0.333127,0.11239,0.084124,-0.647912,-0.748667,0.004267,1.55276,0.330182,0.141226,0.332546,-0.587721,-0.723915,0.041156,1.513718,0.325536,0.179899,0.311477,-0.588961,-0.723701,0.066258,1.472558,0.322974,0.043187,0.322705,-0.607725,-0.724339,0.019624,1.537773,0.329181,0.167689,0.368894,-0.583629,-0.703686,-0.010792,1.570119,0.33352,0.141226,0.332546,-0.587721,-0.723915,0.025637,1.590763,0.337737,0.075158,0.201407,-0.677023,-0.703866,0.056371,1.528716,0.334331,0.129463,0.19042,-0.655356,-0.719366,0.074403,1.475126,0.326476,0.11239,0.084124,-0.647912,-0.748667,0.038074,1.565568,0.337156,0.101715,0.217249,-0.665187,-0.707095,0.015193,1.614278,0.339415,0.075158,0.201407,-0.677023,-0.703866,0.157106,1.547704,0.323579,0.179607,-0.557434,-0.395249,-0.707663,0.12304,1.486778,0.319968,0.211484,-0.543371,-0.445528,-0.679359,0.141946,1.515496,0.320398,0.207999,-0.447886,-0.504876,-0.70798,0.174463,1.566915,0.326348,0.179607,-0.557434,-0.395249,-0.707663,674,0.1,1.443678,0.327077,0.11239,0.084124,-0.647912,-0.748667,23,Nummer5,Static,Right
51,52,0.032929,1.605008,-0.048194,0.99194,0.126093,0.002246,-0.012275,0.080611,1.611956,0.333178,0.099785,0.09898,-0.709294,-0.690759,0.094886,1.547827,0.334465,0.106268,0.043886,-0.696992,-0.707802,0.109774,1.485775,0.325487,0.112249,0.085049,-0.647381,-0.749042,0.086452,1.587029,0.335449,0.08908,0.07208,-0.734155,-0.669243,0.073726,1.634606,0.333654,0.099785,0.09898,-0.709294,-0.690759,0.045526,1.609472,0.336057,0.104174,0.173964,-0.673867,-0.710484,0.073114,1.540362,0.339816,0.127477,0.137639,-0.704,-0.684974,0.093969,1.478752,0.326027,0.112249,0.085049,-0.647381,-0.749042,0.056405,1.582554,0.338494,0.118707,0.151856,-0.720248,-0.666402,0.034889,1.633588,0.338044,0.104174,0.173964,-0.673867,-0.710484,0.086111,1.491839,0.333711,0.112249,0.085049,-0.647381,-0.749042,0.003241,1.552266,0.330849,0.141364,0.333247,-0.586341,-0.724684,0.040195,1.5133,0.326088,0.180016,0.312261,-0.587673,-0.724381,0.065342,1.472169,0.323499,0.042881,0.323541,-0.607047,-0.724553,0.018623,1.537309,0.329801,0.167766,0.369627,-0.582223,-0.704448,-0.011848,1.569589,0.334239,0.141364,0.333247,-0.586341,-0.724684,0.024563,1.590297,0.338452,0.075061,0.202296,-0.676065,-0.704542,0.055384,1.528299,0.334928,0.129389,0.191373,-0.654449,-0.719953,0.07348,1.474739,0.327017,0.112249,0.085049,-0.647381,-0.749042,0.037035,1.565121,0.337821,0.101616,0.21816,-0.664201,-0.707755,0.014086,1.613794,0.340178,0.075061,0.202296,-0.676065,-0.704542,0.156278,1.547302,0.324417,0.178699,-0.556934,-0.393656,-0.709174,0.122129,1.486431,0.320625,0.211231,-0.542692,-0.445228,-0.680176,0.141047,1.51514,0.321124,0.207025,-0.447405,-0.50375,-0.70937,0.17369,1.566451,0.32728,0.178699,-0.556934,-0.393656,-0.709174,688,0.099107,1.443316,0.327606,0.112249,0.085049,-0.647381,-0.749042,23,Nummer5,Static,Right
52,53,0.032949,1.605051,-0.048224,0.991963,0.125878,0.001998,-0.012695,0.079558,1.611555,0.333695,0.099693,0.100195,-0.709853,-0.690023,0.093935,1.547452,0.33512,0.10615,0.045107,-0.697647,-0.707097,0.108896,1.485417,0.326089,0.112028,0.085959,-0.646872,-0.749411,0.085435,1.586642,0.336023,0.088908,0.073312,-0.734793,-0.668431,0.072635,1.634194,0.334121,0.099693,0.100195,-0.709853,-0.690023,0.04452,1.609049,0.336654,0.103801,0.17495,-0.673735,-0.710422,0.072161,1.539961,0.340429,0.127084,0.138615,-0.703894,-0.684959,0.093095,1.47838,0.326587,0.112028,0.085959,-0.646872,-0.749411,0.055418,1.582139,0.339096,0.118293,0.152815,-0.720108,-0.666407,0.033859,1.633154,0.33863,0.103801,0.17495,-0.673735,-0.710422,0.085208,1.491458,0.334271,0.112028,0.085959,-0.646872,-0.749411,0.002271,1.551786,0.331484,0.14143,0.33392,-0.584985,-0.725457,0.039286,1.512892,0.326612,0.180058,0.313018,-0.586415,-0.725063,0.064471,1.471785,0.323999,0.042502,0.324364,-0.606403,-0.724746,0.017677,1.536857,0.33039,0.16777,0.370332,-0.580848,-0.705211,-0.012845,1.569076,0.334927,0.14143,0.33392,-0.584985,-0.725457,0.02355,1.589843,0.339139,0.074888,0.203153,-0.675115,-0.705224,0.054448,1.52789,0.335496,0.129235,0.192297,-0.653555,-0.720546,0.072602,1.474357,0.327533,0.112028,0.085959,-0.646872,-0.749411,0.036053,1.564683,0.338456,0.101439,0.219041,-0.663229,-0.70842,0.013043,1.613322,0.340912,0.074888,0.203153,-0.675115,-0.705224,0.155509,1.54689,0.325241,0.177676,-0.556424,-0.391981,-0.710757,0.121266,1.486079,0.321263,0.210882,-0.542007,-0.444894,-0.681048,0.140199,1.514776,0.321833,0.205932,-0.446926,-0.50257,-0.710825,0.17298,1.565969,0.328203,0.177676,-0.556424,-0.391981,-0.710757,701,0.098254,1.442955,0.328113,0.112028,0.085959,-0.646872,-0.749411,23,Nummer5,Static,Right
53,54,0.032934,1.605018,-0.048226,0.991966,0.125807,0.002185,-0.013089,0.079703,1.611467,0.333314,0.098294,0.100048,-0.710267,-0.689819,0.093938,1.547333,0.33479,0.104743,0.044979,-0.697933,-0.707033,0.108785,1.485265,0.3258,0.110661,0.085952,-0.647155,-0.749371,0.085522,1.586542,0.335662,0.087516,0.07311,-0.735074,-0.668328,0.072829,1.634122,0.333713,0.098294,0.100048,-0.710267,-0.689819,0.044644,1.609034,0.33626,0.102499,0.174875,-0.673957,-0.710419,0.072139,1.53989,0.340061,0.125807,0.138472,-0.703994,-0.685121,0.092968,1.478262,0.326272,0.110661,0.085952,-0.647155,-0.749371,0.055483,1.582101,0.338719,0.116992,0.15266,-0.720337,-0.666426,0.034028,1.633161,0.338222,0.102499,0.174875,-0.673957,-0.710419,0.085095,1.491358,0.333938,0.110661,0.085952,-0.647155,-0.749371,0.002291,1.551862,0.33097,0.140077,0.334019,-0.585742,-0.725063,0.039232,1.512886,0.326191,0.178773,0.313073,-0.587067,-0.72483,0.064336,1.471726,0.323634,0.041227,0.324385,-0.60687,-0.724419,0.017667,1.536899,0.329916,0.166481,0.370396,-0.581615,-0.704851,-0.012793,1.569187,0.334369,0.140077,0.334019,-0.585742,-0.725063,0.023651,1.589878,0.338722,0.073444,0.202936,-0.675453,-0.705114,0.05441,1.527855,0.335099,0.12789,0.192082,-0.653646,-0.720761,0.072465,1.474282,0.327181,0.110661,0.085952,-0.647155,-0.749371,0.036095,1.564688,0.338056,0.100032,0.218827,-0.663518,-0.708415,0.013199,1.613383,0.340475,0.073444,0.202936,-0.675453,-0.705114,0.155562,1.546627,0.324957,0.176066,-0.55668,-0.391375,-0.71129,0.121164,1.485902,0.320995,0.20953,-0.54228,-0.444712,-0.681367,0.140166,1.514554,0.321556,0.204444,-0.44729,-0.502354,-0.711179,0.173093,1.565649,0.327929,0.176066,-0.55668,-0.391375,-0.71129,717,0.098051,1.442826,0.327816,0.110661,0.085952,-0.647155,-0.749371,23,Nummer5,Static,Right
54,55,0.032935,1.60502,-0.048233,0.991957,0.125816,0.00211,-0.013715,0.077508,1.610766,0.332937,0.100548,0.103396,-0.711083,-0.688157,0.092255,1.546753,0.33471,0.106921,0.048335,-0.699457,-0.704976,0.107628,1.484779,0.325919,0.113211,0.089137,-0.64787,-0.747999,0.083522,1.585896,0.335386,0.089597,0.076569,-0.736058,-0.66658,0.070451,1.633365,0.333248,0.100548,0.103396,-0.711083,-0.688157,0.04244,1.608053,0.336029,0.105104,0.178136,-0.673822,-0.709355,0.070507,1.539146,0.339959,0.128282,0.141804,-0.703909,-0.684068,0.091867,1.477649,0.326373,0.113211,0.089137,-0.64787,-0.747999,0.053501,1.581216,0.338543,0.119362,0.156072,-0.720274,-0.665281,0.03162,1.632093,0.337939,0.105104,0.178136,-0.673822,-0.709355,0.083869,1.490706,0.333986,0.113211,0.089137,-0.64787,-0.747999,0.000543,1.550491,0.330704,0.143367,0.337141,-0.585128,-0.723469,0.037847,1.51184,0.326098,0.181909,0.316207,-0.586799,-0.722903,0.063289,1.470879,0.323694,0.044022,0.32747,-0.606519,-0.72316,0.016057,1.535666,0.329716,0.169659,0.373478,-0.580965,-0.703001,-0.014707,1.567683,0.334039,0.143367,0.337141,-0.585128,-0.723469,0.02161,1.588722,0.338543,0.07604,0.206099,-0.675098,-0.704262,0.052886,1.526955,0.334995,0.130667,0.195089,-0.653072,-0.719975,0.071391,1.47351,0.32725,0.113211,0.089137,-0.64787,-0.747999,0.034262,1.563635,0.337918,0.102681,0.221916,-0.663053,-0.707511,0.010963,1.612143,0.340253,0.07604,0.206099,-0.675098,-0.704262,0.154095,1.546413,0.324982,0.17596,-0.555561,-0.39278,-0.711417,0.120015,1.485497,0.321145,0.210422,-0.540746,-0.447964,-0.68018,0.138827,1.514275,0.321622,0.204751,-0.445822,-0.504206,-0.710701,0.171577,1.56548,0.327964,0.17596,-0.555561,-0.39278,-0.711417,729,0.09723,1.442266,0.328014,0.113211,0.089137,-0.64787,-0.747999,23,Nummer5,Static,Right
55,56,0.032833,1.604997,-0.048173,0.991939,0.125973,0.001987,-0.013537,0.077894,1.610842,0.332166,0.098551,0.102293,-0.712228,-0.687426,0.092356,1.54677,0.334105,0.104846,0.047257,-0.700449,-0.704376,0.107466,1.484717,0.325485,0.111142,0.088222,-0.649148,-0.747309,0.083795,1.585952,0.334677,0.087613,0.075392,-0.737003,-0.665933,0.070937,1.633474,0.33241,0.098551,0.102293,-0.712228,-0.687426,0.042795,1.608291,0.335295,0.103284,0.177101,-0.674827,-0.708926,0.070567,1.539271,0.339336,0.126533,0.14063,-0.704607,-0.683916,0.091674,1.477656,0.325941,0.111142,0.088222,-0.649148,-0.747309,0.053739,1.58141,0.337861,0.117615,0.154884,-0.721141,-0.664931,0.032075,1.632379,0.337153,0.103284,0.177101,-0.674827,-0.708926,0.083727,1.490758,0.333515,0.111142,0.088222,-0.649148,-0.747309,0.000697,1.550926,0.329898,0.141389,0.336202,-0.587262,-0.722566,0.037812,1.512071,0.325491,0.179927,0.315191,-0.588881,-0.72215,0.063079,1.470994,0.323239,0.042358,0.326715,-0.608224,-0.722168,0.016137,1.536019,0.328991,0.167784,0.372491,-0.583212,-0.702113,-0.014471,1.568206,0.333147,0.141389,0.336202,-0.587262,-0.722566,0.021902,1.58906,0.337735,0.074062,0.205061,-0.676665,-0.70327,0.052901,1.527144,0.334374,0.128783,0.193992,-0.654335,-0.719463,0.071186,1.473599,0.326802,0.111142,0.088222,-0.649148,-0.747309,0.034439,1.563914,0.337196,0.100773,0.220852,-0.66456,-0.706703,0.011361,1.612535,0.339358,0.074062,0.205061,-0.676665,-0.70327,0.154135,1.5462,0.324282,0.173762,-0.556704,-0.393426,-0.710706,0.119856,1.48538,0.320713,0.208183,-0.542073,-0.448302,-0.67959,0.138772,1.514092,0.321069,0.20286,-0.447174,-0.505063,-0.709785,0.171676,1.565226,0.327173,0.173762,-0.556704,-0.393426,-0.710706,742,0.096888,1.442244,0.327693,0.111142,0.088222,-0.649148,-0.747309,23,Nummer5,Static,Right
56,57,0.032728,1.605035,-0.048096,0.991973,0.125752,0.001874,-0.013161,0.077593,1.610286,0.332559,0.09836,0.102258,-0.711656,-0.688052,0.092034,1.546206,0.334382,0.104705,0.047224,-0.699795,-0.705049,0.107119,1.484158,0.325701,0.110923,0.088194,-0.648812,-0.747637,0.083485,1.58539,0.335029,0.087446,0.075345,-0.736455,-0.666566,0.070642,1.632919,0.332842,0.09836,0.102258,-0.711656,-0.688052,0.04247,1.607738,0.335709,0.103159,0.177137,-0.674249,-0.709486,0.070241,1.538711,0.339604,0.126495,0.140648,-0.703831,-0.684718,0.091325,1.477102,0.32615,0.110923,0.088194,-0.648812,-0.747637,0.053413,1.580853,0.338228,0.117521,0.154929,-0.720574,-0.665552,0.031751,1.631824,0.337607,0.103159,0.177137,-0.674249,-0.709486,0.083384,1.490198,0.333737,0.110923,0.088194,-0.648812,-0.747637,0.000407,1.550433,0.330136,0.140722,0.336084,-0.587279,-0.722737,0.037477,1.511536,0.325729,0.179266,0.315079,-0.588909,-0.72234,0.06273,1.470451,0.32344,0.042031,0.326659,-0.607941,-0.722451,0.015829,1.535507,0.329232,0.167082,0.372393,-0.583342,-0.702224,-0.014743,1.567729,0.333387,0.140722,0.336084,-0.587279,-0.722737,0.021594,1.588517,0.338066,0.073742,0.205023,-0.676466,-0.703507,0.052572,1.526594,0.334629,0.128577,0.193939,-0.653823,-0.71998,0.070837,1.47305,0.327007,0.110923,0.088194,-0.648812,-0.747637,0.03412,1.563366,0.337508,0.100467,0.220818,-0.664309,-0.706994,0.011064,1.611996,0.339703,0.073742,0.205023,-0.676466,-0.703507,0.153838,1.545618,0.324443,0.173583,-0.557284,-0.393125,-0.710462,0.119508,1.484823,0.320927,0.20811,-0.542638,-0.448086,-0.679303,0.138445,1.513522,0.321254,0.202798,-0.447784,-0.504856,-0.709566,0.1714,1.564628,0.327312,0.173583,-0.557284,-0.393125,-0.710462,755,0.096527,1.441684,0.327871,0.110923,0.088194,-0.648812,-0.747637,23,Nummer5,Static,Right
57,58,0.0326,1.605094,-0.048017,0.992001,0.125571,0.001597,-0.012819,0.077271,1.60974,0.332962,0.098163,0.102296,-0.711039,-0.688711,0.091698,1.545654,0.334664,0.104563,0.047263,-0.699095,-0.705762,0.106765,1.483611,0.325926,0.110694,0.088231,-0.648484,-0.747951,0.083158,1.584839,0.335389,0.087269,0.075375,-0.735889,-0.667211,0.070326,1.632375,0.333286,0.098163,0.102296,-0.711039,-0.688711,0.042123,1.607192,0.336115,0.103036,0.177263,-0.673692,-0.710001,0.069902,1.53816,0.339874,0.126455,0.140754,-0.703076,-0.685479,0.090969,1.476559,0.326366,0.110694,0.088231,-0.648484,-0.747951,0.053069,1.580304,0.338591,0.117419,0.155063,-0.720037,-0.666119,0.031402,1.631274,0.33805,0.103036,0.177263,-0.673692,-0.710001,0.083031,1.489649,0.333964,0.110694,0.088231,-0.648484,-0.747951,0.000105,1.549948,0.330365,0.140031,0.336014,-0.587304,-0.722883,0.037133,1.511009,0.325966,0.178576,0.315019,-0.588961,-0.722495,0.062373,1.469919,0.323644,0.041698,0.326668,-0.607653,-0.722708,0.01551,1.535003,0.329467,0.166349,0.372345,-0.583497,-0.702295,-0.015027,1.567259,0.333617,0.140031,0.336014,-0.587304,-0.722883,0.021266,1.58798,0.338389,0.073422,0.20507,-0.676273,-0.703713,0.052229,1.526054,0.334883,0.128374,0.19397,-0.653324,-0.720461,0.07048,1.472512,0.327215,0.110694,0.088231,-0.648484,-0.747951,0.033785,1.562825,0.337815,0.100158,0.22087,-0.664078,-0.707238,0.010743,1.611461,0.340038,0.073422,0.20507,-0.676273,-0.703713,0.153545,1.545041,0.324626,0.173282,-0.557809,-0.39277,-0.71032,0.119155,1.484277,0.321154,0.207937,-0.543151,-0.447869,-0.67909,0.138116,1.51296,0.321456,0.202592,-0.448353,-0.504605,-0.709443,0.171132,1.56403,0.32748,0.173282,-0.557809,-0.39277,-0.71032,765,0.09616,1.441137,0.328055,0.110694,0.088231,-0.648484,-0.747951,23,Nummer5,Static,Right
58,59,0.032443,1.605188,-0.047935,0.991991,0.125677,0.001757,-0.012464,0.077697,1.609595,0.333282,0.096871,0.100718,-0.710753,-0.689421,0.091861,1.545447,0.334856,0.103307,0.045683,-0.698441,-0.706697,0.106676,1.483353,0.326079,0.109328,0.086825,-0.648485,-0.748316,0.083483,1.584665,0.335666,0.086061,0.073733,-0.735482,-0.668,0.070845,1.632257,0.333641,0.096871,0.100718,-0.710753,-0.689421,0.042511,1.60718,0.33652,0.101868,0.175751,-0.67321,-0.711001,0.070037,1.538038,0.340072,0.125444,0.139188,-0.702332,-0.686746,0.090852,1.476363,0.326527,0.109328,0.086825,-0.648485,-0.748316,0.053359,1.580246,0.338924,0.1164,0.153494,-0.719507,-0.667234,0.031881,1.631298,0.338517,0.101868,0.175751,-0.67321,-0.711001,0.082973,1.489477,0.334138,0.109328,0.086825,-0.648485,-0.748316,0.000311,1.550134,0.330552,0.138371,0.334657,-0.588069,-0.723211,0.037156,1.511021,0.326166,0.176856,0.313681,-0.589787,-0.722826,0.062233,1.469833,0.323818,0.040326,0.325332,-0.608144,-0.722975,0.015645,1.535118,0.329659,0.164696,0.371013,-0.584434,-0.702611,-0.014742,1.567515,0.333805,0.138371,0.334657,-0.588069,-0.723211,0.021606,1.588049,0.338682,0.07209,0.203504,-0.676396,-0.704186,0.052316,1.526003,0.335083,0.127073,0.192444,-0.65321,-0.721203,0.070352,1.472392,0.327386,0.109328,0.086825,-0.648485,-0.748316,0.034021,1.562844,0.338076,0.09883,0.21933,-0.664164,-0.707823,0.01118,1.611572,0.340355,0.07209,0.203504,-0.676396,-0.704186,0.153705,1.544604,0.324674,0.171946,-0.559257,-0.39161,-0.710146,0.119062,1.483978,0.321294,0.206807,-0.544671,-0.446866,-0.678878,0.138136,1.512587,0.321545,0.201389,-0.450039,-0.503672,-0.709381,0.171377,1.563519,0.32749,0.171946,-0.559257,-0.39161,-0.710146,779,0.095908,1.440916,0.328203,0.109328,0.086825,-0.648485,-0.748316,23,Nummer5,Static,Right
59,60,0.032243,1.605232,-0.04781,0.992049,0.125289,0.001674,-0.011797,0.078063,1.60943,0.333619,0.095624,0.099283,-0.71043,-0.690137,0.091981,1.545227,0.335057,0.102105,0.044243,-0.697724,-0.707672,0.106563,1.483088,0.326241,0.108034,0.085566,-0.648468,-0.748663,0.083754,1.584475,0.335957,0.084897,0.072235,-0.735029,-0.66881,0.071298,1.632118,0.334013,0.095624,0.099283,-0.71043,-0.690137,0.042837,1.607139,0.336942,0.100763,0.174372,-0.672638,-0.71204,0.070132,1.537895,0.340275,0.124495,0.137762,-0.701506,-0.68805,0.090715,1.476155,0.326695,0.108034,0.085566,-0.648468,-0.748663,0.053596,1.580163,0.339268,0.115439,0.152064,-0.71889,-0.668392,0.032293,1.631289,0.339005,0.100763,0.174372,-0.672638,-0.71204,0.082889,1.48929,0.334317,0.108034,0.085566,-0.648468,-0.748663,0.000474,1.550279,0.330734,0.136788,0.333437,-0.588777,-0.723499,0.037149,1.511004,0.326366,0.1752,0.312486,-0.590583,-0.723097,0.062075,1.469726,0.323994,0.039022,0.324135,-0.608577,-0.723221,0.015743,1.535196,0.329847,0.163113,0.369818,-0.585315,-0.702876,-0.014504,1.567724,0.333986,0.136788,0.333437,-0.588777,-0.723499,0.021891,1.588083,0.33898,0.070826,0.202071,-0.676443,-0.704682,0.052365,1.525927,0.335286,0.125835,0.191054,-0.653046,-0.721939,0.070204,1.472254,0.327562,0.108034,0.085566,-0.648468,-0.748663,0.03421,1.562832,0.33834,0.097568,0.217923,-0.664174,-0.708424,0.011556,1.611644,0.340681,0.070826,0.202071,-0.676443,-0.704682,0.153823,1.544172,0.324741,0.170705,-0.560585,-0.390511,-0.710004,0.118947,1.483675,0.321445,0.205774,-0.546061,-0.445947,-0.67868,0.138123,1.512216,0.321648,0.20026,-0.451591,-0.502779,-0.709349,0.171574,1.563018,0.327524,0.170705,-0.560585,-0.390511,-0.710004,795,0.095645,1.440685,0.328358,0.108034,0.085566,-0.648468,-0.748663,23,Nummer5,Static,Right
60,61,0.031958,1.605243,-0.047659,0.991968,0.126012,0.001202,-0.010903,0.0763,1.60905,0.334264,0.095881,0.101789,-0.710999,-0.689149,0.090468,1.544905,0.335824,0.102412,0.046717,-0.698142,-0.707055,0.105395,1.482851,0.32705,0.108963,0.088433,-0.648468,-0.748195,0.082083,1.584121,0.33666,0.08506,0.074753,-0.735538,-0.667953,0.069443,1.631711,0.334595,0.095881,0.101789,-0.710999,-0.689149,0.040883,1.606522,0.337698,0.102162,0.177696,-0.67161,-0.711988,0.068641,1.53746,0.340975,0.125839,0.141139,-0.700455,-0.688192,0.089582,1.475834,0.327462,0.108963,0.088433,-0.648468,-0.748195,0.051819,1.579616,0.340016,0.116621,0.15551,-0.718048,-0.668299,0.030168,1.630595,0.339771,0.102162,0.177696,-0.67161,-0.711988,0.08167,1.488921,0.335064,0.108963,0.088433,-0.648468,-0.748195,-0.001006,1.549544,0.330991,0.136928,0.33649,-0.589677,-0.721323,0.035843,1.510396,0.326966,0.1753,0.315482,-0.59164,-0.720905,0.060991,1.469247,0.324678,0.039965,0.326863,-0.607844,-0.722558,0.014325,1.534517,0.330243,0.163279,0.372762,-0.586197,-0.700544,-0.016069,1.566942,0.334099,0.136928,0.33649,-0.589677,-0.721323,0.020087,1.587369,0.33948,0.071736,0.205408,-0.676488,-0.703581,0.050953,1.525399,0.335931,0.127002,0.194256,-0.652776,-0.721123,0.069096,1.471818,0.328272,0.108963,0.088433,-0.648468,-0.748195,0.03256,1.562191,0.338913,0.098578,0.221188,-0.66407,-0.707368,0.009606,1.610871,0.341105,0.071736,0.205408,-0.676488,-0.703581,0.152333,1.544196,0.325575,0.171715,-0.559127,-0.392018,-0.71008,0.117784,1.48351,0.322279,0.207053,-0.544373,-0.44809,-0.678235,0.136794,1.512161,0.322476,0.201376,-0.449802,-0.504303,-0.709088,0.17,1.563118,0.328382,0.171715,-0.559127,-0.392018,-0.71008,811,0.094699,1.440382,0.329154,0.108963,0.088433,-0.648468,-0.748195,23,Nummer5,Static,Right
61,62,0.031719,1.605203,-0.047573,0.991958,0.126131,0.000622,-0.010532,0.077047,1.609177,0.333617,0.093584,0.101279,-0.711917,-0.688592,0.090955,1.54498,0.335313,0.100066,0.046242,-0.698852,-0.706721,0.105651,1.482851,0.326709,0.106586,0.088082,-0.649611,-0.747587,0.082724,1.58423,0.336073,0.082743,0.074177,-0.736393,-0.667366,0.070279,1.631866,0.33389,0.093584,0.101279,-0.711917,-0.688592,0.041591,1.606795,0.336975,0.100002,0.177364,-0.672769,-0.711283,0.069083,1.537635,0.340416,0.123739,0.140648,-0.701302,-0.687809,0.089808,1.475899,0.327094,0.106586,0.088082,-0.649611,-0.747587,0.05242,1.579852,0.339362,0.114524,0.154982,-0.718985,-0.667777,0.030962,1.630913,0.338971,0.100002,0.177364,-0.672769,-0.711283,0.08193,1.489031,0.334648,0.106586,0.088082,-0.649611,-0.747587,-0.000463,1.550003,0.330191,0.134643,0.336115,-0.591653,-0.720309,0.036215,1.510675,0.326369,0.173106,0.315003,-0.593429,-0.720174,0.061202,1.469419,0.324244,0.037957,0.32663,-0.609346,-0.721505,0.014799,1.534902,0.329528,0.161135,0.372311,-0.588193,-0.699607,-0.015453,1.567481,0.333202,0.134643,0.336115,-0.591653,-0.720309,0.020728,1.587733,0.338678,0.069514,0.20506,-0.677924,-0.702523,0.05136,1.525636,0.335347,0.124859,0.19388,-0.654044,-0.72045,0.069306,1.471965,0.327855,0.106586,0.088082,-0.649611,-0.747587,0.033103,1.562505,0.338204,0.09644,0.220814,-0.665435,-0.706497,0.010337,1.611281,0.34021,0.069514,0.20506,-0.677924,-0.702523,0.152864,1.543997,0.325147,0.16891,-0.559592,-0.391889,-0.710458,0.118053,1.483454,0.321966,0.204418,-0.545015,-0.448225,-0.678429,0.13718,1.512028,0.322107,0.19859,-0.450584,-0.504419,-0.709294,0.170612,1.562845,0.327935,0.16891,-0.559592,-0.391889,-0.710458,828,0.094778,1.440427,0.32888,0.106586,0.088082,-0.649611,-0.747587,23,Nummer5,Static,Right
62,63,0.031306,1.605129,-0.047468,0.991938,0.126286,6e-06,-0.010529,0.07637,1.608961,0.333784,0.092739,0.101866,-0.712241,-0.688285,0.090253,1.544759,0.335485,0.099284,0.046803,-0.698748,-0.706897,0.104951,1.482626,0.326926,0.105867,0.088749,-0.649846,-0.747406,0.082034,1.584011,0.336252,0.081903,0.074716,-0.736494,-0.667298,0.069609,1.631652,0.334029,0.092739,0.101866,-0.712241,-0.688285,0.040795,1.606544,0.33704,0.09972,0.178583,-0.672997,-0.710802,0.068369,1.53742,0.340545,0.123478,0.141802,-0.701298,-0.687624,0.089106,1.475678,0.327284,0.105867,0.088749,-0.649846,-0.747406,0.051653,1.579615,0.339463,0.114187,0.15616,-0.719153,-0.667379,0.030131,1.630649,0.338997,0.09972,0.178583,-0.672997,-0.710802,0.081218,1.488812,0.334819,0.105867,0.088749,-0.649846,-0.747406,-0.001178,1.549777,0.330173,0.134131,0.337012,-0.592048,-0.71966,0.035524,1.510463,0.326442,0.172754,0.315818,-0.593598,-0.719761,0.060506,1.469201,0.32438,0.03732,0.327286,-0.609533,-0.721083,0.01409,1.534679,0.329554,0.160682,0.373156,-0.588516,-0.698988,-0.01618,1.567253,0.333135,0.134131,0.337012,-0.592048,-0.71966,0.019969,1.587502,0.338632,0.068909,0.206197,-0.678652,-0.701546,0.050654,1.525423,0.335444,0.124446,0.194926,-0.65442,-0.719897,0.068604,1.471746,0.328006,0.105867,0.088749,-0.649846,-0.747406,0.032362,1.562281,0.338227,0.095936,0.2219,-0.666008,-0.705684,0.009562,1.611047,0.340087,0.068909,0.206197,-0.678652,-0.701546,0.152278,1.543714,0.325377,0.167249,-0.559757,-0.390817,-0.71131,0.117361,1.483227,0.322204,0.203628,-0.545009,-0.448671,-0.678377,0.136504,1.511791,0.322318,0.197132,-0.450807,-0.503952,-0.70989,0.170096,1.562491,0.3282,0.167249,-0.559757,-0.390817,-0.71131,846,0.094067,1.440203,0.329092,0.105867,0.088749,-0.649846,-0.747406,23,Nummer5,Static,Right
63,64,0.031048,1.605013,-0.047471,0.991846,0.126973,2.1e-05,-0.010894,0.077133,1.609159,0.333684,0.090749,0.100428,-0.712535,-0.688457,0.090702,1.54489,0.335384,0.097269,0.045397,-0.698816,-0.707202,0.105126,1.482695,0.326859,0.103909,0.087638,-0.650272,-0.747442,0.082673,1.584182,0.336154,0.07996,0.073205,-0.736682,-0.667494,0.070483,1.631883,0.333923,0.090749,0.100428,-0.712535,-0.688457,0.041517,1.606898,0.336924,0.097831,0.177383,-0.673529,-0.710861,0.068781,1.537651,0.340428,0.121706,0.140479,-0.701491,-0.688014,0.089251,1.475817,0.32721,0.103909,0.087638,-0.650272,-0.747442,0.052253,1.579921,0.339354,0.112413,0.154816,-0.719539,-0.667577,0.03096,1.631052,0.338864,0.097831,0.177383,-0.673529,-0.710861,0.081418,1.488983,0.334736,0.103909,0.087638,-0.650272,-0.747442,-0.000696,1.550317,0.329987,0.132259,0.335958,-0.59307,-0.719658,0.035829,1.510834,0.326304,0.170887,0.314749,-0.594561,-0.719881,0.060629,1.46946,0.324286,0.035497,0.326268,-0.61045,-0.720861,0.014504,1.53515,0.329386,0.158899,0.372081,-0.589564,-0.699086,-0.015619,1.567865,0.332925,0.132259,0.335958,-0.59307,-0.719658,0.020594,1.587938,0.338495,0.067128,0.205018,-0.679165,-0.701567,0.051017,1.525731,0.335315,0.122695,0.193783,-0.654765,-0.720193,0.068735,1.471971,0.32792,0.103909,0.087638,-0.650272,-0.747442,0.032879,1.562665,0.338097,0.094182,0.220736,-0.666478,-0.705842,0.010287,1.611528,0.33994,0.067128,0.205018,-0.679165,-0.701567,0.152691,1.543599,0.325221,0.165552,-0.560725,-0.390218,-0.711274,0.117538,1.483245,0.322138,0.201957,-0.54612,-0.447967,-0.678449,0.136797,1.51173,0.322212,0.195554,-0.452,-0.503584,-0.70983,0.170582,1.562311,0.328012,0.165552,-0.560725,-0.390218,-0.711274,862,0.094056,1.440315,0.329045,0.103909,0.087638,-0.650272,-0.747442,23,Nummer5,Static,Right
64,65,0.030795,1.60492,-0.04753,0.9918,0.127406,-0.000291,-0.010038,0.077225,1.609274,0.333203,0.090701,0.099989,-0.71334,-0.687693,0.090748,1.544999,0.334999,0.097199,0.044925,-0.69936,-0.706704,0.105182,1.48279,0.326673,0.10418,0.087549,-0.651573,-0.74628,0.082748,1.584298,0.335712,0.079931,0.072744,-0.737226,-0.666946,0.070591,1.632003,0.333392,0.090701,0.099989,-0.71334,-0.687693,0.041488,1.606985,0.336549,0.098531,0.177413,-0.673934,-0.710373,0.068829,1.537771,0.340068,0.122507,0.140442,-0.70149,-0.687881,0.089309,1.475907,0.327059,0.10418,0.087549,-0.651573,-0.74628,0.052255,1.580023,0.338996,0.113168,0.154837,-0.719735,-0.667233,0.030908,1.631132,0.338461,0.098531,0.177413,-0.673934,-0.710373,0.081482,1.489087,0.334548,0.10418,0.087549,-0.651573,-0.74628,-0.000634,1.550389,0.329656,0.133094,0.335371,-0.593664,-0.719288,0.035886,1.510894,0.32604,0.171484,0.314209,-0.595487,-0.719209,0.060698,1.469521,0.324167,0.036184,0.326293,-0.611669,-0.719781,0.014566,1.535222,0.329072,0.159698,0.371507,-0.590259,-0.698623,-0.015556,1.567939,0.332581,0.133094,0.335371,-0.593664,-0.719288,0.020575,1.588002,0.338136,0.068002,0.205026,-0.679499,-0.701157,0.051069,1.525828,0.334998,0.123587,0.193722,-0.655016,-0.719828,0.068803,1.472047,0.327792,0.10418,0.087549,-0.651573,-0.74628,0.03289,1.562743,0.337755,0.09509,0.220705,-0.666714,-0.705507,0.010242,1.611582,0.339558,0.068002,0.205026,-0.679499,-0.701157,0.15274,1.543715,0.324564,0.164614,-0.562174,-0.392108,-0.709306,0.117585,1.483339,0.32193,0.201177,-0.547637,-0.449815,-0.676231,0.13683,1.511834,0.321776,0.194927,-0.453603,-0.505216,-0.707817,0.170633,1.562448,0.327195,0.164614,-0.562174,-0.392108,-0.709306,889,0.094134,1.440404,0.329028,0.10418,0.087549,-0.651573,-0.74628,23,Nummer5,Static,Right
65,66,0.030745,1.604856,-0.047673,0.991763,0.127719,-0.00037,-0.009722,0.077244,1.609316,0.332988,0.09067,0.09981,-0.713719,-0.68733,0.090749,1.545037,0.334829,0.097159,0.044732,-0.699616,-0.706468,0.10519,1.482823,0.326598,0.104302,0.087536,-0.652188,-0.745728,0.08276,1.584339,0.335514,0.07991,0.072554,-0.737473,-0.666696,0.070618,1.632047,0.333153,0.09067,0.09981,-0.713719,-0.68733,0.041448,1.607012,0.336386,0.098875,0.177461,-0.674081,-0.710173,0.068831,1.537814,0.339909,0.122894,0.140464,-0.701468,-0.68783,0.089318,1.475937,0.326999,0.104302,0.087536,-0.652188,-0.745728,0.052231,1.580056,0.338838,0.113536,0.154884,-0.719792,-0.667098,0.030855,1.631153,0.338287,0.098875,0.177461,-0.674081,-0.710173,0.081492,1.489124,0.33447,0.104302,0.087536,-0.652188,-0.745728,-0.000626,1.550407,0.329511,0.133503,0.335098,-0.593891,-0.719152,0.035892,1.510908,0.325924,0.171764,0.313967,-0.595902,-0.718904,0.060712,1.469537,0.324121,0.036503,0.326332,-0.612239,-0.719262,0.014575,1.535241,0.328934,0.160078,0.371247,-0.590555,-0.698424,-0.015549,1.567958,0.332432,0.133503,0.335098,-0.593891,-0.719152,0.020542,1.588017,0.337978,0.068425,0.205055,-0.679615,-0.700995,0.051073,1.525859,0.334857,0.124011,0.193722,-0.655119,-0.719661,0.068816,1.47207,0.327741,0.104302,0.087536,-0.652188,-0.745728,0.032873,1.562765,0.337603,0.095525,0.220717,-0.666794,-0.705369,0.010195,1.611591,0.339391,0.068425,0.205055,-0.679615,-0.700995,0.152747,1.543754,0.32427,0.164137,-0.56284,-0.392989,-0.7084,0.117589,1.483371,0.321846,0.200781,-0.54834,-0.450694,-0.675193,0.136827,1.51187,0.321584,0.194576,-0.454354,-0.505958,-0.706901,0.170642,1.562496,0.326827,0.164137,-0.56284,-0.392989,-0.7084,915,0.094152,1.440433,0.329032,0.104302,0.087536,-0.652188,-0.745728,23,Nummer5,Static,Right
66,67,0.030388,1.604776,-0.047876,0.99173,0.127997,-0.000807,-0.009365,0.078379,1.609432,0.334067,0.086699,0.098537,-0.71194,-0.689866,0.091403,1.545045,0.335505,0.09334,0.043551,-0.69745,-0.709193,0.105528,1.482809,0.327075,0.100967,0.087394,-0.651344,-0.74694,0.083703,1.584399,0.336441,0.076076,0.071123,-0.735609,-0.669354,0.071919,1.63221,0.334363,0.086699,0.098537,-0.71194,-0.689866,0.04239,1.607282,0.337598,0.09573,0.176827,-0.671402,-0.713293,0.069428,1.53792,0.340478,0.120073,0.139787,-0.698451,-0.691526,0.08962,1.476002,0.327416,0.100967,0.087394,-0.651344,-0.74694,0.053037,1.580251,0.339808,0.110648,0.154128,-0.71706,-0.670692,0.031914,1.631458,0.339698,0.09573,0.176827,-0.671402,-0.713293,0.081853,1.489182,0.334921,0.100967,0.087394,-0.651344,-0.74694,9.6e-05,1.550933,0.329844,0.130077,0.33487,-0.593435,-0.720262,0.036402,1.511235,0.326278,0.167887,0.31401,-0.596243,-0.719518,0.06101,1.46974,0.324428,0.032907,0.326129,-0.611942,-0.71978,0.015216,1.535686,0.32926,0.156524,0.371095,-0.590513,-0.699345,-0.014744,1.568548,0.332796,0.130077,0.33487,-0.593435,-0.720262,0.021336,1.588332,0.338797,0.065629,0.204682,-0.67758,-0.703338,0.051627,1.526076,0.33532,0.121165,0.193643,-0.653271,-0.721844,0.069114,1.472218,0.328087,0.100967,0.087394,-0.651344,-0.74694,0.033569,1.563036,0.338267,0.092675,0.220472,-0.664808,-0.707696,0.011079,1.611937,0.340358,0.065629,0.204682,-0.67758,-0.703338,0.153337,1.543573,0.324641,0.163342,-0.564159,-0.392751,-0.707666,0.117929,1.483333,0.322329,0.199551,-0.549963,-0.449572,-0.674986,0.137288,1.511749,0.322014,0.193473,-0.456085,-0.505207,-0.706626,0.171278,1.56228,0.327131,0.163342,-0.564159,-0.392751,-0.707666,943,0.094279,1.440444,0.329364,0.100967,0.087394,-0.651344,-0.74694,23,Nummer5,Static,Right
67,68,0.030118,1.604769,-0.04814,0.991721,0.128059,-0.001229,-0.009425,0.078307,1.609463,0.334032,0.085138,0.096841,-0.711407,-0.69085,0.091033,1.545013,0.335325,0.091792,0.041892,-0.696776,-0.710157,0.105006,1.482736,0.327065,0.100044,0.086703,-0.652614,-0.746036,0.083516,1.5844,0.336348,0.074602,0.069361,-0.735004,-0.670368,0.071953,1.63227,0.33438,0.085138,0.096841,-0.711407,-0.69085,0.042146,1.607383,0.337704,0.095165,0.175699,-0.67077,-0.714242,0.069039,1.537955,0.340307,0.119761,0.138573,-0.697215,-0.69307,0.089082,1.475966,0.327432,0.100044,0.086703,-0.652614,-0.746036,0.052737,1.580323,0.339825,0.110269,0.152956,-0.716239,-0.671898,0.031729,1.631578,0.33987,0.095165,0.175699,-0.67077,-0.714242,0.081354,1.489171,0.334906,0.100044,0.086703,-0.652614,-0.746036,-0.000214,1.551146,0.329468,0.129418,0.334065,-0.595122,-0.719363,0.035959,1.511303,0.326169,0.166578,0.313376,-0.598929,-0.717866,0.060472,1.469746,0.32446,0.032393,0.325579,-0.613427,-0.718788,0.014858,1.535849,0.328969,0.155755,0.370319,-0.592655,-0.698115,-0.015007,1.568813,0.332353,0.129418,0.334065,-0.595122,-0.719363,0.021063,1.588459,0.338677,0.065214,0.203598,-0.677597,-0.703674,0.051214,1.526136,0.335174,0.120639,0.192613,-0.653467,-0.72203,0.06858,1.472216,0.328116,0.100044,0.086703,-0.652614,-0.746036,0.03324,1.563137,0.338134,0.092196,0.219425,-0.664971,-0.707931,0.010857,1.612085,0.34026,0.065214,0.203598,-0.677597,-0.703674,0.152868,1.543451,0.324197,0.162745,-0.565461,-0.395193,-0.7054,0.117397,1.483235,0.322296,0.198305,-0.55162,-0.450686,-0.673255,0.136791,1.511624,0.321787,0.1927,-0.457747,-0.50671,-0.704684,0.170786,1.562202,0.326511,0.162745,-0.565461,-0.395193,-0.7054,958,0.093669,1.440388,0.329505,0.100044,0.086703,-0.652614,-0.746036,23,Nummer5,Static,Right
68,69,0.030078,1.604977,-0.048632,0.99177,0.127671,-0.001411,-0.009545,0.080308,1.609772,0.33515,0.080825,0.095297,-0.704019,-0.699102,0.09251,1.545202,0.335201,0.087821,0.040626,-0.690478,-0.716852,0.106211,1.48287,0.326967,0.096575,0.086981,-0.65291,-0.746201,0.085309,1.584623,0.336933,0.070607,0.067631,-0.728096,-0.678467,0.074139,1.632616,0.336004,0.080825,0.095297,-0.704019,-0.699102,0.043846,1.607811,0.338233,0.092495,0.17514,-0.666763,-0.718469,0.070457,1.538249,0.340071,0.117224,0.138185,-0.693763,-0.697034,0.090253,1.476177,0.327261,0.096575,0.086981,-0.65291,-0.746201,0.054328,1.580686,0.340034,0.107777,0.152402,-0.712526,-0.676361,0.033523,1.63202,0.340689,0.092495,0.17514,-0.666763,-0.718469,0.08256,1.489408,0.33471,0.096575,0.086981,-0.65291,-0.746201,0.001405,1.551863,0.32881,0.125506,0.333985,-0.59642,-0.719017,0.037318,1.511766,0.325757,0.162299,0.31342,-0.600879,-0.717197,0.061636,1.470089,0.324151,0.029037,0.32587,-0.614146,-0.718185,0.016375,1.536463,0.328403,0.151746,0.370258,-0.594499,-0.697462,-0.013287,1.569624,0.331625,0.125506,0.333985,-0.59642,-0.719017,0.022665,1.588942,0.338459,0.062472,0.203675,-0.676508,-0.704947,0.0526,1.52652,0.334844,0.117751,0.19294,-0.652902,-0.72293,0.069737,1.472519,0.327849,0.096575,0.086981,-0.65291,-0.746201,0.034754,1.563578,0.337854,0.089382,0.219609,-0.66409,-0.709061,0.012536,1.612596,0.340113,0.062472,0.203675,-0.676508,-0.704947,0.154389,1.543363,0.323958,0.160568,-0.566161,-0.396363,-0.704681,0.118621,1.48332,0.322244,0.195244,-0.552851,-0.450316,-0.673388,0.138177,1.511596,0.321665,0.190082,-0.458985,-0.507201,-0.704237,0.172346,1.562088,0.326186,0.160568,-0.566161,-0.396363,-0.704681,987,0.094663,1.440567,0.329349,0.096575,0.086981,-0.65291,-0.746201,23,Nummer5,Static,Right
69,70,0.030036,1.605325,-0.049176,0.991925,0.126435,-0.001144,-0.009918,0.079254,1.609315,0.335009,0.08416,0.095717,-0.709979,-0.692593,0.091791,1.544821,0.336052,0.090853,0.040832,-0.695614,-0.711477,0.105707,1.482544,0.327886,0.099736,0.086567,-0.653446,-0.745364,0.08439,1.584227,0.337211,0.07372,0.068188,-0.733607,-0.672114,0.072968,1.632139,0.335463,0.08416,0.095717,-0.709979,-0.692593,0.042938,1.607259,0.339386,0.095557,0.174267,-0.666273,-0.718736,0.06979,1.537788,0.341038,0.120402,0.137332,-0.69271,-0.697708,0.08978,1.475782,0.328283,0.099736,0.086567,-0.653446,-0.745364,0.053517,1.58017,0.341155,0.110791,0.151766,-0.712272,-0.676285,0.032547,1.631433,0.341895,0.095557,0.174267,-0.666273,-0.718736,0.082076,1.488985,0.335745,0.099736,0.086567,-0.653446,-0.745364,0.000586,1.551028,0.330221,0.129935,0.333037,-0.594411,-0.720333,0.036699,1.511128,0.32694,0.166182,0.312732,-0.599748,-0.717555,0.061186,1.469551,0.325329,0.032353,0.32552,-0.614292,-0.718077,0.015642,1.535715,0.329702,0.155852,0.369491,-0.592772,-0.698433,-0.014194,1.568693,0.333177,0.129935,0.333037,-0.594411,-0.720333,0.021849,1.58827,0.340124,0.065876,0.202056,-0.674054,-0.70745,0.051959,1.52597,0.335921,0.121185,0.191327,-0.649991,-0.72541,0.069294,1.472024,0.328985,0.099736,0.086567,-0.653446,-0.745364,0.034014,1.562949,0.339295,0.092661,0.218039,-0.661604,-0.711445,0.011657,1.611881,0.341986,0.065876,0.202056,-0.674054,-0.70745,0.153362,1.543385,0.324406,0.164417,-0.566708,-0.400243,-0.701153,0.118081,1.48305,0.32308,0.198132,-0.553401,-0.452264,-0.670782,0.137447,1.511453,0.322337,0.194285,-0.459126,-0.510159,-0.700853,0.171135,1.562307,0.32644,0.164417,-0.566708,-0.400243,-0.701153,1012,0.094362,1.440182,0.330452,0.099736,0.086567,-0.653446,-0.745364,23,Nummer5,Static,Right
70,71,0.03006,1.605642,-0.049581,0.992082,0.125192,-0.001221,-0.009996,0.079976,1.609213,0.334575,0.082522,0.094826,-0.710142,-0.692745,0.09228,1.544675,0.335606,0.089208,0.039969,-0.695581,-0.711767,0.106006,1.482332,0.327602,0.098137,0.085928,-0.654483,-0.74474,0.08502,1.584106,0.336775,0.072115,0.067238,-0.733676,-0.672308,0.073772,1.63206,0.335025,0.082522,0.094826,-0.710142,-0.692745,0.043604,1.607278,0.339022,0.094274,0.17341,-0.666164,-0.719213,0.070249,1.537724,0.340576,0.119227,0.136419,-0.692422,-0.698374,0.090056,1.475623,0.327989,0.098137,0.085928,-0.654483,-0.74474,0.054103,1.580155,0.340752,0.109641,0.150813,-0.712004,-0.676968,0.033287,1.631481,0.341554,0.094274,0.17341,-0.666164,-0.719213,0.082383,1.48887,0.335409,0.098137,0.085928,-0.654483,-0.74474,0.001091,1.551145,0.329752,0.129204,0.332056,-0.594774,-0.720618,0.037092,1.511142,0.326489,0.165218,0.311838,-0.600465,-0.717567,0.061445,1.469482,0.325005,0.031092,0.324999,-0.615641,-0.717213,0.016105,1.535792,0.329231,0.155076,0.368547,-0.593328,-0.698632,-0.013642,1.568848,0.332718,0.129204,0.332056,-0.594774,-0.720618,0.022458,1.588333,0.339782,0.064827,0.200998,-0.673674,-0.70821,0.052387,1.525954,0.335459,0.120079,0.190364,-0.649671,-0.726134,0.069555,1.471936,0.328667,0.098137,0.085928,-0.654483,-0.74474,0.034551,1.562979,0.338898,0.091605,0.217016,-0.661187,-0.712281,0.012334,1.611969,0.341692,0.064827,0.200998,-0.673674,-0.70821,0.153905,1.542985,0.324023,0.162297,-0.56717,-0.400601,-0.701069,0.118391,1.482784,0.322817,0.195787,-0.554134,-0.45223,-0.670889,0.137868,1.511109,0.322021,0.191971,-0.459949,-0.510342,-0.700818,0.171731,1.561862,0.326016,0.162297,-0.56717,-0.400601,-0.701069,1042,0.094517,1.440016,0.330242,0.098137,0.085928,-0.654483,-0.74474,23,Nummer5,Static,Right
71,72,0.029943,1.605954,-0.050039,0.992271,0.123626,-0.001807,-0.010596,0.081201,1.608843,0.335847,0.080813,0.095007,-0.707758,-0.695357,0.09337,1.544272,0.336453,0.087665,0.040229,-0.693336,-0.71413,0.107037,1.481973,0.32805,0.096772,0.086619,-0.652121,-0.746908,0.086189,1.58371,0.33787,0.070511,0.067337,-0.731312,-0.675039,0.075044,1.631698,0.336455,0.080813,0.095007,-0.707758,-0.695357,0.044782,1.606919,0.340363,0.092469,0.173814,-0.663494,-0.721813,0.071321,1.537314,0.341332,0.117701,0.136828,-0.689497,-0.701441,0.091079,1.475279,0.328364,0.096772,0.086619,-0.652121,-0.746908,0.055238,1.579765,0.341865,0.108055,0.151153,-0.709178,-0.680106,0.034499,1.631117,0.343073,0.092469,0.173814,-0.663494,-0.721813,0.083409,1.488482,0.335861,0.096772,0.086619,-0.652121,-0.746908,0.002185,1.550877,0.330412,0.126984,0.333205,-0.593155,-0.721815,0.038161,1.510865,0.327001,0.163258,0.312999,-0.598555,-0.719104,0.06247,1.469187,0.325286,0.028977,0.325459,-0.613443,-0.718975,0.017186,1.535513,0.329845,0.152829,0.369712,-0.591699,-0.699892,-0.012538,1.568579,0.333431,0.126984,0.333205,-0.593155,-0.721815,0.02354,1.58795,0.340883,0.063222,0.201753,-0.671442,-0.710257,0.053456,1.525598,0.336101,0.11877,0.191253,-0.646748,-0.72872,0.070575,1.471608,0.32898,0.096772,0.086619,-0.652121,-0.746908,0.035624,1.562599,0.339825,0.090091,0.217816,-0.658577,-0.714644,0.013426,1.611579,0.342929,0.063222,0.201753,-0.671442,-0.710257,0.154908,1.542655,0.324917,0.164629,-0.565869,-0.399706,-0.702086,0.119428,1.482447,0.323285,0.197121,-0.553009,-0.449949,-0.672957,0.138922,1.510767,0.322716,0.193541,-0.458635,-0.508795,-0.70237,0.172676,1.561574,0.327022,0.164629,-0.565869,-0.399706,-0.702086,1076,0.095498,1.439649,0.330389,0.096772,0.086619,-0.652121,-0.746908,23,Nummer5,Static,Right
72,73,0.029775,1.606226,-0.050254,0.992397,0.122586,-0.002411,-0.010744,0.080796,1.608209,0.335561,0.080386,0.096795,-0.709214,-0.693675,0.093085,1.543665,0.336506,0.087137,0.04204,-0.695075,-0.712397,0.106863,1.48136,0.328328,0.096252,0.088203,-0.653293,-0.745764,0.085824,1.583095,0.337718,0.069935,0.06915,-0.732912,-0.673177,0.074592,1.631055,0.336054,0.080386,0.096795,-0.709214,-0.693675,0.044381,1.606248,0.339965,0.092054,0.175628,-0.665155,-0.719896,0.071029,1.536692,0.341328,0.117184,0.138539,-0.691048,-0.699662,0.090912,1.474647,0.328605,0.096252,0.088203,-0.653293,-0.745764,0.054875,1.579118,0.341624,0.1075,0.152866,-0.710707,-0.678212,0.03405,1.630442,0.342525,0.092054,0.175628,-0.665155,-0.719896,0.083199,1.48786,0.336038,0.096252,0.088203,-0.653293,-0.745764,0.001873,1.550078,0.330366,0.127708,0.334159,-0.592607,-0.721696,0.037954,1.510159,0.326958,0.163891,0.314009,-0.598155,-0.718852,0.062322,1.468509,0.325446,0.028845,0.327064,-0.614301,-0.717517,0.016916,1.534755,0.329792,0.153577,0.370643,-0.590987,-0.699837,-0.012897,1.567741,0.333385,0.127708,0.334159,-0.592607,-0.721696,0.023175,1.587246,0.340736,0.062848,0.203186,-0.672006,-0.709348,0.053197,1.524938,0.336069,0.118615,0.192594,-0.646911,-0.728248,0.070412,1.47095,0.329161,0.096252,0.088203,-0.653293,-0.745764,0.035299,1.561912,0.339733,0.089857,0.219182,-0.658863,-0.713992,0.013025,1.610867,0.342712,0.062848,0.203186,-0.672006,-0.709348,0.154632,1.542115,0.325152,0.164328,-0.564432,-0.402602,-0.701659,0.11927,1.481837,0.323605,0.195972,-0.551875,-0.451621,-0.673103,0.138729,1.51018,0.323018,0.192801,-0.4573,-0.51091,-0.701908,0.172315,1.561116,0.327224,0.164328,-0.564432,-0.402602,-0.701659,1105,0.09537,1.439028,0.330747,0.096252,0.088203,-0.653293,-0.745764,23,Nummer5,Static,Right
73,74,0.0295,1.606565,-0.050658,0.992582,0.121077,-0.003348,-0.010515,0.081285,1.608793,0.332095,0.08197,0.095108,-0.712082,-0.690779,0.093561,1.544256,0.333613,0.088397,0.040329,-0.698426,-0.709056,0.107274,1.481821,0.326233,0.097437,0.086211,-0.658024,-0.741672,0.086314,1.583698,0.334461,0.071422,0.067557,-0.735843,-0.669978,0.07509,1.631644,0.332412,0.08197,0.095108,-0.712082,-0.690779,0.044949,1.606933,0.336425,0.093432,0.173714,-0.67055,-0.715162,0.071512,1.537366,0.338589,0.118678,0.136272,-0.695291,-0.695641,0.091318,1.475128,0.326629,0.097437,0.086211,-0.658024,-0.741672,0.055413,1.579813,0.338408,0.109079,0.150714,-0.715055,-0.673858,0.034661,1.631179,0.338644,0.093432,0.173714,-0.67055,-0.715162,0.083626,1.488458,0.333899,0.097437,0.086211,-0.658024,-0.741672,0.002232,1.550552,0.327959,0.131723,0.331866,-0.595391,-0.719739,0.038373,1.510678,0.32466,0.168055,0.311475,-0.60041,-0.717111,0.062701,1.46899,0.323619,0.031541,0.325563,-0.619053,-0.713994,0.017303,1.535254,0.327421,0.157909,0.368226,-0.593197,-0.698278,-0.012551,1.568218,0.330898,0.131723,0.331866,-0.595391,-0.719739,0.023661,1.587915,0.337774,0.065485,0.201106,-0.674602,-0.707235,0.053655,1.525561,0.333535,0.120869,0.190339,-0.65022,-0.725518,0.070803,1.471472,0.327279,0.097437,0.086211,-0.658024,-0.741672,0.035782,1.562574,0.336915,0.092477,0.217001,-0.661539,-0.711846,0.013518,1.611548,0.339618,0.065485,0.201106,-0.674602,-0.707235,0.155247,1.542384,0.322213,0.159865,-0.566616,-0.406154,-0.698877,0.11968,1.48221,0.321496,0.191677,-0.554353,-0.455042,-0.669992,0.139223,1.510484,0.320508,0.188923,-0.459933,-0.514394,-0.698691,0.172991,1.561355,0.324014,0.159865,-0.566616,-0.406154,-0.698877,1138,0.095739,1.439551,0.329208,0.097437,0.086211,-0.658024,-0.741672,23,Nummer5,Static,Right
74,75,0.029255,1.606761,-0.051062,0.992683,0.120295,-0.003909,-0.009675,0.080066,1.60819,0.333744,0.084784,0.099976,-0.709653,-0.692249,0.093051,1.543783,0.334949,0.091447,0.045186,-0.696553,-0.710219,0.107193,1.481564,0.326962,0.099309,0.089542,-0.654498,-0.744145,0.085367,1.583138,0.335974,0.074183,0.0725,-0.733572,-0.671649,0.073618,1.630969,0.334178,0.084784,0.099976,-0.709653,-0.692249,0.043933,1.606062,0.338255,0.095147,0.177186,-0.666253,-0.718094,0.071047,1.536689,0.339834,0.120317,0.140071,-0.691903,-0.697979,0.091287,1.474746,0.327318,0.099309,0.089542,-0.654498,-0.744145,0.054611,1.579008,0.339984,0.11067,0.154452,-0.711197,-0.676828,0.033448,1.6302,0.34071,0.095147,0.177186,-0.666253,-0.718094,0.083523,1.487915,0.33473,0.099309,0.089542,-0.654498,-0.744145,0.001737,1.549479,0.329548,0.132706,0.333657,-0.588981,-0.723992,0.038122,1.509885,0.325624,0.169164,0.313521,-0.594182,-0.721135,0.062755,1.468386,0.32425,0.032285,0.328439,-0.614732,-0.716373,0.016899,1.534281,0.328785,0.15825,0.370346,-0.587449,-0.70193,-0.013153,1.567002,0.332781,0.132706,0.333657,-0.588981,-0.723992,0.022846,1.586908,0.339305,0.06652,0.204401,-0.671329,-0.709305,0.053284,1.5248,0.33465,0.122074,0.193758,-0.64685,-0.727421,0.070834,1.470895,0.327943,0.099309,0.089542,-0.654498,-0.744145,0.035145,1.561659,0.338283,0.093477,0.220357,-0.658233,-0.713747,0.012535,1.610456,0.341304,0.06652,0.204401,-0.671329,-0.709305,0.154328,1.542765,0.323215,0.168718,-0.564064,-0.408964,-0.697219,0.119567,1.48213,0.322168,0.198902,-0.551835,-0.455541,-0.669626,0.138748,1.510656,0.32134,0.196474,-0.456969,-0.514738,-0.6983,0.171733,1.562046,0.325041,0.168718,-0.564064,-0.408964,-0.697219,1168,0.095999,1.43914,0.329626,0.099309,0.089542,-0.654498,-0.744145,23,Nummer5,Static,Right
75,76,0.029026,1.606551,-0.051532,0.992528,0.121596,-0.004014,-0.009264,0.080645,1.607627,0.334441,0.08189,0.098559,-0.707293,-0.69521,0.093238,1.543135,0.335253,0.088621,0.043899,-0.694568,-0.712597,0.107133,1.480953,0.326573,0.097004,0.08909,-0.650501,-0.747998,0.08579,1.582529,0.336508,0.071385,0.070994,-0.731547,-0.674317,0.074334,1.63044,0.335047,0.08189,0.098559,-0.707293,-0.69521,0.044458,1.605607,0.33938,0.092175,0.17597,-0.661667,-0.723004,0.0712,1.536076,0.340038,0.117539,0.139008,-0.687552,-0.702947,0.091199,1.474197,0.326839,0.097004,0.08909,-0.650501,-0.747998,0.05499,1.578476,0.34076,0.107806,0.153306,-0.707234,-0.681685,0.034099,1.629763,0.342176,0.092175,0.17597,-0.661667,-0.723004,0.083482,1.487312,0.334393,0.097004,0.08909,-0.650501,-0.747998,0.002121,1.549447,0.329553,0.127381,0.333051,-0.587346,-0.726551,0.038179,1.509569,0.325499,0.163442,0.313226,-0.59338,-0.72324,0.062644,1.467988,0.323675,0.028703,0.327673,-0.611351,-0.719762,0.017157,1.534128,0.328734,0.152627,0.369905,-0.586594,-0.704119,-0.012639,1.567061,0.332892,0.127381,0.333051,-0.587346,-0.726551,0.023304,1.586552,0.339905,0.062986,0.203365,-0.668566,-0.712528,0.053393,1.524318,0.334706,0.11861,0.19305,-0.643865,-0.730823,0.07073,1.470422,0.327403,0.097004,0.08909,-0.650501,-0.747998,0.035457,1.561242,0.338679,0.089788,0.219521,-0.655744,-0.716762,0.013123,1.610139,0.342113,0.062986,0.203365,-0.668566,-0.712528,0.154274,1.542131,0.323515,0.172567,-0.562628,-0.407118,-0.698516,0.119513,1.481523,0.321796,0.200788,-0.550759,-0.450585,-0.673293,0.138793,1.509991,0.321359,0.199599,-0.455356,-0.512335,-0.700232,0.171603,1.561465,0.3255,0.172567,-0.562628,-0.407118,-0.698516,1201,0.095764,1.438548,0.328748,0.097004,0.08909,-0.650501,-0.747998,23,Nummer5,Static,Right
76,77,0.029071,1.606499,-0.051632,0.992577,0.121213,-0.003416,-0.009314,0.082051,1.607128,0.335196,0.078492,0.097746,-0.705535,-0.697499,0.094261,1.542557,0.335743,0.085254,0.043234,-0.693382,-0.714202,0.107678,1.480307,0.326824,0.09275,0.08785,-0.649348,-0.749685,0.087042,1.581989,0.337135,0.068069,0.070066,-0.729939,-0.676496,0.075873,1.629974,0.335925,0.078492,0.097746,-0.705535,-0.697499,0.045914,1.605381,0.339919,0.088057,0.175024,-0.661097,-0.724267,0.072153,1.535656,0.340428,0.113488,0.138017,-0.687194,-0.704157,0.091689,1.473679,0.327013,0.09275,0.08785,-0.649348,-0.749685,0.056247,1.57817,0.341219,0.103867,0.152125,-0.706524,-0.683297,0.03572,1.6296,0.34277,0.088057,0.175024,-0.661097,-0.724267,0.084058,1.486819,0.334605,0.09275,0.08785,-0.649348,-0.749685,0.003233,1.549615,0.330085,0.123069,0.331067,-0.585641,-0.72957,0.038964,1.509482,0.325667,0.15933,0.311332,-0.591432,-0.726563,0.063098,1.467712,0.323736,0.024097,0.326392,-0.611119,-0.720709,0.018143,1.534181,0.329129,0.148278,0.368024,-0.585075,-0.70729,-0.011381,1.56732,0.333576,0.123069,0.331067,-0.585641,-0.72957,0.024672,1.586513,0.340467,0.058537,0.201782,-0.66774,-0.714129,0.054268,1.524067,0.334988,0.114262,0.191701,-0.642703,-0.73289,0.071191,1.470064,0.3275,0.09275,0.08785,-0.649348,-0.749685,0.036622,1.561112,0.339127,0.085407,0.218023,-0.654694,-0.718713,0.014682,1.610172,0.342762,0.058537,0.201782,-0.66774,-0.714129,0.155306,1.541124,0.324319,0.1708,-0.562183,-0.403107,-0.701629,0.120074,1.480803,0.322082,0.199164,-0.55046,-0.447153,-0.6763,0.139551,1.509139,0.321879,0.196918,-0.45541,-0.508384,-0.703826,0.172774,1.560311,0.326498,0.1708,-0.562183,-0.403107,-0.701629,1236,0.095963,1.437982,0.328781,0.09275,0.08785,-0.649348,-0.749685,23,Nummer5,Static,Right
77,78,0.02922,1.606636,-0.051865,0.992634,0.120736,-0.002278,-0.009779,0.082672,1.607446,0.334654,0.079167,0.097266,-0.705472,-0.697554,0.094901,1.542879,0.335139,0.085966,0.042713,-0.693012,-0.714507,0.10839,1.480634,0.326304,0.093788,0.087712,-0.649858,-0.74913,0.087673,1.582307,0.336575,0.068784,0.069592,-0.729746,-0.676681,0.076489,1.63029,0.335392,0.079167,0.097266,-0.705472,-0.697554,0.046496,1.605651,0.339177,0.08904,0.174865,-0.661875,-0.723475,0.072808,1.535955,0.339865,0.11437,0.137881,-0.688137,-0.703119,0.092411,1.473983,0.326528,0.093788,0.087712,-0.649858,-0.74913,0.056859,1.578454,0.340542,0.104788,0.152008,-0.70734,-0.682336,0.036279,1.629867,0.341977,0.08904,0.174865,-0.661875,-0.723475,0.084773,1.487125,0.334108,0.093788,0.087712,-0.649858,-0.74913,0.003825,1.549763,0.329681,0.124371,0.330958,-0.585802,-0.72927,0.039636,1.509709,0.325194,0.161071,0.311032,-0.590841,-0.726789,0.063825,1.46797,0.3233,0.025291,0.326305,-0.611485,-0.720397,0.018763,1.534357,0.328714,0.149691,0.367874,-0.584941,-0.707181,-0.010815,1.567448,0.333167,0.124371,0.330958,-0.585802,-0.72927,0.025238,1.586747,0.339759,0.059642,0.202017,-0.668752,-0.713023,0.054932,1.524331,0.334469,0.115374,0.191812,-0.643693,-0.731817,0.07192,1.47034,0.327049,0.093788,0.087712,-0.649858,-0.74913,0.037228,1.561361,0.3385,0.086528,0.218205,-0.655727,-0.717581,0.015211,1.610398,0.341981,0.059642,0.202017,-0.668752,-0.713023,0.155842,1.541559,0.323722,0.171709,-0.56188,-0.404127,-0.701063,0.120778,1.48114,0.321542,0.199918,-0.550112,-0.447865,-0.67589,0.14019,1.50952,0.321322,0.198028,-0.454901,-0.509388,-0.703117,0.173257,1.560798,0.325876,0.171709,-0.56188,-0.404127,-0.701063,1284,0.096738,1.438295,0.328351,0.093788,0.087712,-0.649858,-0.74913,23,Nummer5,Static,Right
78,79,0.029356,1.606647,-0.052177,0.99265,0.120631,-0.001323,-0.009629,0.083199,1.607016,0.3349,0.08229,0.09415,-0.705676,-0.697414,0.095427,1.542449,0.335418,0.088953,0.03954,-0.693446,-0.713902,0.108854,1.480182,0.326596,0.096701,0.08444,-0.650144,-0.748887,0.088215,1.581881,0.336827,0.071969,0.066589,-0.730116,-0.676253,0.077023,1.629862,0.335655,0.08229,0.09415,-0.705676,-0.697414,0.047056,1.605222,0.339503,0.09194,0.17199,-0.663433,-0.722373,0.073377,1.535532,0.340347,0.117297,0.134996,-0.689428,-0.701931,0.092877,1.473531,0.326963,0.096701,0.08444,-0.650144,-0.748887,0.057431,1.578034,0.340934,0.107797,0.149242,-0.708727,-0.681038,0.036858,1.629452,0.342251,0.09194,0.17199,-0.663433,-0.722373,0.085298,1.486692,0.334579,0.096701,0.08444,-0.650144,-0.748887,0.004301,1.549299,0.330808,0.127546,0.327485,-0.585221,-0.730754,0.040083,1.509256,0.326011,0.164127,0.307616,-0.590329,-0.727974,0.064259,1.467515,0.323987,0.028261,0.323216,-0.612027,-0.721218,0.019236,1.533899,0.329707,0.152793,0.364531,-0.584372,-0.708718,-0.010314,1.566978,0.334432,0.127546,0.327485,-0.585221,-0.730754,0.025829,1.586336,0.340508,0.062539,0.198858,-0.66947,-0.71299,0.055457,1.523897,0.335126,0.118176,0.188498,-0.644126,-0.73185,0.072387,1.469893,0.327662,0.096701,0.08444,-0.650144,-0.748887,0.037799,1.560942,0.339215,0.089394,0.214993,-0.656332,-0.717645,0.01583,1.609996,0.342751,0.062539,0.198858,-0.66947,-0.71299,0.156267,1.541102,0.323617,0.173766,-0.564084,-0.405085,-0.698227,0.121205,1.480673,0.321739,0.201247,-0.552563,-0.447347,-0.673836,0.14062,1.50905,0.321364,0.199842,-0.457373,-0.509211,-0.701126,0.173637,1.5604,0.325598,0.173766,-0.564084,-0.405085,-0.698227,1324,0.097218,1.437853,0.328811,0.096701,0.08444,-0.650144,-0.748887,23,Nummer5,Static,Right
79,80,0.029489,1.606708,-0.052393,0.992686,0.120358,-0.000205,-0.009414,0.085246,1.607163,0.335172,0.079226,0.092507,-0.704483,-0.699192,0.097045,1.542514,0.335377,0.086007,0.037946,-0.691813,-0.715931,0.110249,1.480255,0.326169,0.094561,0.084049,-0.647934,-0.751116,0.090093,1.581985,0.336977,0.069055,0.064803,-0.72865,-0.678307,0.079222,1.630046,0.33602,0.079226,0.092507,-0.704483,-0.699192,0.048997,1.605476,0.339924,0.08916,0.17094,-0.661099,-0.725106,0.074962,1.535648,0.34023,0.114733,0.133952,-0.686971,-0.704957,0.094248,1.473662,0.326471,0.094561,0.084049,-0.647934,-0.751116,0.059231,1.578224,0.34115,0.105203,0.148117,-0.706474,-0.684024,0.038921,1.629735,0.342852,0.08916,0.17094,-0.661099,-0.725106,0.086707,1.486802,0.334161,0.094561,0.084049,-0.647934,-0.751116,0.006094,1.549852,0.330768,0.123133,0.326224,-0.584227,-0.732868,0.041589,1.509591,0.325677,0.160349,0.306236,-0.588367,-0.73098,0.065611,1.467774,0.323416,0.025424,0.322654,-0.610309,-0.723029,0.020914,1.534347,0.329579,0.148451,0.363298,-0.583381,-0.711086,-0.008388,1.56762,0.334483,0.123133,0.326224,-0.584227,-0.732868,0.027655,1.586647,0.340718,0.059952,0.197881,-0.667151,-0.715653,0.057005,1.524114,0.334909,0.115515,0.187825,-0.641965,-0.734342,0.073742,1.470097,0.327118,0.094561,0.084049,-0.647934,-0.751116,0.039512,1.561209,0.339248,0.086687,0.214171,-0.654196,-0.720169,0.017758,1.610333,0.343138,0.059952,0.197881,-0.667151,-0.715653,0.157764,1.541083,0.32373,0.175696,-0.562668,-0.40373,-0.69967,0.12261,1.480731,0.321332,0.201864,-0.551516,-0.444087,-0.676659,0.142109,1.509052,0.321237,0.200726,-0.456135,-0.50701,-0.703272,0.175095,1.5604,0.325849,0.175696,-0.562668,-0.40373,-0.69967,1366,0.098451,1.437957,0.328092,0.094561,0.084049,-0.647934,-0.751116,23,Nummer5,Static,Right
80,81,0.029454,1.606751,-0.052392,0.992754,0.119823,-0.000335,-0.009051,0.085192,1.607015,0.334722,0.081566,0.091354,-0.704103,-0.699457,0.0971,1.542385,0.334856,0.08833,0.036747,-0.691529,-0.715986,0.110286,1.480133,0.325641,0.096407,0.082335,-0.648122,-0.750909,0.090089,1.581845,0.336495,0.071444,0.06372,-0.728307,-0.678531,0.079134,1.629887,0.335608,0.081566,0.091354,-0.704103,-0.699457,0.049056,1.605331,0.339378,0.090934,0.169403,-0.662131,-0.724304,0.075045,1.535513,0.339826,0.116478,0.132422,-0.687948,-0.704006,0.09429,1.47353,0.326038,0.096407,0.082335,-0.648122,-0.750909,0.059304,1.578087,0.34066,0.107005,0.146653,-0.707453,-0.683048,0.038984,1.629597,0.342265,0.090934,0.169403,-0.662131,-0.724304,0.086787,1.486666,0.333757,0.096407,0.082335,-0.648122,-0.750909,0.006115,1.549676,0.330555,0.124825,0.324985,-0.584943,-0.732561,0.041616,1.50942,0.325467,0.162057,0.304923,-0.589007,-0.730637,0.06565,1.467614,0.323138,0.027312,0.321038,-0.610584,-0.723447,0.020937,1.534173,0.329372,0.150086,0.362098,-0.584238,-0.710652,-0.008366,1.567445,0.33427,0.124825,0.324985,-0.584943,-0.732561,0.027753,1.586523,0.340278,0.061398,0.196418,-0.668747,-0.714443,0.057069,1.523963,0.334606,0.117044,0.186156,-0.643065,-0.733563,0.073797,1.469945,0.326797,0.096407,0.082335,-0.648122,-0.750909,0.039597,1.561075,0.33888,0.088175,0.212631,-0.655682,-0.719093,0.017873,1.610224,0.34262,0.061398,0.196418,-0.668747,-0.714443,0.157675,1.541037,0.322836,0.177478,-0.564338,-0.404725,-0.697297,0.122615,1.480619,0.320727,0.203375,-0.553252,-0.444415,-0.674571,0.142065,1.508974,0.32048,0.202549,-0.457881,-0.507332,-0.70138,0.174959,1.560412,0.324813,0.177478,-0.564338,-0.404725,-0.697297,1411,0.098529,1.43782,0.327688,0.096407,0.082335,-0.648122,-0.750909,23,Nummer5,Static,Right
81,82,0.029329,1.606676,-0.052617,0.992736,0.119951,-0.000225,-0.009303,0.086506,1.608038,0.335853,0.076787,0.09253,-0.702883,-0.701069,0.098084,1.543348,0.335878,0.083573,0.038096,-0.690862,-0.717129,0.111069,1.4811,0.326324,0.091906,0.084158,-0.645952,-0.753138,0.09126,1.582838,0.337584,0.066593,0.064787,-0.727647,-0.679631,0.080557,1.630937,0.336807,0.076787,0.09253,-0.702883,-0.701069,0.050345,1.606496,0.340567,0.085914,0.170662,-0.659877,-0.726675,0.07596,1.536539,0.340627,0.111553,0.133645,-0.685749,-0.706713,0.095042,1.474567,0.326543,0.091906,0.084158,-0.645952,-0.753138,0.060439,1.579189,0.341706,0.101972,0.147731,-0.705493,-0.685607,0.040379,1.630791,0.343583,0.085914,0.170662,-0.659877,-0.726675,0.087532,1.487686,0.334295,0.091906,0.084158,-0.645952,-0.753138,0.00701,1.550948,0.330876,0.12143,0.328075,-0.582743,-0.733507,0.042529,1.510702,0.32582,0.158157,0.308372,-0.5878,-0.731016,0.066395,1.468806,0.323374,0.022156,0.322584,-0.608777,-0.724458,0.02184,1.535454,0.329679,0.146628,0.365175,-0.582061,-0.711585,-0.007496,1.568692,0.334614,0.12143,0.328075,-0.582743,-0.733507,0.028778,1.587684,0.341288,0.057428,0.198197,-0.665157,-0.717626,0.057974,1.525109,0.335184,0.113021,0.188382,-0.640012,-0.73629,0.074524,1.471074,0.327113,0.091906,0.084158,-0.645952,-0.753138,0.040567,1.562221,0.339712,0.084008,0.214642,-0.6526,-0.721793,0.018936,1.61138,0.343835,0.057428,0.198197,-0.665157,-0.717626,0.158675,1.541832,0.324673,0.177042,-0.560141,-0.400958,-0.702945,0.123442,1.48156,0.321519,0.20273,-0.549097,-0.440991,-0.680382,0.142986,1.50985,0.321796,0.200979,-0.453693,-0.503896,-0.707008,0.176002,1.561123,0.327054,0.177042,-0.560141,-0.400958,-0.702945,1437,0.099105,1.438833,0.327963,0.091906,0.084158,-0.645952,-0.753138,23,Nummer5,Static,Right
82,83,0.029186,1.606644,-0.052732,0.99272,0.120078,-0.000104,-0.009402,0.086227,1.607711,0.33558,0.080225,0.090931,-0.702831,-0.700945,0.097974,1.543051,0.335564,0.086984,0.036414,-0.690786,-0.716884,0.11106,1.480794,0.326207,0.09521,0.082309,-0.647249,-0.751817,0.09106,1.582524,0.337288,0.070106,0.063283,-0.72747,-0.679608,0.080225,1.630595,0.336553,0.080225,0.090931,-0.702831,-0.700945,0.050038,1.606074,0.340233,0.089782,0.169239,-0.660802,-0.725699,0.0759,1.536207,0.340489,0.11526,0.132361,-0.687122,-0.705024,0.095051,1.474221,0.326562,0.09521,0.082309,-0.647249,-0.751817,0.060236,1.578807,0.341428,0.105824,0.146513,-0.706436,-0.684313,0.040005,1.630345,0.343214,0.089782,0.169239,-0.660802,-0.725699,0.087559,1.487355,0.334303,0.09521,0.082309,-0.647249,-0.751817,0.006896,1.550426,0.331167,0.124589,0.325755,-0.583645,-0.733294,0.04244,1.510215,0.326021,0.161509,0.305892,-0.588267,-0.73095,0.066399,1.46837,0.323608,0.025844,0.320938,-0.609928,-0.724099,0.021738,1.534945,0.329943,0.149789,0.362896,-0.582938,-0.711374,-0.007609,1.568166,0.334928,0.124589,0.325755,-0.583645,-0.733294,0.028616,1.587265,0.340999,0.060662,0.196766,-0.667528,-0.715549,0.057909,1.524705,0.335217,0.116153,0.18667,-0.642369,-0.734183,0.074547,1.470677,0.327283,0.09521,0.082309,-0.647249,-0.751817,0.040451,1.561816,0.339549,0.087299,0.213076,-0.654827,-0.719847,0.01874,1.61096,0.343417,0.060662,0.196766,-0.667528,-0.715549,0.158498,1.54164,0.323945,0.178189,-0.562338,-0.403076,-0.699682,0.1234,1.481265,0.321318,0.203783,-0.551323,-0.442615,-0.677205,0.142873,1.509605,0.321327,0.202509,-0.455925,-0.505471,-0.704004,0.175775,1.561001,0.326108,0.178189,-0.562338,-0.403076,-0.699682,1477,0.099218,1.438503,0.328117,0.09521,0.082309,-0.647249,-0.751817,23,Nummer5,Static,Right
83,84,0.029027,1.606639,-0.053026,0.99273,0.120061,-0.000818,-0.008461,0.086401,1.607853,0.335492,0.082859,0.088876,-0.701978,-0.701757,0.098202,1.543202,0.335317,0.089603,0.034325,-0.690173,-0.717255,0.111234,1.48097,0.325813,0.097505,0.079911,-0.646702,-0.752253,0.091266,1.582667,0.337121,0.072851,0.061293,-0.726591,-0.680443,0.080387,1.630731,0.336542,0.082859,0.088876,-0.701978,-0.701757,0.050262,1.6062,0.34032,0.09217,0.166996,-0.660216,-0.726451,0.076164,1.536346,0.340388,0.117691,0.130241,-0.686704,-0.705425,0.095231,1.474389,0.326286,0.097505,0.079911,-0.646702,-0.752253,0.060484,1.578939,0.34143,0.10836,0.14443,-0.70582,-0.684994,0.040236,1.630464,0.343384,0.09217,0.166996,-0.660216,-0.726451,0.087798,1.487502,0.334097,0.097505,0.079911,-0.646702,-0.752253,0.007154,1.550601,0.331533,0.126186,0.32293,-0.582947,-0.734825,0.042617,1.510351,0.326131,0.162935,0.303165,-0.58779,-0.732152,0.066573,1.468516,0.323534,0.027942,0.318607,-0.609581,-0.725342,0.021971,1.535105,0.330199,0.151271,0.360202,-0.582409,-0.712862,-0.007308,1.56835,0.335416,0.126186,0.32293,-0.582947,-0.734825,0.028835,1.587389,0.341087,0.063119,0.194852,-0.667508,-0.715878,0.058142,1.524841,0.335231,0.118395,0.184715,-0.642611,-0.734108,0.074745,1.470824,0.327155,0.097505,0.079911,-0.646702,-0.752253,0.040682,1.561948,0.339597,0.089665,0.211158,-0.654905,-0.72005,0.018952,1.611076,0.343549,0.063119,0.194852,-0.667508,-0.715878,0.158437,1.541954,0.323219,0.182003,-0.563966,-0.404365,-0.696639,0.123528,1.481464,0.320816,0.206672,-0.553161,-0.442154,-0.675129,0.142927,1.509854,0.320714,0.206084,-0.457623,-0.5055,-0.701841,0.175604,1.561429,0.325228,0.182003,-0.563966,-0.404365,-0.696639,1518,0.099432,1.438658,0.327805,0.097505,0.079911,-0.646702,-0.752253,23,Nummer5,Static,Right
84,85,0.028875,1.606582,-0.053308,0.992763,0.119807,-0.001911,-0.008066,0.086917,1.607669,0.334597,0.084987,0.087515,-0.701871,-0.701781,0.098791,1.543027,0.334463,0.091631,0.032981,-0.690801,-0.716456,0.111897,1.48072,0.325436,0.099592,0.078594,-0.649434,-0.74976,0.091818,1.582489,0.336204,0.075041,0.059988,-0.7264,-0.680524,0.080883,1.63054,0.335667,0.084987,0.087515,-0.701871,-0.701781,0.050657,1.605946,0.338872,0.09511,0.166615,-0.663629,-0.723042,0.076783,1.536179,0.33967,0.120321,0.12987,-0.690481,-0.701351,0.095905,1.474122,0.326003,0.099592,0.078594,-0.649434,-0.74976,0.060969,1.578731,0.340249,0.111134,0.144111,-0.709128,-0.68119,0.040559,1.630208,0.341708,0.09511,0.166615,-0.663629,-0.723042,0.088466,1.487304,0.333722,0.099592,0.078594,-0.649434,-0.74976,0.007739,1.550297,0.330818,0.128212,0.322004,-0.58707,-0.73159,0.043221,1.510023,0.325746,0.165476,0.301782,-0.590835,-0.729698,0.067231,1.468203,0.32339,0.030886,0.317586,-0.612159,-0.723496,0.022559,1.534792,0.329634,0.153641,0.359088,-0.586095,-0.709889,-0.006721,1.568088,0.334508,0.128212,0.322004,-0.58707,-0.73159,0.029357,1.587174,0.339797,0.065374,0.194467,-0.672029,-0.711538,0.058759,1.524607,0.334673,0.120692,0.183898,-0.646894,-0.730166,0.075412,1.470552,0.326962,0.099592,0.078594,-0.649434,-0.74976,0.041243,1.561736,0.338608,0.092102,0.210552,-0.659178,-0.71601,0.019441,1.610877,0.341958,0.065374,0.194467,-0.672029,-0.711538,0.159091,1.541676,0.322628,0.180097,-0.564106,-0.404977,-0.696666,0.124188,1.481172,0.320423,0.205512,-0.553101,-0.443939,-0.67436,0.143564,1.509577,0.320216,0.204701,-0.457662,-0.506763,-0.701309,0.176295,1.561122,0.324605,0.180097,-0.564106,-0.404977,-0.696666,1547,0.10015,1.438429,0.327774,0.099592,0.078594,-0.649434,-0.74976,23,Nummer5,Static,Right
85,86,0.028832,1.6065,-0.053525,0.992697,0.120279,-0.002918,-0.008745,0.086229,1.60763,0.333989,0.08672,0.088663,-0.703734,-0.699555,0.098367,1.543039,0.334131,0.09333,0.034023,-0.692132,-0.714903,0.11166,1.480764,0.325208,0.101157,0.079218,-0.650029,-0.748969,0.091234,1.582478,0.335719,0.0767,0.061181,-0.727946,-0.678578,0.080102,1.630482,0.334926,0.08672,0.088663,-0.703734,-0.699555,0.050013,1.605803,0.338466,0.096733,0.167447,-0.664293,-0.722025,0.076385,1.536131,0.339371,0.121992,0.130656,-0.690807,-0.700595,0.09569,1.474115,0.325809,0.101157,0.079218,-0.650029,-0.748969,0.060422,1.578628,0.33989,0.112767,0.144964,-0.709523,-0.680328,0.039834,1.630038,0.341242,0.096733,0.167447,-0.664293,-0.722025,0.088221,1.487282,0.333513,0.101157,0.079218,-0.650029,-0.748969,0.007309,1.550037,0.330453,0.129545,0.3227,-0.587969,-0.730326,0.042896,1.509838,0.325529,0.166905,0.302356,-0.591578,-0.728532,0.067038,1.468092,0.323238,0.032637,0.31823,-0.612372,-0.722956,0.022167,1.534564,0.329338,0.154958,0.359754,-0.58704,-0.708485,-0.007198,1.567804,0.334074,0.129545,0.3227,-0.587969,-0.730326,0.028753,1.58696,0.339353,0.067202,0.195523,-0.672606,-0.710532,0.058394,1.52449,0.334413,0.122462,0.184851,-0.647719,-0.728899,0.075215,1.470474,0.326798,0.101157,0.079218,-0.650029,-0.748969,0.040738,1.561565,0.338231,0.093945,0.21155,-0.659759,-0.71494,0.018745,1.61063,0.341454,0.067202,0.195523,-0.672606,-0.710532,0.158582,1.541911,0.322273,0.181488,-0.563611,-0.406577,-0.695774,0.123939,1.481253,0.32017,0.206892,-0.552539,-0.445543,-0.673341,0.143185,1.509745,0.319908,0.206107,-0.457012,-0.507998,-0.700428,0.175701,1.561435,0.324212,0.181488,-0.563611,-0.406577,-0.695774,1582,0.100057,1.438432,0.327655,0.101157,0.079218,-0.650029,-0.748969,23,Nummer5,Static,Right
86,87,0.028862,1.606435,-0.053697,0.992653,0.120637,-0.003196,-0.008775,0.086539,1.607583,0.33451,0.086726,0.088853,-0.703398,-0.699868,0.098694,1.542995,0.334599,0.09336,0.034213,-0.691761,-0.715249,0.111996,1.480765,0.325412,0.101186,0.07939,-0.648479,-0.750289,0.09155,1.582432,0.336227,0.076694,0.061383,-0.727754,-0.678767,0.080405,1.630432,0.335468,0.086726,0.088853,-0.703398,-0.699868,0.050353,1.605741,0.339182,0.09649,0.167439,-0.662693,-0.723528,0.076715,1.536061,0.339818,0.12175,0.130764,-0.689591,-0.701814,0.096028,1.474109,0.325994,0.101186,0.07939,-0.648479,-0.750289,0.06076,1.578558,0.340486,0.112563,0.14501,-0.708066,-0.681868,0.040179,1.629965,0.342069,0.09649,0.167439,-0.662693,-0.723528,0.088561,1.487239,0.333757,0.101186,0.07939,-0.648479,-0.750289,0.007602,1.549963,0.330935,0.129145,0.323344,-0.586784,-0.731064,0.043228,1.509816,0.325879,0.166712,0.302987,-0.59011,-0.729504,0.06738,1.468086,0.323411,0.032172,0.318262,-0.610857,-0.724243,0.022474,1.534507,0.329776,0.154548,0.360408,-0.585761,-0.709299,-0.006921,1.567709,0.334601,0.129145,0.323344,-0.586784,-0.731064,0.029037,1.586867,0.339967,0.067219,0.195863,-0.671065,-0.711893,0.058726,1.524436,0.334817,0.12237,0.185337,-0.646535,-0.729842,0.075558,1.470455,0.326978,0.101186,0.07939,-0.648479,-0.750289,0.041043,1.561487,0.338747,0.093897,0.211952,-0.658303,-0.716169,0.019008,1.610519,0.342168,0.067219,0.195863,-0.671065,-0.711893,0.158873,1.541954,0.3227,0.182878,-0.563361,-0.405038,-0.696509,0.12427,1.481281,0.320366,0.208436,-0.552152,-0.444311,-0.673997,0.143494,1.50979,0.320209,0.207419,-0.456633,-0.506585,-0.70131,0.175991,1.561472,0.324716,0.182878,-0.563361,-0.405038,-0.696509,1612,0.100407,1.438417,0.327697,0.101186,0.07939,-0.648479,-0.750289,23,Nummer5,Static,Right
87,88,0.028956,1.606383,-0.053971,0.99262,0.120934,-0.003563,-0.008261,0.087183,1.607458,0.333193,0.08719,0.084527,-0.705043,-0.69869,0.098984,1.542804,0.333532,0.093598,0.029876,-0.693495,-0.713731,0.111985,1.480492,0.324507,0.101898,0.075619,-0.649831,-0.749412,0.092066,1.582288,0.33499,0.077244,0.057066,-0.729181,-0.677549,0.081181,1.630346,0.334078,0.08719,0.084527,-0.705043,-0.69869,0.051003,1.605781,0.337556,0.096819,0.163818,-0.666751,-0.720578,0.077012,1.535976,0.338914,0.121854,0.1271,-0.694119,-0.697994,0.095996,1.473899,0.32522,0.101898,0.075619,-0.649831,-0.749412,0.061277,1.578561,0.3391,0.113004,0.141253,-0.711726,-0.678767,0.040964,1.630086,0.340225,0.096819,0.163818,-0.666751,-0.720578,0.088632,1.487085,0.332979,0.101898,0.075619,-0.649831,-0.749412,0.007746,1.549934,0.330714,0.131777,0.320042,-0.58674,-0.732082,0.043339,1.509806,0.325289,0.169858,0.299472,-0.588958,-0.731159,0.067314,1.467972,0.322841,0.0333,0.314781,-0.61283,-0.724047,0.02261,1.534481,0.329411,0.157477,0.357073,-0.584969,-0.710994,-0.00674,1.567688,0.334481,0.131777,0.320042,-0.58674,-0.732082,0.029469,1.586946,0.339055,0.068531,0.192738,-0.673071,-0.710726,0.058947,1.524401,0.334072,0.123537,0.182063,-0.648491,-0.728733,0.075522,1.470324,0.326348,0.101898,0.075619,-0.649831,-0.749412,0.041396,1.561526,0.337892,0.09526,0.20874,-0.660111,-0.715267,0.019522,1.610639,0.341183,0.068531,0.192738,-0.673071,-0.710726,0.159092,1.541483,0.321504,0.18098,-0.566178,-0.40201,-0.696475,0.124225,1.480946,0.319375,0.208272,-0.554493,-0.443863,-0.672418,0.143509,1.509413,0.319067,0.206315,-0.459502,-0.50474,-0.701092,0.176379,1.560856,0.323479,0.18098,-0.566178,-0.40201,-0.696475,1645,0.100253,1.438193,0.327044,0.101898,0.075619,-0.649831,-0.749412,23,Nummer5,Static,Right
88,89,0.029108,1.606365,-0.054058,0.992611,0.120988,-0.003725,-0.008469,0.087569,1.607176,0.334636,0.086551,0.084515,-0.702571,-0.701256,0.099309,1.54251,0.334512,0.093148,0.029893,-0.690961,-0.716242,0.112256,1.480271,0.324957,0.101334,0.075745,-0.646728,-0.752155,0.092428,1.581989,0.336251,0.076717,0.057004,-0.726754,-0.680216,0.081588,1.630063,0.335686,0.086551,0.084515,-0.702571,-0.701256,0.051405,1.6055,0.33908,0.095817,0.16372,-0.663634,-0.723606,0.077332,1.535655,0.33984,0.12098,0.127128,-0.691223,-0.701009,0.096262,1.473684,0.325622,0.101334,0.075745,-0.646728,-0.752155,0.061647,1.578255,0.340389,0.112092,0.141229,-0.708882,-0.681892,0.041394,1.629791,0.341969,0.095817,0.16372,-0.663634,-0.723606,0.088914,1.486805,0.333496,0.101334,0.075745,-0.646728,-0.752155,0.008088,1.549759,0.331664,0.130058,0.320454,-0.584153,-0.734275,0.043637,1.509624,0.326001,0.168024,0.300098,-0.586739,-0.733108,0.06758,1.467794,0.323202,0.031749,0.314635,-0.609929,-0.726624,0.022935,1.534298,0.330269,0.155502,0.357627,-0.582776,-0.712948,-0.006383,1.567498,0.335558,0.130058,0.320454,-0.584153,-0.734275,0.029834,1.586674,0.340271,0.067441,0.192843,-0.670586,-0.713147,0.059257,1.524134,0.334904,0.122361,0.182421,-0.646303,-0.730782,0.07579,1.470111,0.326727,0.101334,0.075745,-0.646728,-0.752155,0.041739,1.56125,0.338947,0.094039,0.208979,-0.657852,-0.717436,0.019905,1.610358,0.342567,0.067441,0.192843,-0.670586,-0.713147,0.159332,1.541294,0.322468,0.183883,-0.565295,-0.399416,-0.697923,0.124491,1.480764,0.319818,0.210837,-0.553583,-0.440913,-0.674306,0.143769,1.509236,0.319759,0.208605,-0.45855,-0.501836,-0.703119,0.176594,1.560673,0.324599,0.183883,-0.565295,-0.399416,-0.697923,1679,0.100496,1.437956,0.327152,0.101334,0.075745,-0.646728,-0.752155,23,Nummer5,Static,Right
89,90,0.029341,1.606317,-0.054285,0.99257,0.121323,-0.003737,-0.008447,0.087708,1.607797,0.332321,0.086687,0.085585,-0.71167,-0.691872,0.099556,1.543171,0.333771,0.092756,0.030802,-0.699193,-0.708221,0.112506,1.480892,0.324482,0.101076,0.075921,-0.648306,-0.750813,0.092604,1.582667,0.334588,0.076464,0.05815,-0.735337,-0.670859,0.081683,1.630692,0.332753,0.086687,0.085585,-0.71167,-0.691872,0.051685,1.606183,0.337463,0.095275,0.164424,-0.668236,-0.719269,0.077572,1.53634,0.339102,0.120285,0.12754,-0.695187,-0.697123,0.096511,1.47431,0.325155,0.101076,0.075921,-0.648306,-0.750813,0.061907,1.57895,0.339142,0.111337,0.141737,-0.713248,-0.677342,0.041676,1.630512,0.340017,0.095275,0.164424,-0.668236,-0.719269,0.089155,1.487464,0.332968,0.101076,0.075921,-0.648306,-0.750813,0.00832,1.550478,0.330192,0.128964,0.322777,-0.590033,-0.728728,0.04389,1.510258,0.32533,0.167384,0.301905,-0.591774,-0.72845,0.06783,1.468414,0.322727,0.031995,0.31494,-0.611432,-0.725218,0.023163,1.534985,0.329142,0.154792,0.359628,-0.588408,-0.707449,-0.006166,1.568285,0.333699,0.128964,0.322777,-0.590033,-0.728728,0.030048,1.587395,0.338659,0.066628,0.194414,-0.676092,-0.707576,0.059502,1.524802,0.334192,0.12206,0.183462,-0.65059,-0.726757,0.076037,1.470744,0.326252,0.101076,0.075921,-0.648306,-0.750813,0.041954,1.561955,0.337745,0.093551,0.210297,-0.662957,-0.712399,0.020115,1.611115,0.340542,0.066628,0.194414,-0.676092,-0.707576,0.159418,1.541984,0.322061,0.183615,-0.563699,-0.400813,-0.698483,0.124748,1.481362,0.319355,0.210327,-0.551969,-0.441968,-0.675098,0.143981,1.509865,0.319355,0.208634,-0.456622,-0.50363,-0.703082,0.176628,1.561404,0.32423,0.183615,-0.563699,-0.400813,-0.698483,1706,0.100738,1.438588,0.326835,0.101076,0.075921,-0.648306,-0.750813,23,Nummer5,Static,Right
90,91,0.029626,1.606266,-0.054548,0.992529,0.121636,-0.003804,-0.008717,0.088858,1.607458,0.333423,0.083567,0.085049,-0.71077,-0.693246,0.100368,1.542768,0.334709,0.089684,0.03035,-0.698259,-0.709556,0.112938,1.480392,0.325436,0.097308,0.075091,-0.648394,-0.751317,0.093616,1.582296,0.335632,0.073373,0.057525,-0.734618,-0.672045,0.08295,1.630382,0.33392,0.083567,0.085049,-0.71077,-0.693246,0.052985,1.606126,0.338195,0.091162,0.163201,-0.669175,-0.719208,0.078319,1.536083,0.339955,0.116207,0.126169,-0.696064,-0.697189,0.096894,1.473922,0.326031,0.097308,0.075091,-0.648394,-0.751317,0.062987,1.578815,0.339916,0.107328,0.140239,-0.714045,-0.677461,0.043158,1.630534,0.340702,0.091162,0.163201,-0.669175,-0.719208,0.089588,1.487134,0.333817,0.097308,0.075091,-0.648394,-0.751317,0.009185,1.550675,0.330959,0.125538,0.321777,-0.59029,-0.72956,0.044507,1.510245,0.326038,0.164064,0.300927,-0.591823,-0.729569,0.06817,1.46824,0.323481,0.028271,0.314156,-0.612228,-0.725041,0.023932,1.535093,0.329884,0.151514,0.358596,-0.58856,-0.708555,-0.005191,1.568568,0.334481,0.125538,0.321777,-0.59029,-0.72956,0.031223,1.587496,0.339421,0.06266,0.192841,-0.676193,-0.708272,0.060187,1.524673,0.334969,0.117916,0.182126,-0.651148,-0.727277,0.07638,1.47051,0.327038,0.097308,0.075091,-0.648394,-0.751317,0.042929,1.561963,0.338502,0.089501,0.208839,-0.66336,-0.712973,0.021472,1.611289,0.341327,0.06266,0.192841,-0.676193,-0.708272,0.160474,1.541039,0.323343,0.178939,-0.563923,-0.397249,-0.701545,0.125214,1.480766,0.320381,0.206363,-0.552215,-0.439725,-0.67758,0.144705,1.509093,0.320498,0.203845,-0.457252,-0.501125,-0.705863,0.1779,1.560249,0.325649,0.178939,-0.563923,-0.397249,-0.701545,1742,0.100858,1.438185,0.327679,0.097308,0.075091,-0.648394,-0.751317,23,Nummer5,Static,Right
91,92,0.029811,1.606279,-0.054599,0.992557,0.121385,-0.004125,-0.008941,0.089625,1.607614,0.333105,0.082361,0.086454,-0.710896,-0.693087,0.101152,1.542928,0.334434,0.088503,0.031785,-0.698423,-0.70948,0.113736,1.48055,0.32517,0.095997,0.076355,-0.648328,-0.751416,0.094384,1.582453,0.335332,0.072118,0.058896,-0.734742,-0.671926,0.083708,1.630535,0.333581,0.082361,0.086454,-0.710896,-0.693087,0.053746,1.606287,0.337786,0.090004,0.164526,-0.668861,-0.719344,0.079082,1.536246,0.339596,0.114928,0.127526,-0.696126,-0.697092,0.097688,1.474085,0.3257,0.095997,0.076355,-0.648328,-0.751416,0.063746,1.578976,0.339519,0.106044,0.141534,-0.713937,-0.677507,0.043906,1.630691,0.34029,0.090004,0.164526,-0.668861,-0.719344,0.090357,1.487298,0.333466,0.095997,0.076355,-0.648328,-0.751416,0.009963,1.550844,0.330397,0.124557,0.323065,-0.589973,-0.729416,0.045312,1.510429,0.325542,0.163043,0.302259,-0.591651,-0.729388,0.068969,1.468418,0.323041,0.026949,0.315356,-0.612087,-0.724689,0.024718,1.535268,0.329349,0.150501,0.359871,-0.588308,-0.708334,-0.00443,1.568728,0.333897,0.124557,0.323065,-0.589973,-0.729416,0.031993,1.587669,0.338946,0.061399,0.194033,-0.675844,-0.708391,0.060964,1.524846,0.334539,0.116653,0.1834,-0.651019,-0.727277,0.077167,1.470683,0.326629,0.095997,0.076355,-0.648328,-0.751416,0.043699,1.562135,0.338047,0.088192,0.210079,-0.66323,-0.712892,0.022237,1.61146,0.34085,0.061399,0.194033,-0.675844,-0.708391,0.161383,1.541132,0.323344,0.177395,-0.562849,-0.395948,-0.703532,0.126033,1.48092,0.320165,0.205448,-0.550992,-0.439687,-0.678877,0.145545,1.509232,0.320377,0.202225,-0.456179,-0.50038,-0.70755,0.178866,1.560276,0.325768,0.177395,-0.562849,-0.395948,-0.703532,1784,0.101631,1.438349,0.327335,0.095997,0.076355,-0.648328,-0.751416,23,Nummer5,Static,Right
92,93,0.030045,1.606262,-0.054816,0.992564,0.121292,-0.004514,-0.009183,0.087789,1.607447,0.332695,0.086128,0.089281,-0.715774,-0.687225,0.099915,1.542901,0.334925,0.092022,0.034428,-0.70275,-0.70462,0.112832,1.480608,0.325649,0.098878,0.077447,-0.648243,-0.751004,0.092781,1.582371,0.335322,0.075539,0.061933,-0.739786,-0.665713,0.081657,1.630317,0.332818,0.086128,0.089281,-0.715774,-0.687225,0.052142,1.605982,0.33836,0.092836,0.165789,-0.668737,-0.718809,0.077895,1.536094,0.340137,0.117816,0.128778,-0.695451,-0.697053,0.096824,1.474048,0.32623,0.098878,0.077447,-0.648243,-0.751004,0.062305,1.578732,0.340115,0.108746,0.142973,-0.713922,-0.676793,0.042162,1.63033,0.340852,0.092836,0.165789,-0.668737,-0.718809,0.089443,1.487208,0.334014,0.098878,0.077447,-0.648243,-0.751004,0.008624,1.550253,0.330952,0.127856,0.324615,-0.589245,-0.728744,0.044248,1.510071,0.326168,0.166048,0.303892,-0.591473,-0.728174,0.068145,1.468197,0.323645,0.029791,0.31639,-0.611368,-0.724734,0.023487,1.534778,0.329924,0.153612,0.361463,-0.587722,-0.70734,-0.005894,1.568037,0.334446,0.127856,0.324615,-0.589245,-0.728744,0.030475,1.587211,0.339736,0.064445,0.195211,-0.674744,-0.708845,0.059834,1.524585,0.335123,0.119895,0.184446,-0.649379,-0.72795,0.076336,1.470513,0.327215,0.098878,0.077447,-0.648243,-0.751004,0.042338,1.561752,0.338776,0.091225,0.211227,-0.662043,-0.713275,0.020575,1.610939,0.341695,0.064445,0.195211,-0.674744,-0.708845,0.159995,1.541549,0.323616,0.180716,-0.56252,-0.398186,-0.701684,0.125104,1.481061,0.320594,0.208659,-0.550498,-0.441684,-0.677,0.144396,1.509524,0.320722,0.205689,-0.455494,-0.502035,-0.705817,0.17733,1.560836,0.325965,0.180716,-0.56252,-0.398186,-0.701684,1810,0.100991,1.438322,0.327891,0.098878,0.077447,-0.648243,-0.751004,23,Nummer5,Static,Right
93,94,0.030219,1.606253,-0.054887,0.992527,0.121576,-0.004567,-0.00939,0.087872,1.607696,0.333602,0.085016,0.087038,-0.714407,-0.689072,0.099692,1.543082,0.335537,0.090964,0.032225,-0.70136,-0.706245,0.11246,1.480792,0.326112,0.098514,0.07633,-0.647579,-0.751739,0.092749,1.582584,0.336103,0.074579,0.05962,-0.738307,-0.667673,0.081851,1.630594,0.333837,0.085016,0.087038,-0.714407,-0.689072,0.052126,1.606286,0.339366,0.092105,0.164102,-0.667493,-0.720445,0.077666,1.536311,0.340769,0.117311,0.127096,-0.69404,-0.698852,0.09644,1.474262,0.326715,0.098514,0.07633,-0.647579,-0.751739,0.062209,1.578997,0.340964,0.10831,0.141234,-0.712377,-0.678853,0.042229,1.630656,0.341976,0.092105,0.164102,-0.667493,-0.720445,0.089106,1.487413,0.334542,0.098514,0.07633,-0.647579,-0.751739,0.008383,1.550612,0.331626,0.127058,0.324212,-0.589752,-0.728653,0.043946,1.510382,0.326803,0.165639,0.303326,-0.591289,-0.728652,0.067754,1.468464,0.32417,0.029214,0.315268,-0.61102,-0.725539,0.02322,1.535113,0.330595,0.152979,0.360998,-0.58796,-0.707518,-0.006102,1.568426,0.335104,0.127058,0.324212,-0.589752,-0.728653,0.030372,1.587536,0.340512,0.063663,0.194086,-0.675055,-0.708928,0.059575,1.524848,0.335761,0.119381,0.183245,-0.648774,-0.728877,0.075955,1.470756,0.327732,0.098514,0.07633,-0.647579,-0.751739,0.04217,1.562048,0.339515,0.090579,0.210055,-0.661921,-0.713815,0.020539,1.611291,0.342471,0.063663,0.194086,-0.675055,-0.708928,0.15973,1.541662,0.324036,0.180604,-0.563913,-0.396078,-0.701788,0.124716,1.481242,0.32102,0.209329,-0.551652,-0.440753,-0.67646,0.144034,1.509687,0.321117,0.205832,-0.456913,-0.500389,-0.706027,0.177142,1.560879,0.326388,0.180604,-0.563913,-0.396078,-0.701788,1846,0.100545,1.438515,0.328315,0.098514,0.07633,-0.647579,-0.751739,23,Nummer5,Static,Right
94,95,0.030577,1.606261,-0.054936,0.992555,0.121336,-0.004646,-0.009567,0.090284,1.607842,0.33071,0.082317,0.087364,-0.718119,-0.685491,0.10188,1.54321,0.3333,0.088042,0.032576,-0.704909,-0.703058,0.114531,1.48078,0.32445,0.09596,0.076935,-0.650677,-0.749328,0.095064,1.582737,0.333464,0.071754,0.059872,-0.7416,-0.664302,0.084337,1.630761,0.330689,0.082317,0.087364,-0.718119,-0.685491,0.05444,1.606552,0.335949,0.090041,0.165276,-0.672229,-0.71602,0.079806,1.536544,0.338466,0.114756,0.128127,-0.699347,-0.693778,0.098487,1.474307,0.324986,0.09596,0.076935,-0.650677,-0.749328,0.064448,1.579263,0.337966,0.10587,0.14218,-0.717222,-0.673921,0.044579,1.630972,0.338202,0.090041,0.165276,-0.672229,-0.71602,0.091127,1.487567,0.332654,0.09596,0.076935,-0.650677,-0.749328,0.010457,1.550825,0.329056,0.126514,0.325692,-0.592932,-0.7255,0.046079,1.510616,0.324513,0.166195,0.304204,-0.592537,-0.727144,0.069771,1.468608,0.322309,0.027664,0.31611,-0.614208,-0.722535,0.025307,1.535328,0.328175,0.153001,0.362161,-0.590207,-0.705044,-0.004041,1.568669,0.332316,0.126514,0.325692,-0.592932,-0.7255,0.032567,1.587864,0.337529,0.061908,0.195418,-0.678502,-0.705418,0.061706,1.5251,0.333447,0.117767,0.184373,-0.652104,-0.725877,0.077961,1.470901,0.325897,0.09596,0.076935,-0.650677,-0.749328,0.044332,1.562352,0.33681,0.089001,0.211266,-0.665266,-0.71054,0.022761,1.611651,0.33922,0.061908,0.195418,-0.678502,-0.705418,0.162211,1.541335,0.322441,0.174176,-0.562766,-0.396371,-0.704164,0.126841,1.481121,0.319474,0.203363,-0.550601,-0.441912,-0.678378,0.146348,1.509438,0.319581,0.199958,-0.455855,-0.502181,-0.707127,0.179766,1.560414,0.324856,0.174176,-0.562766,-0.396371,-0.704164,1869,0.102448,1.438591,0.326842,0.09596,0.076935,-0.650677,-0.749328,23,Nummer5,Static,Right
95,96,0.030736,1.606217,-0.054925,0.992542,0.121419,-0.004571,-0.00983,0.089794,1.60792,0.330935,0.084107,0.086209,-0.717453,-0.686116,0.101455,1.543292,0.333343,0.089888,0.031364,-0.70408,-0.70371,0.114114,1.480883,0.324475,0.097688,0.075651,-0.650831,-0.749102,0.094607,1.582813,0.333607,0.07366,0.058727,-0.740629,-0.665278,0.083829,1.630834,0.33097,0.084107,0.086209,-0.717453,-0.686116,0.05399,1.606592,0.335903,0.091545,0.16425,-0.673681,-0.7147,0.079409,1.53661,0.338607,0.116319,0.127036,-0.700455,-0.6926,0.098079,1.474394,0.325101,0.097688,0.075651,-0.650831,-0.749102,0.064022,1.579318,0.337992,0.107486,0.141139,-0.718285,-0.672751,0.044123,1.631017,0.338073,0.091545,0.16425,-0.673681,-0.7147,0.090752,1.487638,0.3328,0.097688,0.075651,-0.650831,-0.749102,0.009991,1.550795,0.329504,0.128224,0.324566,-0.592981,-0.725665,0.045649,1.510637,0.32482,0.168286,0.302884,-0.591891,-0.727741,0.069372,1.468648,0.322562,0.029429,0.314899,-0.614376,-0.722852,0.024854,1.535314,0.328584,0.154745,0.361045,-0.590112,-0.705314,-0.004515,1.568627,0.332796,0.128224,0.324566,-0.592981,-0.725665,0.03212,1.587904,0.337514,0.063358,0.194761,-0.680374,-0.703666,0.061299,1.525144,0.333675,0.119313,0.183478,-0.653553,-0.724548,0.077574,1.470953,0.326114,0.097688,0.075651,-0.650831,-0.749102,0.043902,1.562397,0.336909,0.090518,0.210508,-0.667017,-0.70893,0.022302,1.611694,0.33909,0.063358,0.194761,-0.680374,-0.703666,0.161636,1.541553,0.322034,0.175393,-0.564936,-0.396554,-0.702019,0.126388,1.48125,0.319418,0.205176,-0.552498,-0.442699,-0.675771,0.145818,1.509619,0.319333,0.201895,-0.457837,-0.50259,-0.705002,0.179188,1.560652,0.324312,0.175393,-0.564936,-0.396554,-0.702019,1902,0.102095,1.438666,0.326992,0.097688,0.075651,-0.650831,-0.749102,23,Nummer5,Static,Right
96,97,0.030788,1.606156,-0.054887,0.992517,0.121637,-0.004487,-0.009747,0.089793,1.607918,0.330938,0.084109,0.086206,-0.717454,-0.686115,0.101453,1.54329,0.333346,0.08989,0.031361,-0.70408,-0.70371,0.114112,1.480881,0.324478,0.09769,0.075647,-0.650828,-0.749104,0.094606,1.582811,0.33361,0.073662,0.058724,-0.74063,-0.665276,0.083828,1.630832,0.330973,0.084109,0.086206,-0.717454,-0.686115,0.053989,1.60659,0.335906,0.091546,0.164245,-0.673681,-0.714701,0.079407,1.536608,0.33861,0.11632,0.127031,-0.700454,-0.692602,0.098077,1.474392,0.325104,0.09769,0.075647,-0.650828,-0.749104,0.064021,1.579316,0.337995,0.107487,0.141135,-0.718285,-0.672752,0.044122,1.631015,0.338077,0.091546,0.164245,-0.673681,-0.714701,0.09075,1.487636,0.332802,0.09769,0.075647,-0.650828,-0.749104,0.009989,1.550793,0.329507,0.128223,0.324564,-0.592983,-0.725664,0.045647,1.510635,0.324823,0.168284,0.302883,-0.591894,-0.727739,0.06937,1.468647,0.322565,0.02943,0.314895,-0.614375,-0.722855,0.024853,1.535312,0.328587,0.154745,0.361043,-0.590115,-0.705313,-0.004516,1.568626,0.332799,0.128223,0.324564,-0.592983,-0.725664,0.032119,1.587902,0.337517,0.063358,0.194759,-0.680376,-0.703664,0.061297,1.525142,0.333678,0.119313,0.183475,-0.653556,-0.724546,0.077573,1.470951,0.326116,0.09769,0.075647,-0.650828,-0.749104,0.043901,1.562395,0.336911,0.090518,0.210506,-0.667019,-0.708928,0.022301,1.611692,0.339093,0.063358,0.194759,-0.680376,-0.703664,0.161634,1.541551,0.322036,0.175398,-0.56494,-0.396554,-0.702014,0.126386,1.481248,0.31942,0.20518,-0.552503,-0.442696,-0.675768,0.145816,1.509617,0.319335,0.201901,-0.457841,-0.502589,-0.704998,0.179186,1.56065,0.324313,0.175398,-0.56494,-0.396554,-0.702014,1930,0.102094,1.438664,0.326994,0.09769,0.075647,-0.650828,-0.749104,23,Nummer5,Static,Right
97,98,0.031167,1.606044,-0.054835,0.992486,0.121867,-0.00453,-0.009971,0.090714,1.606902,0.33067,0.085167,0.085101,-0.721604,-0.681757,0.102366,1.542304,0.33366,0.090783,0.030064,-0.706736,-0.700985,0.114851,1.479912,0.324514,0.098129,0.073618,-0.64947,-0.750426,0.095529,1.581828,0.33363,0.0746,0.057677,-0.744471,-0.660963,0.084752,1.629816,0.330433,0.085167,0.085101,-0.721604,-0.681757,0.055118,1.605695,0.336009,0.091267,0.162555,-0.675666,-0.713248,0.080328,1.53565,0.338992,0.116071,0.125207,-0.702045,-0.691364,0.098806,1.473452,0.325195,0.098129,0.073618,-0.64947,-0.750426,0.06507,1.578401,0.338216,0.107276,0.139346,-0.720033,-0.671288,0.045328,1.630161,0.338069,0.091267,0.162555,-0.675666,-0.713248,0.091547,1.486675,0.332976,0.098129,0.073618,-0.64947,-0.750426,0.010818,1.549949,0.33006,0.128368,0.323927,-0.592982,-0.725924,0.046459,1.509791,0.325257,0.168768,0.302116,-0.591255,-0.728465,0.070087,1.467762,0.322764,0.029428,0.312843,-0.613443,-0.724536,0.025675,1.534464,0.3291,0.155053,0.360358,-0.58975,-0.705901,-0.003672,1.567791,0.333371,0.128368,0.323927,-0.592982,-0.725924,0.033094,1.58705,0.337795,0.0635,0.193747,-0.681555,-0.70279,0.062175,1.524237,0.334096,0.119457,0.182369,-0.65458,-0.723877,0.078308,1.470038,0.32629,0.098129,0.073618,-0.64947,-0.750426,0.044836,1.561523,0.337252,0.09068,0.209457,-0.668179,-0.708126,0.023314,1.61086,0.33931,0.0635,0.193747,-0.681555,-0.70279,0.162389,1.540561,0.321917,0.177401,-0.566857,-0.395714,-0.700438,0.127095,1.480283,0.319388,0.20683,-0.554486,-0.441016,-0.674738,0.146552,1.508634,0.319254,0.203863,-0.459859,-0.501272,-0.704057,0.179938,1.559673,0.324111,0.177401,-0.566857,-0.395714,-0.700438,1964,0.102767,1.437699,0.326961,0.098129,0.073618,-0.64947,-0.750426,23,Nummer5,Static,Right
98,99,0.031518,1.605969,-0.054665,0.992445,0.122162,-0.004307,-0.010521,0.090275,1.607332,0.331124,0.086563,0.084618,-0.722846,-0.680324,0.102014,1.54276,0.334324,0.092086,0.029526,-0.707923,-0.699639,0.114566,1.480392,0.325144,0.099614,0.073083,-0.649339,-0.750397,0.095127,1.582275,0.334161,0.075978,0.057233,-0.74553,-0.659649,0.084283,1.630238,0.330806,0.086563,0.084618,-0.722846,-0.680324,0.054791,1.606102,0.33637,0.092035,0.161905,-0.677554,-0.711503,0.080001,1.536073,0.339717,0.116738,0.124525,-0.704026,-0.689357,0.098533,1.473906,0.325876,0.099614,0.073083,-0.649339,-0.750397,0.064745,1.578819,0.338704,0.10805,0.138653,-0.721687,-0.669529,0.045005,1.630579,0.338307,0.092035,0.161905,-0.677554,-0.711503,0.09128,1.487114,0.333679,0.099614,0.073083,-0.649339,-0.750397,0.010328,1.550206,0.330561,0.129951,0.32557,-0.594835,-0.723387,0.046135,1.510158,0.32608,0.170457,0.303561,-0.592939,-0.726099,0.069821,1.468166,0.323529,0.030863,0.312321,-0.613217,-0.724892,0.025245,1.534771,0.329737,0.156731,0.361879,-0.591477,-0.703302,-0.004236,1.568014,0.333722,0.129951,0.32557,-0.594835,-0.723387,0.032668,1.587426,0.337994,0.064493,0.194427,-0.684524,-0.699618,0.061852,1.52463,0.334873,0.120474,0.182779,-0.657562,-0.720895,0.078049,1.470455,0.327031,0.099614,0.073083,-0.649339,-0.750397,0.04445,1.561914,0.337694,0.091734,0.210019,-0.671237,-0.704924,0.022848,1.611233,0.339288,0.064493,0.194427,-0.684524,-0.699618,0.16203,1.541107,0.322347,0.177936,-0.568108,-0.395128,-0.699619,0.126791,1.480788,0.319974,0.208095,-0.555466,-0.44145,-0.673258,0.146191,1.509176,0.319739,0.20482,-0.461003,-0.500979,-0.703239,0.179598,1.560207,0.324491,0.177936,-0.568108,-0.395128,-0.699619,1998,0.102559,1.438154,0.327641,0.099614,0.073083,-0.649339,-0.750397,23,Nummer5,Static,Right
